DelayToEnqueue	DeltaEnqueue	QueueDelay	DeltaDequeue	FrameSize	Buffer	RemotePort	LocalPort
-474	0	15	0	302609	0	57311	48001
-351	156	15	156	302762	0	57310	48000

157	392	16	393	302852	0	57314	48004
312	203	16	203	302933	0	57312	48002
439	94	16	94	303122	0	57313	48003
321	16	15	15	302807	0	57310	48000

1051	797	15	797	302960	0	57314	48004
1030	78	15	78	302906	0	57311	48001
1360	297	15	297	302690	0	57312	48002
1455	62	16	63	303023	0	57313	48003

1652	297	16	297	303302	0	57314	48004
2445	626	15	625	302609	0	57310	48000
2339	160	16	161	303293	0	57311	48001
2351	47	16	47	303023	0	57314	48004
2482	31	16	31	302843	0	57313	48003

2497	47	16	47	302519	0	57312	48002
3179	816	15	815	303158	0	57312	48002
3278	66	15	66	302744	0	57313	48003
3306	94	15	94	303455	0	57311	48001

3288	16	16	17	303284	0	57314	48004
3848	627	15	626	303527	0	57312	48002
3922	140	16	141	303104	0	57314	48004
4132	110	16	110	303041	0	57313	48003

4285	219	15	218	303347	0	57311	48001
4512	328	15	328	302879	0	57312	48002
4764	219	15	219	303086	0	57313	48003

5227	563	16	564	302879	0	57314	48004
5308	47	15	46	303122	0	57311	48001
5414	172	15	172	302798	0	57313	48003
5443	62	16	63	303167	0	57312	48002

5983	641	16	641	303077	0	57313	48003
6095	78	16	78	303185	0	57314	48004
6222	94	15	93	303383	0	57311	48001
6278	156	16	157	303068	0	57312	48002

6833	656	16	656	303383	0	57313	48003
6993	125	16	125	303356	0	57314	48004
6958	32	15	31	303347	0	57312	48002
7105	47	15	47	303365	0	57311	48001

7653	781	16	782	303248	0	57312	48002
7795	110	15	109	303194	0	57313	48003
7843	15	16	16	303779	0	57314	48004
7972	94	16	94	303410	0	57311	48001

8539	801	0	785	302627	0	57312	48002
8637	31	16	47	303347	0	57314	48004
8667	63	16	63	302798	0	57313	48003
8910	344	15	343	302627	0	57310	48000
9124	47	15	47	303329	0	57311	48001
9204	281	15	281	303725	0	57310	48000

9437	266	15	266	303284	0	57310	48000
9643	239	15	239	303572	0	57310	48000
9844	234	16	235	303419	0	57310	48000
10060	250	16	250	304121	0	57310	48000
10266	239	15	238	303482	0	57310	48000

10468	235	16	236	303905	0	57310	48000
10668	234	16	234	303158	0	57310	48000
10885	250	16	250	303284	0	57310	48000
11088	235	16	235	303248	0	57310	48000

11305	251	15	250	303338	0	57310	48000
11508	236	16	237	303419	0	57310	48000
11711	237	16	237	303149	0	57310	48000
11928	250	16	250	302987	0	57310	48000

12129	234	16	234	303401	0	57310	48000
12329	235	15	234	302897	0	57310	48000
12546	250	16	251	302996	0	57310	48000
12751	237	15	236	303554	0	57310	48000
12953	236	15	236	303113	0	57310	48000

13202	282	16	283	302888	0	57310	48000
13374	205	15	204	302366	0	57310	48000
13574	234	16	235	303077	0	57310	48000
13776	235	15	234	302618	0	57310	48000

13993	250	15	250	302780	0	57310	48000
14208	250	15	250	302600	0	57310	48000
14413	237	15	237	302690	0	57310	48000
14613	234	16	235	302870	0	57310	48000

14877	297	16	297	303212	0	57310	48000
15032	188	15	187	303023	0	57310	48000
15233	235	15	235	302762	0	57310	48000
15434	235	16	236	302942	0	57310	48000

15636	235	15	234	302771	0	57310	48000
15853	250	15	250	303347	0	57310	48000
16069	250	16	251	303464	0	57310	48000
16302	266	16	266	303032	0	57310	48000

16503	234	16	234	303086	0	57310	48000
16709	240	15	239	303059	0	57310	48000
16910	234	16	235	302933	0	57310	48000
17127	250	16	250	303248	0	57310	48000
17328	234	16	234	302735	0	57310	48000

17545	250	16	250	303212	0	57310	48000
17747	235	15	234	303383	0	57310	48000
17999	286	15	286	302411	0	57310	48000
18169	203	16	204	302897	0	57310	48000

18370	234	16	234	303185	0	57310	48000
18571	235	15	234	302951	0	57310	48000
18787	250	15	250	303293	0	57310	48000
18989	234	16	235	303428	0	57310	48000

19194	239	15	238	302708	0	57310	48000
19411	250	15	250	302807	0	57310	48000
19612	234	16	235	303293	0	57310	48000
19828	250	16	250	303041	0	57310	48000

20030	235	15	234	302852	0	57310	48000
20230	234	16	235	303068	0	57310	48000
20449	252	15	251	302888	0	57310	48000
20646	234	16	235	302951	0	57310	48000

20866	250	16	250	302510	0	57310	48000
21067	235	15	234	302357	0	57310	48000
21268	234	16	235	302600	0	57310	48000
21475	239	16	239	302762	0	57310	48000
21691	250	16	250	302825	0	57310	48000

21893	235	15	234	303239	0	57310	48000
22110	250	15	250	303401	0	57310	48000
22312	236	16	237	303329	0	57310	48000
22578	299	15	298	302996	0	57310	48000

22732	187	16	188	303545	0	57310	48000
22933	235	15	234	302609	0	57310	48000
23138	238	15	238	302933	0	57310	48000
23342	237	15	237	303113	0	57310	48000

23557	250	15	250	303302	0	57310	48000
23761	237	15	237	303131	0	57310	48000
23962	234	16	235	302780	0	57310	48000
24165	237	16	237	302681	0	57310	48000

24385	252	16	252	302942	0	57310	48000
24635	284	16	284	302627	0	57310	48000
24789	188	16	188	303086	0	57310	48000
25010	253	16	253	302897	0	57310	48000
25211	234	16	234	302888	0	57310	48000

25411	235	15	234	303086	0	57310	48000
25629	250	16	251	303275	0	57310	48000
25829	234	16	234	302852	0	57310	48000
26033	237	16	237	302762	0	57310	48000

26251	251	15	250	302897	0	57310	48000
26451	234	16	235	303473	0	57310	48000
26668	251	16	251	302546	0	57310	48000
26870	234	16	234	303068	0	57310	48000

27071	235	15	234	302555	0	57310	48000
27287	250	15	250	303338	0	57310	48000
27489	234	16	235	303131	0	57310	48000
27737	282	15	281	302978	0	57310	48000

27906	203	15	203	303203	0	57310	48000
28107	234	16	235	303311	0	57310	48000
28309	235	15	234	302834	0	57310	48000
28526	250	15	250	303239	0	57310	48000

28727	234	16	235	302780	0	57310	48000
28927	234	16	234	302987	0	57310	48000
29143	250	16	250	302627	0	57310	48000
29348	238	16	238	303221	0	57310	48000
29565	250	16	250	303518	0	57310	48000

29766	235	15	234	303311	0	57310	48000
29970	237	15	237	303122	0	57310	48000
30187	250	15	250	303140	0	57310	48000
30387	234	16	235	302735	0	57310	48000

30589	234	16	234	303122	0	57310	48000
30809	253	15	252	302951	0	57310	48000
31008	234	16	235	302933	0	57310	48000
31225	250	16	250	303122	0	57310	48000

31433	240	15	239	303329	0	57310	48000
31635	236	15	236	303014	0	57310	48000
31837	235	16	236	303032	0	57310	48000
32040	236	16	236	302321	0	57310	48000

32257	251	15	250	303230	0	57310	48000
32463	239	15	239	303464	0	57310	48000
32665	235	16	236	302843	0	57310	48000
32866	235	16	235	303194	0	57310	48000

33083	250	16	250	302645	0	57310	48000
33284	234	16	234	303149	0	57310	48000
33500	250	16	250	302753	0	57310	48000
33702	235	15	234	303167	0	57310	48000
33907	238	15	238	303536	0	57310	48000

34122	250	16	251	302852	0	57310	48000
34325	235	15	234	302627	0	57310	48000
34525	234	16	235	302753	0	57310	48000
34725	234	16	234	302519	0	57310	48000

34943	250	16	250	303239	0	57310	48000
35148	238	16	238	302609	0	57310	48000
35348	235	15	234	302915	0	57310	48000
35565	250	15	250	303059	0	57310	48000

35766	234	16	235	302591	0	57310	48000
35982	250	16	250	303086	0	57310	48000
36184	235	15	234	303095	0	57310	48000
36389	238	16	239	302771	0	57310	48000
36591	235	15	234	302537	0	57310	48000

36808	250	15	250	302906	0	57310	48000
37013	238	16	239	302690	0	57310	48000
37216	237	15	236	302672	0	57310	48000
37433	250	15	250	302663	0	57310	48000

37637	237	16	238	303095	0	57310	48000
37853	250	16	250	303014	0	57310	48000
38054	235	15	234	302582	0	57310	48000
38272	250	15	250	302807	0	57310	48000

38474	236	15	236	302438	0	57310	48000
38677	236	15	236	302744	0	57310	48000
38893	250	15	250	302699	0	57310	48000
39096	237	16	238	303041	0	57310	48000

39298	235	15	234	302681	0	57310	48000
39562	297	15	297	303050	0	57310	48000
39716	187	16	188	302825	0	57310	48000
39934	251	16	251	303104	0	57310	48000

40136	235	15	234	302573	0	57310	48000
40336	234	16	235	302546	0	57310	48000
40538	235	15	234	302708	0	57310	48000
40755	250	15	250	302582	0	57310	48000
40955	234	15	234	303239	0	57310	48000

41160	238	16	239	303239	0	57310	48000
41378	251	16	251	303149	0	57310	48000
41580	236	16	236	302906	0	57310	48000
41797	250	16	250	302645	0	57310	48000

42002	238	16	238	302303	0	57310	48000
42218	251	16	251	302996	0	57310	48000
42423	237	15	236	302789	0	57310	48000
42626	236	15	236	302690	0	57310	48000

42826	234	16	235	303041	0	57310	48000
43036	243	11	238	302357	0	57310	48000
43233	231	16	236	302429	0	57310	48000
43449	250	16	250	302753	0	57310	48000

43652	235	15	234	302663	0	57310	48000
43868	250	15	250	302456	0	57310	48000
44073	239	12	236	302582	0	57310	48000
44287	246	16	250	302438	0	57310	48000

44490	237	16	237	302933	0	57310	48000
44694	237	15	236	302555	0	57310	48000
44910	250	15	250	302591	0	57310	48000
45112	234	16	235	302753	0	57310	48000

45312	235	15	234	302708	0	57310	48000
45544	265	16	266	302870	0	57310	48000
45795	284	15	283	303104	0	57310	48000
45964	203	15	203	303005	0	57310	48000
46165	234	16	235	303005	0	57310	48000

46382	250	16	250	303086	0	57310	48000
46597	250	16	250	303572	0	57310	48000
46786	221	16	221	303104	0	57310	48000
47004	251	15	250	302726	0	57310	48000

47204	234	16	235	302438	0	57310	48000
47421	250	16	250	302879	0	57310	48000
47623	234	16	234	303122	0	57310	48000
47826	237	16	237	303005	0	57310	48000

48043	250	16	250	303383	0	57310	48000
48245	235	15	234	302861	0	57310	48000
48445	235	15	235	302897	0	57310	48000
48663	250	15	250	303230	0	57310	48000

48867	237	15	237	303248	0	57310	48000
49084	251	16	252	303077	0	57310	48000
49285	234	16	234	302924	0	57310	48000
49487	235	16	235	302654	0	57310	48000

49702	250	15	249	302843	0	57310	48000
49904	234	16	235	302915	0	57310	48000
50106	235	15	234	302447	0	57310	48000
50321	250	15	250	302510	0	57310	48000
50523	234	16	235	302834	0	57310	48000

50724	234	16	234	303248	0	57310	48000
50940	250	16	250	303662	0	57310	48000
51142	235	15	234	303455	0	57310	48000
51359	250	15	250	303365	0	57310	48000

51559	234	16	235	303158	0	57310	48000
51776	250	16	250	302780	0	57310	48000
51977	235	15	234	303149	0	57310	48000
52181	237	15	237	303212	0	57310	48000

52382	234	16	235	303131	0	57310	48000
52599	250	16	250	303275	0	57310	48000
52797	234	16	234	302933	0	57310	48000
53016	250	16	250	303140	0	57310	48000

53218	235	15	234	302933	0	57310	48000
53434	250	16	251	302780	0	57310	48000
53635	234	16	234	303167	0	57310	48000
53838	237	16	237	302555	0	57310	48000
54038	234	16	234	303167	0	57310	48000

54256	250	16	250	303203	0	57310	48000
54457	235	15	234	303221	0	57310	48000
54660	236	15	236	302825	0	57310	48000
54877	250	15	250	302708	0	57310	48000

55079	236	16	237	302681	0	57310	48000
55296	250	16	250	302582	0	57310	48000
55497	235	15	234	303059	0	57310	48000
55698	234	16	235	302816	0	57310	48000

55916	252	16	252	302537	0	57310	48000
56119	235	15	234	302744	0	57310	48000
56336	250	0	235	302978	0	57310	48000
56525	223	16	239	302438	0	57310	48000

56743	251	15	250	302744	0	57310	48000
56947	237	16	238	302582	0	57310	48000
57147	234	16	234	302339	0	57310	48000
57353	239	15	238	302492	0	57310	48000
57556	236	14	235	302447	0	57310	48000

57771	249	15	250	303338	0	57310	48000
57988	250	15	250	302978	0	57310	48000
58188	234	16	235	302978	0	57310	48000
58390	235	15	234	303329	0	57310	48000

58607	250	15	250	303491	0	57310	48000
58808	234	16	235	303014	0	57310	48000
59024	250	16	250	303158	0	57310	48000
59229	238	14	236	303626	0	57310	48000

59430	234	16	236	302771	0	57310	48000
59633	237	15	236	303257	0	57310	48000
59851	251	15	251	303284	0	57310	48000
60052	234	16	235	303428	0	57310	48000

60268	250	16	250	303356	0	57310	48000
60469	234	16	234	303050	0	57310	48000
60670	235	15	234	303329	0	57310	48000
60887	250	15	250	303464	0	57310	48000

61087	234	16	235	303401	0	57310	48000
61304	250	16	250	303023	0	57310	48000
61505	235	15	234	303050	0	57310	48000

62175	703	15	703	302987	0	57310	48000
62113	237	16	238	302789	0	57314	48004
62111	31	16	31	303221	0	57313	48003
62486	442	15	441	302852	0	57311	48001

62688	235	16	236	302978	0	57314	48004
62770	16	15	15	302420	0	57312	48002
62779	109	16	110	303050	0	57313	48003
63444	766	0	750	302105	0	57314	48004

63575	63	15	78	302843	0	57312	48002
63539	64	15	64	302600	0	57313	48003
63684	78	16	79	302933	0	57311	48001
64039	455	16	455	302879	0	57312	48002

64396	424	16	424	302996	0	57314	48004
64501	172	16	172	303473	0	57312	48002
64581	47	16	47	303437	0	57313	48003
64710	62	16	62	303428	0	57311	48001

65180	704	15	703	302987	0	57312	48002
65339	125	15	125	303581	0	57313	48003
65500	95	16	96	303176	0	57311	48001
65577	110	15	109	303374	0	57314	48004
66016	538	15	538	303122	0	57311	48001

66071	156	16	157	302960	0	57312	48002
66481	344	16	344	303518	0	57314	48004
66444	62	16	62	303572	0	57311	48001
66651	141	16	141	303122	0	57313	48003

67068	516	15	515	302960	0	57314	48004
67343	375	16	376	303212	0	57311	48001
67470	94	16	94	303581	0	57312	48002
67520	16	15	15	303203	0	57313	48003

68029	609	16	610	303122	0	57314	48004
68105	110	15	109	303482	0	57313	48003
68305	266	16	267	303878	0	57311	48001
68543	205	16	205	303500	0	57312	48002
68490	47	16	47	303671	0	57313	48003

68960	437	16	437	303356	0	57314	48004
69157	297	16	297	303644	0	57311	48001
69254	63	15	62	303734	0	57312	48002
69531	377	15	377	303554	0	57313	48003

69798	234	16	235	303365	0	57314	48004
69856	125	16	125	303536	0	57312	48002
70323	500	16	500	303554	0	57311	48001
70347	125	16	125	303572	0	57312	48002

70570	156	16	156	303419	0	57314	48004
70744	208	16	208	303347	0	57313	48003
70912	234	16	234	303077	0	57311	48001
71301	422	16	422	303374	0	57314	48004

71547	313	15	312	302933	0	57312	48002
71783	203	16	204	303194	1	57313	48003
71716	0	31	15	302852	0	57311	48001
71777	94	0	63	302996	0	57314	48004

72332	687	16	703	303446	0	57314	48004
72587	156	16	156	303419	0	57313	48003
72663	110	16	110	303284	1	57312	48002
72630	0	31	15	303176	0	57311	48001

73190	626	16	611	303428	0	57313	48003
73231	141	16	141	303563	0	57314	48004
73626	328	16	328	303293	0	57312	48002
73640	47	16	47	303095	0	57311	48001
73667	94	15	93	302924	0	57313	48003

74404	770	15	770	303230	0	57312	48002
74430	93	16	94	303212	0	57314	48004
74428	32	15	31	302906	0	57313	48003
74510	15	16	16	303140	0	57311	48001

75174	797	16	797	303014	0	57311	48001
75223	16	15	15	303239	0	57312	48002
75235	78	15	78	302708	0	57314	48004
75514	313	15	313	303446	0	57313	48003

75965	517	16	518	303221	0	57311	48001
76072	142	16	142	303536	0	57314	48004
76156	16	15	15	302717	0	57312	48002
76087	31	16	32	303500	0	57313	48003

76735	782	15	781	302915	0	57313	48003
76893	125	16	126	303464	0	57314	48004
76977	16	15	15	303176	0	57312	48002
76988	46	16	47	303419	0	57311	48001

117590	735	15	734	302915	0	57311	48001
117619	62	16	63	302969	0	57314	48004
117811	126	16	126	302978	0	57312	48002
117743	32	16	32	303284	0	57313	48003

118460	816	16	816	303302	0	57314	48004
118604	78	16	78	303509	0	57312	48002
118619	47	16	47	303077	0	57311	48001
118740	188	15	187	303473	0	57313	48003
119239	532	16	533	303491	0	57312	48002

119391	219	16	219	303392	0	57314	48004
119452	94	15	93	302987	0	57313	48003
119549	31	16	32	303185	0	57311	48001
120066	617	15	616	303383	0	57312	48002

120283	250	15	250	303050	0	57311	48001
120359	109	16	110	302888	0	57314	48004
120591	266	15	265	303383	0	57313	48003
120900	343	16	344	302726	0	57312	48002
120944	110	15	109	303401	0	57314	48004

121026	48	16	49	303131	0	57311	48001
121596	675	16	675	303284	0	57312	48002
121629	62	16	62	303140	0	57311	48001
121728	32	15	31	303320	0	57313	48003
121846	218	16	219	303140	0	57314	48004

122309	563	16	563	303401	0	57311	48001
122432	156	16	156	303401	0	57314	48004
122579	47	16	47	302708	0	57313	48003
122623	78	16	78	302960	0	57312	48002

123199	676	16	676	303491	0	57313	48003
123305	172	16	172	303365	0	57311	48001
123381	110	16	110	303698	0	57314	48004
123589	141	15	140	303356	0	57312	48002

123645	156	16	157	303239	0	57313	48003
124185	674	15	673	303527	0	57313	48003
124425	140	16	141	302879	0	57312	48002
124439	47	16	47	303446	0	57311	48001
124437	31	16	31	303491	0	57314	48004

125129	860	15	859	303572	1	57313	48003
125197	0	31	16	303824	0	57311	48001
125276	47	15	31	303356	0	57312	48002
125303	93	16	94	303662	0	57314	48004

125861	658	15	657	303590	0	57311	48001
125966	171	16	172	303338	0	57313	48003
126061	63	15	62	303446	1	57314	48004
126129	0	31	16	303356	0	57312	48002

126678	750	16	735	303176	0	57314	48004
126807	62	16	62	303446	0	57312	48002
126786	79	15	78	303545	0	57313	48003
127064	312	16	313	303698	0	57312	48002
127180	16	15	15	303617	0	57311	48001

127494	546	16	547	303518	0	57312	48002
127793	266	16	266	303248	0	57313	48003
127874	47	16	47	303644	0	57314	48004

128157	250	16	250	303761	0	57311	48001
128520	596	16	596	303365	0	57312	48002
128757	172	15	171	303464	0	57314	48004
128739	15	16	16	303473	0	57313	48003

129327	520	16	520	303365	0	57311	48001

129958	831	16	831	303338	0	57313	48003
130022	31	16	31	303293	0	57314	48004
130002	47	16	47	303158	0	57312	48002
130227	125	16	125	303113	0	57311	48001

130900	875	16	875	303500	0	57313	48003
130885	16	15	15	303032	0	57312	48002
130966	15	16	16	303221	0	57314	48004
131110	110	15	109	303797	0	57311	48001

131626	750	15	750	303293	0	57312	48002
131834	174	15	174	303473	0	57313	48003
131915	15	16	16	303644	0	57311	48001
131991	110	15	109	303338	0	57314	48004

132417	625	15	625	303446	0	57312	48002
132766	250	15	250	303401	0	57311	48001
132765	31	15	31	303581	1	57314	48004
132732	0	31	16	303014	0	57313	48003

133409	844	15	828	303617	1	57312	48002
133476	0	31	16	303194	0	57314	48004
133571	62	16	47	303347	0	57311	48001
133754	250	16	250	303545	0	57313	48003
134079	391	15	390	303374	0	57311	48001
134154	109	16	110	302744	0	57314	48004

134730	609	16	609	303059	0	57313	48003
134885	188	16	188	302798	1	57312	48002
134818	0	31	15	302915	0	57314	48004
134915	64	16	49	303653	0	57311	48001

135317	469	16	469	303581	0	57313	48003
135675	391	16	391	303041	0	57312	48002
135780	172	16	172	303167	0	57314	48004

136020	206	16	206	303284	1	57311	48001
135952	0	31	15	303617	0	57313	48003
136264	344	16	329	303698	0	57312	48002
136726	562	16	562	302780	0	57313	48003

136817	125	16	125	303212	0	57312	48002
136950	32	15	31	303221	0	57311	48001
136977	62	16	63	303104	0	57314	48004
137738	860	16	860	303041	0	57311	48001
137653	16	16	16	303077	1	57312	48002

137687	0	31	15	302771	0	57313	48003
137861	141	0	110	303167	0	57314	48004
138276	515	16	531	302798	0	57311	48001
138571	328	16	328	303122	0	57314	48004

138601	63	16	63	302924	0	57313	48003
139006	438	16	438	302807	0	57312	48002
139140	235	15	234	303527	0	57313	48003
139254	46	16	47	303041	0	57311	48001
139345	125	16	125	303176	0	57314	48004

139968	689	15	688	303248	0	57312	48002
139948	47	15	47	303266	0	57314	48004
140012	31	15	31	303176	0	57311	48001
140211	265	16	266	303302	0	57313	48003

140549	438	16	438	303104	0	57314	48004
140865	250	16	250	302636	0	57312	48002
140847	16	16	16	303365	0	57311	48001
140936	156	16	156	303419	0	57313	48003

141701	797	16	797	303167	0	57312	48002
141731	63	15	62	302771	0	57311	48001
141679	15	16	16	303122	0	57313	48003
141727	16	16	16	302627	0	57314	48004

142342	781	16	781	302762	0	57313	48003
142489	47	16	47	302816	0	57312	48002
142534	78	16	78	303527	0	57311	48001
142610	110	15	109	303311	0	57314	48004

143245	703	15	703	303176	0	57312	48002
143286	140	16	141	302708	0	57313	48003
143352	32	15	31	303131	0	57314	48004
143463	78	15	78	303104	0	57311	48001

144036	672	15	672	303104	0	57312	48002
144125	156	16	157	303086	0	57314	48004
144190	31	16	31	302888	0	57311	48001
144467	344	16	344	303293	0	57313	48003

144839	406	16	406	302870	0	57312	48002
144915	110	15	109	303176	0	57311	48001
144976	93	16	94	302771	0	57314	48004
145567	625	16	625	303365	0	57313	48003

145561	94	16	94	303113	0	57314	48004
145641	47	16	47	303545	0	57311	48001
145736	62	16	62	303410	0	57312	48002
146261	625	17	626	302924	0	57313	48003

146589	360	15	358	303014	0	57312	48002
146540	19	12	16	303545	0	57314	48004
146665	90	16	94	303176	0	57311	48001
146957	360	15	359	303158	0	57313	48003
147050	125	15	125	303572	0	57312	48002

147514	531	16	532	303365	0	57314	48004
147641	94	15	93	303473	0	57311	48001
147649	109	16	110	303446	0	57312	48002
147980	297	16	297	303266	0	57313	48003

148352	438	15	437	303257	1	57311	48001
148319	0	31	16	303482	0	57314	48004
148522	269	16	254	303752	0	57312	48002
148868	314	15	313	303572	0	57313	48003
149049	281	16	282	303284	1	57314	48004
149083	0	31	15	303824	0	57311	48001

149671	688	15	672	303851	0	57312	48002
149730	93	16	94	303563	0	57311	48001
149744	47	16	47	303527	0	57314	48004
149860	16	16	16	302987	0	57313	48003

150289	662	16	662	303230	0	57314	48004
150561	172	16	172	303230	0	57313	48003
150715	188	15	187	303554	0	57312	48002
150776	94	15	94	303527	0	57311	48001

151177	468	16	469	303698	0	57313	48003
151359	282	15	281	303383	0	57314	48004
151518	93	16	94	303455	0	57312	48002

151801	315	15	314	303482	0	57311	48001
151965	265	16	266	303248	0	57312	48002
152015	16	15	15	303212	0	57313	48003
152523	609	16	610	302987	0	57314	48004
152519	63	15	62	303293	0	57312	48002

152712	93	16	94	303689	0	57311	48001
152943	297	16	297	302987	0	57313	48003
153314	438	16	438	303167	0	57311	48001
153359	78	16	78	303338	0	57314	48004

153511	219	16	219	303302	0	57312	48002
153841	297	16	297	303077	0	57313	48003
154115	375	16	375	302933	0	57314	48004
154212	62	16	62	302987	0	57311	48001

154334	222	16	222	303149	0	57312	48002
154602	235	15	234	303023	0	57313	48003
155054	551	16	552	303113	0	57314	48004
155181	94	15	93	303113	0	57311	48001

155252	172	15	172	303023	0	57312	48002
155411	125	15	125	303140	0	57313	48003
61655	78	15	78	287993	0	57310	48000
61998	375	15	375	288650	0	57310	48000
62262	297	15	297	288866	0	57310	48000

62446	218	16	219	288695	0	57310	48000
62650	237	16	237	288371	0	57310	48000
62850	234	16	234	288110	0	57310	48000
63035	219	16	219	288182	0	57310	48000

63224	222	15	221	288011	0	57310	48000
63428	237	16	238	287840	0	57310	48000
63630	236	15	235	287345	0	57310	48000
63819	220	15	220	286967	0	57310	48000
64005	220	16	221	286472	0	57310	48000

64205	234	16	234	286337	0	57310	48000
64407	235	15	234	286040	0	57310	48000
64644	269	16	270	285941	0	57310	48000
64828	219	16	219	285689	0	57310	48000

65030	235	15	234	285392	0	57310	48000
65215	218	16	219	284789	0	57310	48000
65417	236	16	236	285203	0	57310	48000
65605	221	15	220	284663	0	57310	48000
65806	234	16	235	285131	0	57310	48000

66006	234	16	234	285239	0	57310	48000
66192	219	16	219	284987	0	57310	48000
66378	219	16	219	284897	0	57310	48000
66581	237	16	237	285014	0	57310	48000

66767	219	15	218	284969	0	57310	48000
66971	237	15	237	285320	0	57310	48000
67156	219	15	219	285194	0	57310	48000
67357	234	15	234	285392	0	57310	48000
67543	219	15	219	285608	0	57310	48000

67743	234	16	235	285212	0	57310	48000
67945	235	15	234	285608	0	57310	48000
68125	218	16	219	285842	0	57310	48000
68320	224	15	223	285923	0	57310	48000

68521	234	16	235	285527	0	57310	48000
68710	222	16	222	285410	0	57310	48000
68894	219	16	219	285797	0	57310	48000
69096	235	15	234	286031	0	57310	48000
69281	218	16	219	285698	0	57310	48000

69483	235	15	234	285545	0	57310	48000
69684	234	16	235	285977	0	57310	48000
69872	221	15	220	285653	0	57310	48000
70056	218	16	219	286103	0	57310	48000

70258	235	15	234	286202	0	57310	48000
70459	234	16	235	286346	0	57310	48000
70644	219	15	218	285752	0	57310	48000
70833	222	16	223	285797	0	57310	48000

71037	237	15	236	284870	0	57310	48000
71222	219	16	220	284420	0	57310	48000
71408	219	15	218	283421	0	57310	48000
71609	234	16	235	283124	0	57310	48000
71794	219	16	219	282818	0	57310	48000

71996	235	16	235	282782	0	57310	48000
72182	219	16	219	282764	0	57310	48000
72370	222	15	221	283115	0	57310	48000
72558	220	16	221	283097	0	57310	48000

72760	236	16	236	283331	0	57310	48000
72946	220	16	220	283493	0	57310	48000
73133	220	15	219	283700	0	57310	48000
73334	234	16	235	284204	0	57310	48000
73521	222	16	222	284681	0	57310	48000

73711	222	15	221	284618	0	57310	48000
73912	234	16	235	284978	0	57310	48000
74097	219	16	219	285590	0	57310	48000
74299	235	15	234	285860	0	57310	48000
74500	234	16	235	285545	0	57310	48000

74685	219	15	218	286301	0	57310	48000
74886	234	16	235	286427	0	57310	48000
75071	219	15	218	286202	0	57310	48000
115271	234	16	235	286841	0	57310	48000

115459	221	16	221	286625	0	57310	48000
115662	235	15	234	286931	0	57310	48000
115846	218	16	219	287210	0	57310	48000
116048	235	15	234	287255	0	57310	48000
116249	234	16	235	287561	0	57310	48000

116450	235	15	234	287957	0	57310	48000
116636	219	15	219	288245	0	57310	48000
116825	222	16	223	288623	0	57310	48000
117028	237	16	237	288785	0	57310	48000

117231	235	15	234	288947	0	57310	48000
117415	218	16	219	289550	0	57310	48000
117615	235	15	234	289919	0	57310	48000
117816	234	16	235	290378	0	57310	48000

118003	219	15	218	290540	0	57310	48000
118202	234	16	235	290702	0	57310	48000
118404	235	15	234	290927	0	57310	48000
118606	234	16	235	291071	0	57310	48000
118805	234	16	234	291089	0	57310	48000

118991	219	16	219	291035	0	57310	48000
119193	235	15	234	291926	0	57310	48000
119393	234	16	235	291773	0	57310	48000
119595	234	16	234	292133	0	57310	48000

119796	235	15	234	291908	0	57310	48000
119997	234	16	235	291917	0	57310	48000
120198	234	16	234	292700	0	57310	48000
120400	235	15	234	293744	0	57310	48000

120616	250	16	251	295085	0	57310	48000
120896	313	15	312	296120	0	57310	48000
121128	265	16	266	297875	0	57310	48000
121344	250	16	250	299081	0	57310	48000

121546	235	15	234	301124	0	57310	48000
121763	250	15	250	302753	0	57310	48000
121963	234	16	235	305066	0	57310	48000
122164	234	16	234	308351	0	57310	48000

122381	250	16	250	312212	0	57310	48000
122601	255	16	255	316352	0	57310	48000
122836	268	16	268	320186	0	57310	48000
123054	250	16	250	324182	0	57310	48000

123286	266	15	265	327269	0	57310	48000
123503	250	15	250	328718	0	57310	48000
123736	265	16	266	328664	0	57310	48000
123967	266	15	265	327053	0	57310	48000

124184	250	15	250	326756	0	57310	48000
124416	265	16	266	327179	0	57310	48000
124648	266	0	250	329186	0	57310	48000
124870	255	16	271	332633	0	57310	48000

125103	266	15	265	336521	0	57310	48000
125337	268	16	269	341723	0	57310	48000
125587	284	16	284	348059	0	57310	48000
125837	282	15	281	354053	0	57310	48000

126087	285	16	286	359480	0	57310	48000
126340	285	14	283	364808	0	57310	48000
126602	295	16	297	368903	0	57310	48000

126865	297	16	297	373547	0	57310	48000
127129	297	15	296	377084	0	57310	48000
127395	299	16	300	381494	0	57310	48000
127673	312	16	312	385319	0	57310	48000

127956	316	15	315	389729	0	57310	48000
128237	314	16	315	394373	0	57310	48000
128515	312	16	312	399143	0	57310	48000

128810	329	15	328	404012	0	57310	48000
129106	328	15	328	408620	0	57310	48000
129400	328	15	328	412580	0	57310	48000

129695	328	16	329	416918	0	57310	48000
129990	328	16	328	421229	0	57310	48000
130299	344	16	344	424658	0	57310	48000

130597	330	16	330	428789	0	57310	48000
130946	382	13	379	431867	0	57310	48000
131255	343	15	345	436115	0	57310	48000

131581	359	16	360	439562	0	57310	48000
131896	348	16	348	440633	0	57310	48000
132209	347	15	346	439193	0	57310	48000

132536	360	15	360	437033	0	57310	48000
132846	343	16	344	434684	0	57310	48000
133155	344	16	344	431480	0	57310	48000

133470	347	16	347	427871	0	57310	48000
133782	345	16	345	423569	0	57310	48000
134079	331	16	331	419582	0	57310	48000

134373	328	16	328	416351	0	57310	48000
134669	328	16	328	412229	0	57310	48000
134964	329	15	328	410654	0	57310	48000

135306	375	15	375	409844	0	57310	48000
135554	281	15	281	408863	0	57310	48000
135832	312	16	313	407621	0	57310	48000

136128	329	15	328	406298	0	57310	48000
136425	330	16	331	406811	0	57310	48000
136704	313	15	312	407279	0	57310	48000

137002	331	16	332	407081	0	57310	48000
137282	313	15	312	406460	0	57310	48000
137623	375	15	375	406550	0	57310	48000

137872	283	15	283	406406	0	57310	48000
138168	328	16	329	406685	0	57310	48000
138463	329	15	328	407900	0	57310	48000

138742	313	15	313	408755	0	57310	48000
139038	329	16	330	409934	0	57310	48000
139335	331	16	331	411446	0	57310	48000

139630	328	16	328	412742	0	57310	48000
139913	316	16	316	414209	0	57310	48000
140211	331	15	330	415685	0	57310	48000

140522	345	0	330	416180	0	57310	48000
140817	328	16	344	416585	0	57310	48000
141111	328	16	328	416054	0	57310	48000
141406	328	16	328	415154	0	57310	48000

141701	328	16	328	412823	0	57310	48000
141996	329	15	328	410258	0	57310	48000
142291	328	15	328	407495	0	57310	48000

142571	313	16	314	404390	0	57310	48000
142866	328	16	328	401474	0	57310	48000
143149	316	16	316	398972	0	57310	48000

143429	313	16	313	396317	0	57310	48000
143708	313	15	312	394247	0	57310	48000
143987	312	16	313	392159	0	57310	48000

144267	313	15	312	389954	0	57310	48000
144530	297	15	297	388424	0	57310	48000
144809	312	16	313	387245	0	57310	48000

145091	315	16	315	386201	0	57310	48000
145354	297	16	297	385508	0	57310	48000
145623	302	15	301	384437	0	57310	48000
145901	312	16	313	384032	0	57310	48000

146164	297	16	297	383627	0	57310	48000
146476	344	15	343	382556	0	57310	48000
146712	269	16	270	382934	0	57310	48000

146990	313	15	312	382349	0	57310	48000
147253	296	16	297	381899	0	57310	48000
147518	298	16	298	382124	0	57310	48000

147797	313	16	313	382547	0	57310	48000
148061	297	16	297	381953	0	57310	48000
148326	297	15	296	381800	0	57310	48000
148604	312	16	313	381845	0	57310	48000

148871	300	16	300	381863	0	57310	48000
149135	297	15	296	381737	0	57310	48000
149398	297	15	297	381557	0	57310	48000

149679	314	16	315	381656	0	57310	48000
149943	297	15	296	381593	0	57310	48000
150221	312	16	313	381134	0	57310	48000
150484	297	16	297	381305	0	57310	48000

150749	297	16	297	381089	0	57310	48000
151028	313	15	312	381197	0	57310	48000
151323	328	15	328	381161	0	57310	48000

151555	265	16	266	380684	0	57310	48000
151832	313	15	312	380711	0	57310	48000
152098	297	15	297	380828	0	57310	48000
152361	297	15	297	380423	0	57310	48000

152639	312	16	313	380351	0	57310	48000
152903	297	16	297	380477	0	57310	48000
153168	297	15	296	380252	0	57310	48000

153431	297	15	297	380090	0	57310	48000
153710	312	16	313	380297	0	57310	48000
153974	297	16	297	380171	0	57310	48000

154237	297	16	297	380594	0	57310	48000
154516	312	16	312	379919	0	57310	48000
154780	297	16	297	380216	0	57310	48000
155044	300	16	300	379397	0	57310	48000

155312	299	16	299	379352	0	57310	48000
155592	313	378	675	379505	1	57310	48000
155873	316	78	16	379415	0	57310	48000
156141	300	0	222	379352	0	57310	48000
156405	297	15	312	379352	0	57310	48000
156668	297	15	297	379676	0	57310	48000

156930	296	16	297	379730	0	57310	48000
157211	314	15	313	379352	0	57310	48000
157474	297	15	297	379343	0	57310	48000

157769	328	15	328	379397	0	57310	48000
158034	297	15	297	379136	0	57310	48000
158297	297	15	297	378875	0	57310	48000
158577	313	15	313	379190	0	57310	48000

158841	297	15	297	378866	0	57310	48000
159103	296	16	297	378956	0	57310	48000
159367	297	16	297	378983	0	57310	48000

159631	297	16	297	378857	0	57310	48000
159909	313	15	312	378965	0	57310	48000
160174	297	15	297	379181	0	57310	48000
160437	296	16	297	379091	0	57310	48000

160716	313	16	313	379703	0	57310	48000
160980	297	15	296	379829	0	57310	48000
161244	297	15	297	380180	0	57310	48000

161506	297	15	297	379982	0	57310	48000
161786	312	16	313	380270	0	57310	48000
162050	297	16	297	380378	0	57310	48000

162312	297	15	296	380108	0	57310	48000
162591	312	16	313	380189	0	57310	48000
162856	297	16	297	380288	0	57310	48000
163119	297	16	297	380576	0	57310	48000

163383	297	16	297	380603	0	57310	48000

164397	1047	15	1046	380630	0	57310	48000
71364	234	16	235	364835	0	57314	48004
71566	235	15	234	365033	0	57313	48003
71578	46	16	47	365078	0	57312	48002
71576	32	15	31	364880	0	57311	48001

72106	562	16	563	364988	0	57314	48004
72508	469	16	469	365024	0	57312	48002

72706	266	15	265	364826	0	57314	48004
72772	31	15	31	364898	1	57311	48001
72838	0	31	16	364853	0	57313	48003

73672	1000	15	984	364394	0	57312	48002
73667	62	16	63	364268	0	57314	48004
73814	47	0	31	365033	0	57313	48003
73982	235	15	250	364682	0	57311	48001
74428	546	16	547	365060	0	57312	48002

74728	266	16	266	364547	0	57313	48003
74722	94	15	93	365024	0	57314	48004
115161	406	16	407	364871	0	57311	48001

115342	281	16	281	364619	0	57312	48002
115469	94	16	94	364736	0	57313	48003
116059	656	16	656	364403	0	57311	48001

116333	375	16	375	364538	0	57312	48002
116491	125	16	125	364475	0	57313	48003
116618	94	16	94	364772	0	57314	48004
116800	281	16	281	364538	0	57311	48001

117469	735	15	734	364538	0	57313	48003
117513	78	15	78	364925	0	57312	48002
117674	94	15	94	364646	0	57314	48004
117668	93	16	94	365249	0	57311	48001

118520	953	16	953	364583	0	57312	48002
118504	16	16	16	364862	0	57311	48001
118647	78	16	78	364592	0	57313	48003
118759	78	16	78	364502	0	57314	48004

119610	985	15	984	364826	0	57314	48004
119603	93	16	94	364763	0	57311	48001
119717	47	16	47	364727	0	57313	48003

120012	328	16	328	364844	0	57312	48002
120195	250	16	250	364682	0	57314	48004
120694	532	15	531	364484	0	57313	48003

121002	375	15	375	364367	0	57311	48001
121031	62	16	63	364223	0	57314	48004
121253	157	15	156	364511	0	57312	48002
121387	234	16	235	364313	0	57313	48003

122145	891	15	890	364556	0	57313	48003
122209	31	15	31	364322	0	57314	48004
122308	31	16	32	364250	0	57312	48002
122369	94	15	93	364376	0	57311	48001

123128	859	16	860	364286	0	57312	48002
123296	235	15	234	364736	0	57314	48004
123341	78	15	78	364601	0	57313	48003
123469	62	16	63	364628	0	57311	48001

123963	594	16	594	364547	0	57312	48002

124462	531	16	531	364484	0	57311	48001
124472	78	16	78	364295	0	57313	48003
124522	16	16	16	364565	0	57314	48004
125096	641	15	640	364547	0	57312	48002

125278	250	15	250	364916	0	57314	48004
125355	109	16	110	364457	0	57313	48003
125594	172	15	171	364565	0	57311	48001
125869	375	15	375	364772	0	57312	48002

126521	719	15	719	364358	0	57314	48004
126518	31	15	31	364601	0	57313	48003
126694	109	16	110	364367	0	57311	48001
126625	31	16	31	364394	0	57312	48002

127342	750	16	750	364673	0	57311	48001
127747	438	16	438	364295	0	57314	48004
127913	234	16	234	363971	0	57312	48002

128040	94	16	94	364277	0	57313	48003
128069	94	15	93	364250	0	57311	48001
128487	453	16	454	364232	0	57314	48004

128876	422	15	421	364403	0	57313	48003
129516	672	15	672	364448	1	57312	48002
129481	0	31	16	364376	0	57311	48001
129573	156	16	141	364277	0	57313	48003
129700	94	15	93	364232	0	57314	48004

130412	812	16	813	364691	0	57311	48001
130500	156	16	156	364682	0	57313	48003

130675	141	16	141	364061	0	57314	48004
130772	31	16	31	364601	0	57312	48002
131525	953	16	953	364304	0	57314	48004

131586	94	0	78	364223	0	57313	48003
131841	188	15	203	364502	0	57311	48001
131889	15	16	16	364520	0	57312	48002
132328	672	16	672	364241	0	57313	48003

132454	94	16	94	364241	0	57314	48004
132879	359	16	359	364466	0	57312	48002
132926	79	15	78	364367	0	57311	48001

133522	796	16	797	364556	0	57313	48003
133825	204	15	203	364115	0	57312	48002
133791	31	15	31	364430	0	57314	48004
134057	234	16	235	364853	0	57311	48001

134348	391	15	390	364268	0	57312	48002
134874	625	15	625	364529	0	57313	48003
135078	172	15	172	364115	0	57314	48004
135106	93	16	94	363827	0	57312	48002
135222	16	16	16	364331	0	57311	48001

135946	891	15	890	364025	0	57314	48004
135954	78	15	78	364088	0	57312	48002

136085	94	15	94	364034	0	57313	48003
136291	140	16	141	364043	0	57311	48001

137016	891	15	890	364241	0	57314	48004
137080	31	16	32	364160	0	57311	48001
137341	328	16	328	364115	0	57313	48003
137620	313	15	312	364313	0	57312	48002

137916	328	15	328	364772	0	57311	48001
138351	469	15	469	364880	0	57314	48004
138411	93	16	94	364718	0	57313	48003
138487	110	15	109	364619	0	57312	48002

138844	390	16	391	364493	0	57311	48001
139353	610	15	609	364691	0	57312	48002
139434	47	15	47	364466	0	57313	48003
139514	46	16	47	364664	0	57314	48004

139711	297	16	297	364241	0	57311	48001
140460	782	15	781	364637	0	57314	48004
140375	15	16	16	364673	0	57311	48001

140676	235	15	234	364772	0	57313	48003
140658	15	16	16	365033	0	57312	48002
141497	906	16	906	364529	0	57314	48004
141413	16	16	16	364727	0	57311	48001

141558	78	16	78	364502	0	57313	48003
142010	485	15	484	365114	0	57312	48002
142175	265	16	266	364475	0	57313	48003
142224	16	15	15	364871	0	57314	48004

143007	953	16	954	364430	0	57313	48003
143106	62	16	62	364538	0	57314	48004
143188	16	16	16	364322	0	57312	48002
143186	31	16	31	364124	0	57311	48001

144116	1063	15	1062	364286	0	57311	48001
144113	31	16	32	364448	0	57314	48004
144195	16	15	15	364457	0	57312	48002

144314	218	16	219	363512	0	57313	48003
144886	672	16	672	363881	0	57314	48004
145047	94	16	94	364151	0	57312	48002

145216	203	16	203	364142	0	57311	48001
145572	422	16	422	364349	0	57313	48003
145943	406	16	406	364583	0	57312	48002

146160	282	15	281	364421	0	57314	48004
146412	218	16	219	364223	0	57311	48001
146501	157	15	156	364349	0	57313	48003
146561	93	16	94	364358	0	57312	48002

147163	735	15	734	364106	0	57312	48002
147258	62	16	63	364205	0	57313	48003
147463	172	16	172	364295	0	57314	48004
147669	172	16	172	364349	0	57311	48001

148357	922	16	922	363737	0	57312	48002
148598	141	15	140	364241	0	57311	48001
148580	15	16	16	363917	0	57314	48004

148874	328	16	328	364358	0	57313	48003
149168	360	15	359	364430	0	57311	48001

149603	468	16	469	364403	0	57314	48004
149788	219	16	219	363809	0	57313	48003
150302	547	16	547	364052	0	57312	48002
150316	47	16	47	364124	0	57311	48001
150407	125	16	125	364241	0	57314	48004

150545	172	15	171	364070	0	57313	48003
151210	797	15	797	363719	0	57313	48003

151382	140	0	125	363827	0	57314	48004
151482	32	15	47	363935	0	57312	48002
151494	46	0	31	363755	0	57311	48001
152123	829	15	844	363575	0	57313	48003

152407	250	15	250	363773	0	57314	48004
152488	15	16	16	363719	0	57312	48002
152519	63	15	62	363485	0	57311	48001

153130	812	16	813	363791	0	57313	48003
153308	78	16	78	364016	0	57312	48002
153432	157	15	156	363665	0	57311	48001
153894	562	16	563	363899	0	57312	48002
153991	31	16	31	363656	0	57314	48004

154344	453	16	453	363449	0	57311	48001
154619	375	16	375	364124	0	57312	48002
154888	235	0	219	363053	0	57313	48003
155015	94	15	109	363098	0	57314	48004

155133	218	16	219	366275	0	57311	48001
155845	813	15	812	380801	0	57312	48002

156032	219	15	219	392681	1	57311	48001
156097	0	31	16	374366	0	57313	48003
156162	31	15	15	369551	0	57314	48004

157166	1203	16	1204	407684	0	57312	48002
157245	47	15	46	410843	0	57313	48003
157309	31	16	32	403058	0	57314	48004
157241	31	16	31	406730	0	57311	48001

158108	1000	16	1000	396659	0	57311	48001
158349	141	16	141	406748	0	57314	48004
158548	266	15	265	399611	0	57312	48002
158613	31	15	31	403607	0	57313	48003

159388	875	15	875	392024	0	57314	48004

159522	234	0	219	386921	0	57311	48001
159665	78	16	94	389342	0	57313	48003
159914	282	15	281	388055	0	57312	48002
160096	250	15	250	385751	0	57314	48004

160735	671	16	672	384770	0	57313	48003
160969	266	16	266	383924	0	57312	48002
161091	156	16	156	383357	0	57311	48001
161090	32	15	31	383357	0	57314	48004

161832	875	15	875	382790	0	57314	48004
161946	15	16	16	382907	0	57313	48003
162115	235	15	234	382250	0	57311	48001
162161	15	16	16	382493	0	57312	48002

162829	766	16	766	382115	0	57313	48003
163155	359	16	359	382493	0	57312	48002

163263	141	16	141	382223	0	57311	48001
163588	359	16	359	382322	0	57314	48004
163790	235	15	234	382367	0	57313	48003
163913	156	16	157	382664	0	57312	48002

164576	797	15	796	383780	0	57312	48002
164658	15	16	16	383447	0	57314	48004
164754	63	16	63	382808	0	57311	48001
164938	250	16	250	383780	0	57313	48003

165746	875	16	875	384500	0	57311	48001
165760	47	15	46	384239	0	57314	48004
165739	47	15	47	385121	0	57312	48002

166287	515	16	516	384473	0	57313	48003
166300	78	16	78	384914	0	57311	48001

166891	625	16	625	385148	0	57314	48004
167185	360	15	359	384995	0	57312	48002
167291	140	16	141	385256	0	57311	48001
167468	110	15	109	384941	0	57313	48003

167915	547	15	547	385265	0	57314	48004
168253	406	16	407	385463	0	57312	48002
208475	187	16	187	385436	0	57313	48003
208533	125	16	125	385616	0	57311	48001

209204	704	15	703	385598	0	57314	48004
209480	343	16	344	385409	0	57312	48002

209494	47	16	47	385346	0	57311	48001
209576	16	15	15	385076	0	57313	48003
210351	875	15	875	385481	0	57314	48004

210441	156	16	157	385445	0	57312	48002
210485	78	16	78	385157	0	57311	48001
210693	141	15	140	385472	0	57313	48003
211124	531	16	532	385373	0	57314	48004

211632	609	16	609	385436	0	57311	48001
211713	47	16	47	385328	0	57312	48002
211741	94	16	94	385337	0	57314	48004
212029	188	15	187	385193	0	57313	48003

212684	890	16	891	385121	0	57314	48004
212909	125	16	125	385508	0	57313	48003

213203	360	15	359	385598	0	57311	48001
213298	62	16	63	385499	0	57312	48002
213479	281	16	281	385175	0	57313	48003

214304	891	16	891	385265	0	57311	48001
214316	78	16	78	384995	0	57313	48003
214432	16	15	15	385427	0	57312	48002
214662	297	15	297	385364	0	57314	48004

215047	453	15	453	385130	0	57312	48002
215499	484	16	485	385112	0	57311	48001

215837	438	15	437	385031	0	57312	48002
215885	15	16	16	384851	0	57313	48003
215966	47	0	31	384851	0	57314	48004
216581	750	16	766	384734	0	57314	48004
216725	109	16	109	384662	0	57311	48001

217015	391	16	391	384293	0	57312	48002
217220	172	16	172	384689	0	57313	48003

217698	578	16	578	384311	0	57314	48004
217762	31	16	31	384527	0	57311	48001
114857	328	16	328	371441	0	57310	48000
218447	422	16	422	384554	0	57313	48003
218429	16	16	16	384653	0	57312	48002
115204	109	16	109	370532	0	57310	48000

115201	297	16	297	370883	0	57310	48000
115466	297	16	297	370928	0	57310	48000
115758	360	15	359	371558	0	57310	48000

115489	296	16	297	371486	0	57310	48000
115752	297	16	297	371540	0	57310	48000
115983	297	16	297	371927	0	57310	48000

116146	297	16	297	371468	0	57310	48000
116210	297	16	297	372116	0	57310	48000
116424	281	16	281	371972	0	57310	48000
116636	313	15	312	371882	0	57310	48000

116501	297	15	297	371297	0	57310	48000
116015	281	15	281	371090	0	57310	48000
115711	297	15	297	370748	0	57310	48000

115809	297	15	297	371432	0	57310	48000
115939	296	16	297	371468	0	57310	48000
76169	297	16	297	370766	0	57310	48000
75984	282	15	281	371432	0	57310	48000

76263	312	16	313	371414	0	57310	48000
75911	281	16	281	371423	0	57310	48000
75041	297	16	297	370937	0	57310	48000

75186	313	15	312	370775	0	57310	48000
75082	328	15	328	371018	0	57310	48000
75246	297	15	297	369515	0	57310	48000

75276	297	15	297	369434	0	57310	48000
75505	296	16	297	369812	0	57310	48000
75769	297	16	297	370064	0	57310	48000
75584	282	15	281	371504	0	57310	48000

75745	328	15	328	371261	0	57310	48000
75260	281	16	282	369866	0	57310	48000
75324	297	15	296	368156	0	57310	48000

75187	297	15	297	367985	0	57310	48000
75351	297	15	297	368633	0	57310	48000
75499	281	15	281	369398	0	57310	48000
75762	297	15	297	369821	0	57310	48000

76041	312	16	313	370433	0	57310	48000
76171	297	16	297	371234	0	57310	48000
76019	281	16	281	370649	0	57310	48000

74849	297	16	297	370982	0	57310	48000
74880	297	16	297	371558	0	57310	48000
74676	297	16	297	371054	0	57310	48000

74840	297	15	296	371054	0	57310	48000
75003	297	15	297	371189	0	57310	48000
74833	297	15	297	370280	0	57310	48000
75113	312	16	313	370532	0	57310	48000

75342	297	16	297	370154	0	57310	48000
75024	281	16	281	370298	0	57310	48000
75221	297	16	297	370253	0	57310	48000

75184	297	16	297	370856	0	57310	48000
75464	312	16	312	371027	0	57310	48000
75627	297	16	297	371315	0	57310	48000
75309	282	15	281	371000	0	57310	48000

74952	343	16	344	371486	0	57310	48000
75083	297	16	297	370694	0	57310	48000
74897	281	16	281	371387	0	57310	48000

75160	297	16	297	370712	0	57310	48000
75407	313	15	312	370811	0	57310	48000
75471	297	15	297	371063	0	57310	48000

75533	297	15	297	370631	0	57310	48000
75582	281	15	281	370793	0	57310	48000
75612	297	15	297	371225	0	57310	48000
75709	297	15	297	371279	0	57310	48000

75972	296	16	297	371054	0	57310	48000
75469	297	16	297	371171	0	57310	48000
75780	344	16	344	370559	0	57310	48000

75795	281	16	281	370550	0	57310	48000
76023	297	16	297	370361	0	57310	48000
76255	297	16	297	370325	0	57310	48000
76218	297	16	297	370802	0	57310	48000

76347	297	16	297	370865	0	57310	48000
76611	297	15	296	371036	0	57310	48000
76575	297	15	297	370379	0	57310	48000

76773	297	15	297	370541	0	57310	48000
76584	312	16	313	370928	0	57310	48000
76266	281	16	281	371063	0	57310	48000

76429	297	16	297	371360	0	57310	48000
76527	297	16	297	371315	0	57310	48000
76708	281	16	281	370487	0	57310	48000
76705	297	16	297	370838	0	57310	48000

76467	297	16	297	370910	0	57310	48000
76566	297	16	297	371099	0	57310	48000
76328	297	15	296	371252	0	57310	48000

76093	297	0	282	371018	0	57310	48000
76274	281	16	297	371162	0	57310	48000
76437	297	15	296	371495	0	57310	48000
76567	297	15	297	371531	0	57310	48000

76730	297	15	297	371720	0	57310	48000
76795	296	16	297	371648	0	57310	48000
76724	297	16	297	370928	0	57310	48000

75773	282	15	281	371018	0	57310	48000
76036	296	16	297	371189	0	57310	48000
76199	297	16	297	370703	0	57310	48000
76463	297	16	297	371126	0	57310	48000

76193	297	16	297	370793	0	57310	48000
76257	297	16	297	371189	0	57310	48000
75771	281	16	281	372017	0	57310	48000

75802	297	16	297	371648	0	57310	48000
75699	297	16	297	371459	0	57310	48000
75877	312	16	312	371180	0	57310	48000
75859	282	15	281	371333	0	57310	48000

74890	297	15	297	371837	0	57310	48000
74718	296	16	297	373322	0	57310	48000
74949	297	16	297	373484	0	57310	48000

74713	297	16	297	371774	0	57310	48000
74943	297	16	297	371702	0	57310	48000
74640	297	16	297	372566	0	57310	48000

74871	297	15	296	372485	0	57310	48000
75133	297	15	297	372116	0	57310	48000
75115	281	16	282	371738	0	57310	48000
75178	297	15	296	371531	0	57310	48000

75109	297	15	297	371423	0	57310	48000
75373	297	15	297	371306	0	57310	48000
75536	296	16	297	370235	0	57310	48000

75799	297	16	297	370388	0	57310	48000
75996	297	16	297	370082	0	57310	48000
76244	281	16	281	370361	0	57310	48000
76374	297	16	297	370883	0	57310	48000

76538	297	16	297	370316	0	57310	48000
76802	297	16	297	370271	0	57310	48000
77065	297	16	297	370217	0	57310	48000

77029	297	15	296	375581	0	57310	48000
76261	265	16	266	338744	0	57310	48000
76196	235	15	234	302267	0	57310	48000
76326	265	16	266	321572	0	57310	48000

75313	219	16	219	283682	0	57310	48000
75199	219	16	219	288200	0	57310	48000
74982	250	0	234	295832	0	57310	48000
75016	234	16	250	305687	0	57310	48000

74898	282	15	281	349913	0	57310	48000
74777	312	16	313	389486	0	57310	48000
74990	313	15	312	392816	0	57310	48000
74102	312	16	313	392861	0	57310	48000

74148	313	15	312	395804	0	57310	48000
74027	312	16	313	393194	0	57310	48000
73823	297	16	297	388703	0	57310	48000

73637	313	15	312	390521	0	57310	48000
73749	312	16	313	392699	0	57310	48000
73494	313	15	312	392240	0	57310	48000

72907	312	16	313	389702	0	57310	48000
73036	297	16	297	390161	0	57310	48000
72915	312	16	312	390368	0	57310	48000
73195	313	16	313	390116	0	57310	48000

73473	312	16	312	389819	0	57310	48000
73386	313	16	313	391151	0	57310	48000
73665	312	16	312	391187	0	57310	48000

73845	313	16	313	391403	0	57310	48000
73990	312	0	296	390800	0	57310	48000
73987	297	16	313	390206	0	57310	48000

73948	328	16	328	390179	0	57310	48000
74212	297	16	297	390755	0	57310	48000
73992	313	15	312	390539	0	57310	48000

74270	312	16	313	390161	0	57310	48000
74518	313	15	312	390188	0	57310	48000
74430	312	16	313	390386	0	57310	48000
74309	313	15	312	390296	0	57310	48000

74187	312	16	313	389909	0	57310	48000
74151	297	16	297	389810	0	57310	48000
74131	313	15	312	390224	0	57310	48000

73709	312	16	313	390224	0	57310	48000
73890	313	15	312	390080	0	57310	48000
74135	312	16	313	389855	0	57310	48000

73665	297	16	297	390593	0	57310	48000
73378	313	15	312	389891	0	57310	48000
73124	312	16	313	389684	0	57310	48000

112702	313	15	312	389603	0	57310	48000
112982	312	16	313	390080	0	57310	48000
113111	297	16	297	389666	0	57310	48000
113058	312	16	312	389783	0	57310	48000

112771	313	16	313	389630	0	57310	48000
112616	312	16	312	389810	0	57310	48000
112897	313	16	313	389693	0	57310	48000

113059	297	15	296	389954	0	57310	48000
113205	312	16	313	390008	0	57310	48000
113484	313	15	312	390179	0	57310	48000

113696	312	16	313	390188	0	57310	48000
113943	313	15	312	390530	0	57310	48000
113973	297	15	297	390089	0	57310	48000
114185	312	16	313	389999	0	57310	48000

114431	313	15	312	390143	0	57310	48000
114710	312	16	313	389828	0	57310	48000
114990	313	15	312	389783	0	57310	48000

115053	297	15	297	389900	0	57310	48000
115032	312	16	313	389630	0	57310	48000
115077	313	15	312	389990	0	57310	48000

115057	312	16	313	389171	0	57310	48000
114721	297	16	297	388955	0	57310	48000
114699	312	16	312	388550	0	57310	48000

114712	313	16	313	389135	0	57310	48000
114991	312	16	312	389729	0	57310	48000
115121	297	16	297	389252	0	57310	48000
115401	313	15	312	389432	0	57310	48000

115680	312	16	313	389513	0	57310	48000
115926	313	15	312	389153	0	57310	48000
116205	312	16	313	389135	0	57310	48000

116418	313	16	313	389639	0	57310	48000
116396	312	16	312	389171	0	57310	48000
116544	313	16	313	389108	0	57310	48000

116388	312	16	312	388973	0	57310	48000
116368	313	16	313	388856	0	57310	48000
116431	297	15	296	388928	0	57310	48000
116642	312	16	313	388928	0	57310	48000

116923	313	15	312	388928	0	57310	48000
117168	312	16	313	389054	0	57310	48000
117398	297	16	297	388856	0	57310	48000

117544	313	15	312	389126	0	57310	48000
117257	312	16	313	388865	0	57310	48000
117237	313	15	312	389081	0	57310	48000

117467	297	15	297	389180	0	57310	48000
117679	312	16	313	388874	0	57310	48000
117825	313	15	312	389063	0	57310	48000

117904	312	16	313	389072	0	57310	48000
117450	313	15	312	389234	0	57310	48000
117614	296	16	297	389081	0	57310	48000
117692	313	16	313	389018	0	57310	48000

117638	312	16	312	388883	0	57310	48000
117568	297	16	297	388649	0	57310	48000
117115	313	15	312	389261	0	57310	48000

116960	312	16	313	389468	0	57310	48000
76406	313	15	312	389387	0	57310	48000
76085	312	16	313	389450	0	57310	48000

75965	313	15	312	389225	0	57310	48000
76062	297	15	297	389198	0	57310	48000
76207	312	16	313	389198	0	57310	48000
76420	313	15	312	389333	0	57310	48000

76266	312	16	313	389063	0	57310	48000
74689	297	16	297	389117	0	57310	48000
74742	313	15	312	389711	0	57310	48000

74587	312	16	313	389819	0	57310	48000
74267	313	15	312	390161	0	57310	48000
74163	296	16	297	389720	0	57310	48000

74409	313	16	313	390008	0	57310	48000
74121	312	16	312	389549	0	57310	48000
74367	313	16	313	389792	0	57310	48000

74512	312	16	312	389657	0	57310	48000
74759	313	16	313	389486	0	57310	48000
74890	297	15	296	390188	0	57310	48000
75168	312	16	313	389963	0	57310	48000

75281	313	15	312	389819	0	57310	48000
75259	344	15	344	388928	0	57310	48000
75440	281	15	281	388946	0	57310	48000

75536	297	15	297	389387	0	57310	48000
75448	312	16	313	388910	0	57310	48000
75595	313	15	312	388883	0	57310	48000

75724	297	15	297	388622	0	57310	48000
76004	312	16	313	388775	0	57310	48000
76249	313	15	312	388739	0	57310	48000
76462	312	16	313	388658	0	57310	48000

76427	297	16	297	388280	0	57310	48000
76671	312	16	312	388253	0	57310	48000
76650	313	16	313	388433	0	57310	48000

76864	312	16	312	388262	0	57310	48000
77061	297	16	297	388235	0	57310	48000
77340	313	15	312	388658	0	57310	48000

77659	719	15	719	388883	0	57310	48000

75859	500	15	500	388235	1	57311	48001
77158	0	31	16	388667	0	57314	48004
77123	531	16	516	387983	0	57312	48002
77254	31	16	31	388199	0	57313	48003
76606	219	16	219	387659	0	57314	48004

76268	828	16	828	388433	0	57314	48004
76889	188	15	187	388109	0	57311	48001
77587	31	15	31	388001	0	57313	48003
77149	62	16	63	388046	0	57312	48002

76712	1063	15	1062	387848	0	57313	48003
76374	62	16	63	387335	0	57311	48001

75999	125	16	125	387470	0	57314	48004
76795	63	15	62	387587	0	57312	48002
76637	609	16	610	387533	0	57313	48003

76119	516	15	515	388226	0	57314	48004
76881	94	15	94	387335	0	57312	48002
76593	312	16	313	388208	0	57311	48001
76697	204	15	203	388010	0	57313	48003

76540	343	16	344	387677	0	57312	48002

76650	844	16	844	387362	0	57312	48002
76948	31	0	15	387605	0	57314	48004
77197	16	16	32	387542	0	57311	48001
76895	31	16	31	387569	0	57313	48003

76960	1032	15	1031	387407	0	57312	48002
77190	31	15	31	387506	0	57313	48003
77716	125	15	125	387713	0	57311	48001
77481	31	16	32	387443	0	57314	48004

77741	859	16	859	387389	0	57314	48004
77292	219	16	219	387497	0	57312	48002
77853	94	16	94	387263	0	57313	48003
78280	62	16	62	387110	0	57311	48001

78033	1219	16	1219	387623	0	57311	48001
77831	31	16	31	387830	0	57313	48003
78047	16	16	16	387956	1	57314	48004
77681	0	31	15	388433	0	57312	48002

77487	906	16	891	387695	0	57311	48001
76000	313	16	313	369443	0	57313	48003
75582	16	15	15	374969	0	57312	48002

77209	93	16	94	387749	0	57314	48004
76237	594	16	594	375095	0	57311	48001

76460	391	15	390	379046	0	57314	48004
76149	156	16	157	391214	0	57313	48003
76467	484	16	484	389045	0	57312	48002
76239	172	16	172	384302	0	57314	48004

76932	360	15	359	388586	0	57311	48001
76562	31	15	31	383978	0	57313	48003
76872	609	16	610	383384	0	57312	48002

76519	313	15	312	373079	0	57314	48004
77255	203	15	203	381305	0	57311	48001
76832	344	15	344	373331	0	57312	48002
76881	15	16	16	373223	0	57313	48003

76459	813	15	812	377336	0	57314	48004
76320	93	16	94	378092	0	57312	48002
77403	16	16	16	376220	0	57311	48001
76702	266	15	265	378389	0	57313	48003

75985	750	15	750	377678	0	57311	48001
76092	140	16	141	377975	0	57314	48004

76320	328	16	328	377849	0	57313	48003
76236	16	16	16	378164	0	57312	48002
75695	859	16	859	377570	0	57312	48002
76894	32	15	31	378200	0	57314	48004

76975	47	15	47	378119	0	57311	48001
76459	218	16	219	377885	0	57313	48003

76538	813	15	812	377543	0	57311	48001
75499	94	15	94	377120	0	57314	48004
75225	125	15	125	377687	0	57312	48002
75903	546	16	547	376886	0	57313	48003
75350	47	16	47	377507	0	57311	48001
75160	110	15	109	377759	0	57314	48004

75394	734	16	735	377273	0	57311	48001
75470	109	16	109	377534	0	57314	48004
75928	125	16	125	377741	0	57313	48003

76100	438	16	438	377534	1	57312	48002
75788	0	31	15	377399	0	57313	48003

76099	766	15	750	377300	0	57313	48003
76553	187	16	188	377066	0	57311	48001
76952	234	16	234	377525	0	57312	48002
76752	32	15	31	377345	0	57314	48004

76509	890	16	891	377138	0	57313	48003
76803	94	16	94	376913	0	57314	48004
77512	109	16	109	376661	0	57312	48002
77266	188	16	188	377246	0	57311	48001

77597	797	15	796	376805	0	57312	48002
76794	297	15	297	377363	0	57311	48001
76866	172	15	172	377552	0	57314	48004

76497	265	16	266	377156	0	57313	48003
76287	125	16	125	376913	0	57312	48002
75745	656	16	656	376814	0	57314	48004

76357	79	15	78	376787	0	57311	48001
75667	343	16	344	376904	0	57312	48002
75548	313	15	312	377381	0	57314	48004
76107	94	15	94	377021	0	57313	48003
76166	125	15	125	377111	0	57311	48001

74710	578	15	578	376742	0	57314	48004
75550	406	16	407	377273	0	57312	48002
75866	16	15	15	376661	0	57313	48003

75729	562	16	563	376643	0	57311	48001
75569	375	16	375	376850	1	57312	48002
75869	0	31	15	376652	0	57313	48003

75127	391	15	375	376823	0	57314	48004
76206	312	16	313	376661	0	57311	48001
75477	438	15	437	376418	0	57312	48002

75969	359	16	360	376868	0	57313	48003
75430	94	16	94	376499	0	57311	48001
75538	141	15	140	376571	0	57314	48004

114532	828	15	828	376139	0	57311	48001
115744	78	15	78	376688	0	57312	48002
114606	62	16	63	376652	0	57314	48004
116581	141	16	141	376607	0	57313	48003

114493	812	16	812	376778	0	57314	48004
114817	125	16	125	376688	0	57311	48001
115737	219	16	219	376859	0	57313	48003
115212	110	15	109	376940	0	57312	48002

115799	953	15	953	376895	0	57313	48003
115192	93	16	94	376760	0	57314	48004
115841	16	16	16	377039	0	57312	48002

116179	438	15	437	376832	0	57311	48001
115888	375	15	375	376841	0	57313	48003
115857	203	15	203	377138	0	57312	48002

115864	640	16	641	377390	0	57311	48001
115369	172	16	172	377147	0	57313	48003
115434	31	16	31	377066	0	57314	48004
115188	188	16	188	377075	0	57312	48002

114324	969	15	968	376553	0	57313	48003
115906	15	16	16	377237	0	57311	48001
115188	16	16	16	376463	0	57314	48004

114430	109	16	109	376958	0	57312	48002
114653	922	16	922	377363	0	57313	48003

114880	94	16	94	377183	0	57314	48004
114593	47	0	31	377012	0	57312	48002
115389	62	16	78	376868	0	57311	48001

114825	969	16	969	376382	0	57313	48003
115136	78	16	78	376382	0	57311	48001
115192	156	16	156	376427	0	57314	48004
115182	157	15	156	376400	0	57312	48002

115355	906	16	907	375770	0	57311	48001
115271	16	15	15	376076	0	57314	48004
115119	15	16	16	376238	0	57313	48003
115519	500	16	500	376499	0	57312	48002

115606	453	16	453	376535	0	57314	48004
115613	141	16	141	376517	0	57313	48003
115994	47	15	46	376373	0	57311	48001
115896	469	15	469	376787	0	57312	48002

115913	484	16	485	376328	0	57314	48004
115894	281	16	281	378353	0	57313	48003
115923	63	15	62	378578	0	57312	48002
116633	109	16	110	376706	0	57311	48001

116055	922	16	922	378848	0	57312	48002
116317	62	16	62	381620	0	57313	48003

116770	219	16	219	383591	0	57311	48001
116650	47	16	47	381926	0	57314	48004

116236	953	16	953	378866	0	57313	48003
117397	94	16	94	378227	0	57311	48001
115647	250	16	250	377543	0	57312	48002
117144	31	16	31	377930	0	57314	48004
115774	563	15	562	377111	0	57311	48001

116009	468	16	469	377462	0	57314	48004
75569	94	16	94	377552	0	57313	48003

75554	485	15	484	377300	0	57312	48002
75600	312	16	313	377687	0	57311	48001
74807	141	15	140	377741	0	57314	48004
74461	187	16	188	377444	0	57313	48003

74379	485	15	484	377408	0	57312	48002
74683	437	16	438	377048	0	57311	48001
73567	94	15	93	377012	0	57313	48003
73853	109	17	111	376931	0	57314	48004

73994	641	15	639	377039	0	57312	48002
73619	359	16	360	377201	0	57313	48003
73878	125	16	125	377678	0	57314	48004
74127	16	15	15	377408	0	57311	48001

74268	609	16	610	377912	0	57312	48002
74040	203	16	203	376958	0	57314	48004

74813	375	16	375	377534	0	57311	48001
74397	16	16	16	377210	0	57313	48003
74832	469	15	468	377093	0	57312	48002

73763	797	15	797	376463	1	57314	48004
73429	0	31	16	376859	0	57312	48002
75109	46	16	31	377345	0	57311	48001
73556	47	16	47	377012	0	57313	48003

70007	985	15	984	377597	0	57312	48002
73839	31	16	32	377831	0	57311	48001
73306	234	16	234	377426	0	57314	48004
70900	94	16	94	376994	0	57313	48003

70129	563	15	562	376868	0	57311	48001
70354	390	16	391	376238	0	57314	48004

70772	485	15	484	376580	1	57312	48002
70804	0	31	16	376661	0	57313	48003
70981	343	16	328	376436	0	57311	48001
70830	16	16	16	376922	0	57314	48004

70931	734	16	734	376940	0	57313	48003
70030	266	16	266	377363	0	57314	48004
71062	31	16	31	376535	0	57312	48002
70593	266	0	250	377201	0	57311	48001

70630	437	16	453	377480	0	57313	48003
69400	469	16	469	382295	0	57314	48004
71089	156	16	156	375482	0	57312	48002
69877	188	16	188	379478	0	57311	48001

69863	219	15	218	381287	0	57313	48003
70516	687	16	688	380126	0	57312	48002

70758	375	16	375	374510	0	57314	48004
70738	47	16	47	371585	0	57313	48003
70888	16	15	15	377273	0	57311	48001
70327	406	16	407	367535	0	57312	48002

70521	594	15	593	366131	0	57311	48001
70486	265	16	266	364943	0	57312	48002
70761	141	16	141	365366	0	57314	48004
70691	31	16	31	365105	0	57313	48003

71183	625	16	625	365600	0	57311	48001
71372	422	16	422	367436	0	57313	48003
71602	63	15	62	366194	0	57314	48004
70608	140	16	141	368858	0	57312	48002

70959	750	16	750	368876	0	57311	48001
70722	31	16	31	368966	0	57314	48004

70527	438	16	438	370028	0	57312	48002
70622	62	16	62	369956	0	57313	48003
70310	454	15	453	367985	1	57314	48004
70943	0	31	16	370352	0	57311	48001

71071	828	15	812	368237	0	57312	48002
71135	31	16	32	367886	0	57313	48003
71038	203	16	203	367832	0	57311	48001

71285	313	15	312	367427	0	57314	48004
71028	343	16	344	367922	0	57312	48002
71518	157	15	156	367382	0	57313	48003
70339	421	16	422	371846	0	57311	48001

70382	610	15	609	374060	0	57313	48003
70911	62	16	63	371891	0	57314	48004
70101	157	15	156	374204	0	57311	48001
70327	125	15	125	374519	0	57312	48002

69782	656	15	656	374627	0	57311	48001
70422	140	16	141	374474	0	57313	48003
70826	204	15	203	374771	0	57314	48004
70422	62	16	63	374294	0	57312	48002

69589	734	16	734	374447	0	57311	48001
70924	235	15	234	374339	0	57313	48003

69833	375	16	376	373664	0	57310	48000
71410	78	16	78	374231	0	57314	48004
70985	141	15	140	374330	0	57312	48002
70154	203	15	203	373754	0	57310	48000
69969	281	16	282	374015	0	57310	48000

70000	297	16	297	373754	0	57310	48000
70011	312	16	312	374141	0	57310	48000
69908	297	16	297	373547	0	57310	48000

70139	297	16	297	373520	0	57310	48000
70269	297	16	297	373322	0	57310	48000
70516	281	16	281	373439	0	57310	48000
70580	297	16	297	373349	0	57310	48000

70710	297	16	297	372872	0	57310	48000
70874	297	16	297	373124	0	57310	48000
70871	297	15	296	372611	0	57310	48000

71135	297	15	297	372575	0	57310	48000
71298	297	15	297	372476	0	57310	48000
71044	312	0	297	373088	0	57310	48000

70805	328	16	344	372971	0	57310	48000
70855	250	16	250	372908	0	57310	48000
70986	297	16	297	372818	0	57310	48000
70549	297	16	297	372449	0	57310	48000

70780	297	15	296	372512	0	57310	48000
70343	297	15	297	372215	0	57310	48000
70473	297	15	297	372935	0	57310	48000

69803	296	16	297	372737	0	57310	48000
70000	297	16	297	372908	0	57310	48000
69812	313	15	312	373511	0	57310	48000
68976	297	15	297	372998	0	57310	48000

68688	312	16	313	373286	0	57310	48000
68837	281	16	281	373358	0	57310	48000
69000	297	16	297	373304	0	57310	48000

69131	297	16	297	372836	0	57310	48000
68360	297	16	297	373511	0	57310	48000
68257	297	16	297	368642	0	57310	48000

68354	297	15	296	367985	0	57310	48000
68618	297	15	297	366797	0	57310	48000
68632	281	16	282	360794	0	57310	48000
68596	297	15	296	374312	0	57310	48000

68642	312	16	313	387731	0	57310	48000
68688	313	15	312	394346	0	57310	48000
68633	312	16	313	392924	0	57310	48000

68613	313	15	312	390116	0	57310	48000
68810	297	15	297	390476	0	57310	48000
68556	312	16	313	394544	0	57310	48000

68450	328	0	312	396272	0	57310	48000
68529	313	15	328	394103	0	57310	48000
68808	312	16	313	394049	0	57310	48000
68705	297	16	297	391781	0	57310	48000

68574	313	15	312	391070	0	57310	48000
68830	312	16	313	390773	0	57310	48000
69010	313	15	312	390566	0	57310	48000

68655	312	16	313	391853	0	57310	48000
68797	375	16	375	391817	0	57310	48000
68963	266	15	265	391106	0	57310	48000

68760	531	0	516	390701	0	57310	48000
68938	578	16	594	390818	0	57310	48000

69098	360	15	359	390728	0	57310	48000
68878	312	16	313	390431	0	57310	48000
68424	313	15	312	390755	0	57310	48000

68521	297	15	297	390323	0	57310	48000
68132	312	16	313	390548	0	57310	48000
67712	313	15	312	390503	0	57310	48000

67292	313	30	328	390593	0	57310	48000
67537	312	15	297	390782	0	57310	48000
66492	421	16	422	390323	0	57310	48000

66521	329	15	328	390170	0	57310	48000
66750	296	16	297	390386	0	57310	48000
66863	313	16	313	390107	0	57310	48000

107041	312	16	312	389729	0	57310	48000
106821	313	16	313	389594	0	57310	48000
107033	312	16	312	389756	0	57310	48000
107247	313	16	313	389963	0	57310	48000

107492	312	16	312	389693	0	57310	48000
107735	344	16	344	390350	0	57310	48000
107782	313	15	312	390440	0	57310	48000

107927	312	16	313	390539	0	57310	48000
108173	313	15	312	390494	0	57310	48000
108318	312	16	313	390350	0	57310	48000

107498	313	15	312	389594	0	57310	48000
107729	297	15	297	389783	0	57310	48000
107905	343	16	344	389738	0	57310	48000

108118	313	15	312	389702	0	57310	48000
108397	312	16	313	389828	0	57310	48000
108043	313	15	312	389963	0	57310	48000
108073	297	15	297	389783	0	57310	48000

107886	312	16	313	390188	0	57310	48000
108166	313	15	312	390062	0	57310	48000
108344	312	16	313	390305	0	57310	48000

108323	313	15	312	389909	0	57310	48000
108202	312	16	313	389369	0	57310	48000
107848	313	15	312	390962	0	57310	48000

107846	297	15	297	389801	0	57310	48000
107991	312	16	313	389549	0	57310	48000
67570	313	15	312	389900	0	57310	48000

67316	312	16	313	390737	0	57310	48000
67429	313	15	312	390656	0	57310	48000
67641	312	16	313	390530	0	57310	48000
67820	313	15	312	390503	0	57310	48000

67716	296	16	297	390251	0	57310	48000
67763	313	16	313	390179	0	57310	48000
67975	312	16	312	390512	0	57310	48000

68155	313	16	313	389981	0	57310	48000
68280	359	16	359	390305	0	57310	48000
68326	313	16	313	390629	0	57310	48000

68472	312	16	312	390584	0	57310	48000
68469	297	16	297	390413	0	57310	48000
68663	328	16	328	390692	0	57310	48000

68294	297	16	297	391016	0	57310	48000
68374	313	15	312	391115	0	57310	48000
68619	312	16	313	390692	0	57310	48000
68879	328	16	328	390719	0	57310	48000

69169	422	16	422	390557	0	57310	48000
68966	297	16	297	390521	0	57310	48000

69145	313	15	312	390251	0	57310	48000
68991	312	16	313	390323	0	57310	48000
69004	313	15	312	390224	0	57310	48000
69082	312	16	313	390026	0	57310	48000

69362	313	15	312	389657	0	57310	48000
69327	297	15	297	389378	0	57310	48000
69604	312	16	313	389351	0	57310	48000

69817	313	15	312	389630	0	57310	48000
69963	312	16	313	389666	0	57310	48000
69876	313	15	312	389324	0	57310	48000

69405	296	16	297	389252	0	57310	48000
69652	313	16	313	389063	0	57310	48000
69864	312	16	312	388865	0	57310	48000
69943	313	16	313	389459	0	57310	48000

70122	312	16	312	389297	0	57310	48000
70462	407	15	406	389027	0	57310	48000

70835	406	16	407	389144	0	57310	48000
70798	297	15	296	389117	0	57310	48000
70910	312	16	313	388739	0	57310	48000
70957	313	15	312	389486	0	57310	48000

70469	312	16	313	389486	0	57310	48000
68700	297	16	297	388811	0	57310	48000
68779	313	15	312	389135	0	57310	48000

68520	375	15	375	388973	0	57310	48000
68604	250	15	250	388721	0	57310	48000
68667	297	15	297	388676	0	57310	48000

68446	312	16	313	388379	0	57310	48000
67326	313	15	312	388649	0	57310	48000
67055	296	16	297	388334	0	57310	48000

67169	313	16	313	388487	0	57310	48000
67163	328	16	328	388343	0	57310	48000
67109	313	15	312	388145	0	57310	48000
67354	312	16	313	388217	0	57310	48000

67485	297	16	297	388208	0	57310	48000
67763	312	16	312	388721	0	57310	48000
67991	360	15	359	388199	0	57310	48000

66755	265	16	266	388784	0	57310	48000
65519	297	16	297	388469	0	57310	48000
65632	313	15	312	388730	0	57310	48000

65610	312	16	313	388523	0	57310	48000
65890	313	15	312	388559	0	57310	48000
66087	297	15	297	388730	0	57310	48000
66366	312	16	313	388856	0	57310	48000

66459	360	15	359	388694	0	57310	48000
66038	312	16	313	388955	0	57310	48000
66269	297	16	297	389054	0	57310	48000

65663	328	16	328	388541	0	57310	48000
64926	297	16	297	388505	0	57310	48000
65072	312	16	312	388145	0	57310	48000

65202	297	16	297	388658	0	57310	48000
64148	313	15	312	388271	0	57310	48000
64227	312	16	313	388712	0	57310	48000

64090	297	16	297	388055	0	57310	48000
64303	313	15	312	388415	0	57310	48000
63950	312	16	313	388343	0	57310	48000
64197	315	15	314	388199	0	57310	48000

64228	297	15	297	388262	0	57310	48000
63972	312	16	313	389045	0	57310	48000
64220	313	15	312	388676	0	57310	48000

64499	312	16	313	389018	0	57310	48000
64628	297	16	297	389072	0	57310	48000
64708	313	15	312	389126	0	57310	48000

64887	312	16	313	388658	0	57310	48000
64763	375	16	375	388784	0	57310	48000
64962	234	16	234	388550	0	57310	48000

65176	313	16	313	388307	0	57310	48000
64320	312	16	312	388523	0	57310	48000
64167	313	16	313	388901	0	57310	48000
63331	297	15	296	388982	0	57310	48000

63408	312	16	313	389027	0	57310	48000
63736	360	15	359	388865	0	57310	48000
63934	265	16	266	388973	0	57310	48000

62665	297	16	297	388838	0	57310	48000
62744	313	15	312	389189	0	57310	48000
63023	312	16	313	389297	0	57310	48000

63103	313	15	312	389360	0	57310	48000
63346	343	16	344	389513	0	57310	48000
63626	313	16	313	389288	0	57310	48000
63878	297	15	296	389432	0	57310	48000

63834	312	16	313	388730	0	57310	48000
63914	313	15	312	388829	0	57310	48000
64193	312	16	313	388307	0	57310	48000

64306	313	15	312	388469	0	57310	48000
64070	297	15	297	388631	0	57310	48000
64149	312	16	313	388937	0	57310	48000

64028	313	15	312	388676	0	57310	48000
64225	297	15	297	388730	0	57310	48000
63904	312	16	313	388748	0	57310	48000

64183	313	15	312	389216	0	57310	48000
64462	312	16	313	389072	0	57310	48000
64526	297	16	297	389504	0	57310	48000

63961	969	15	968	388847	0	57311	48001
65210	15	16	16	389513	0	57310	48000
64876	266	16	266	389333	0	57314	48004

65279	469	15	468	389072	0	57313	48003
65321	109	16	110	388919	0	57312	48002
64975	188	15	187	388874	0	57314	48004

64812	937	16	938	388595	0	57311	48001
64194	16	15	15	389720	0	57314	48004
65939	78	15	78	388694	0	57313	48003
65513	140	16	141	389252	0	57312	48002

65003	891	16	891	389675	0	57313	48003
64851	281	16	281	389801	0	57314	48004

65377	125	16	125	390116	0	57312	48002
65376	32	15	31	390035	0	57311	48001
65375	500	15	500	389630	0	57313	48003

65772	565	16	566	389486	0	57312	48002
65998	391	15	390	389504	0	57311	48001
65875	78	15	78	388973	0	57314	48004
65739	31	16	32	388892	0	57313	48003

65595	688	15	687	388802	0	57312	48002
65144	250	15	250	389432	0	57311	48001
64492	281	15	281	388217	0	57313	48003
65532	140	16	141	389747	0	57314	48004

64884	485	15	484	388235	0	57312	48002
64886	469	15	469	388253	0	57314	48004
64397	78	15	78	389252	0	57313	48003

65437	140	16	141	388586	0	57311	48001
63597	360	15	359	389225	0	57312	48002

62957	593	16	594	383798	0	57313	48003
63770	79	15	78	389261	0	57314	48004
64240	171	16	172	389459	0	57311	48001
63508	500	16	500	383015	0	57312	48002

63897	422	16	422	382907	0	57311	48001
63659	297	16	297	372755	0	57314	48004
63253	94	16	94	367589	0	57313	48003
62326	406	16	406	369794	0	57311	48001

62556	297	16	297	369677	0	57314	48004
63038	47	16	47	365609	0	57312	48002

63052	781	0	765	370406	0	57314	48004
63331	47	16	63	370208	0	57313	48003
63339	141	15	140	370298	0	57311	48001
63622	250	15	250	370523	0	57312	48002

62453	797	15	797	376868	0	57311	48001
62493	140	16	141	375662	0	57314	48004
62722	63	15	62	381512	1	57312	48002
63490	0	31	16	374600	0	57313	48003

61881	828	15	812	390962	0	57314	48004
62235	156	16	157	387344	0	57311	48001
62695	188	15	187	384815	0	57313	48003
62785	156	15	156	385409	0	57312	48002

61203	953	16	954	386147	1	57314	48004
62260	0	31	15	385895	0	57311	48001
63105	234	16	219	391673	1	57313	48003

62704	0	32	16	386795	0	57312	48002

101908	1110	15	1093	387263	0	57314	48004
102239	125	15	125	386264	0	57312	48002
102254	94	15	94	386363	0	57311	48001
102764	31	15	31	386012	0	57313	48003

101819	750	15	750	386651	0	57311	48001
102685	15	16	16	388415	0	57312	48002
102231	438	16	438	388523	0	57314	48004
103311	31	16	31	387785	0	57313	48003

61333	766	15	765	387272	0	57311	48001
61307	172	15	172	387299	0	57314	48004
61842	93	16	94	388946	0	57312	48002
103214	391	16	391	388577	0	57313	48003

61280	938	15	937	387506	0	57312	48002

61177	140	16	141	387659	0	57314	48004
61343	47	16	47	387587	0	57311	48001
61698	188	15	187	387542	0	57313	48003

61756	812	16	813	387902	0	57313	48003
61396	297	16	297	387398	0	57314	48004
61985	125	16	125	387551	0	57312	48002
61229	328	16	328	388244	0	57313	48003

62122	234	16	234	387623	0	57311	48001
61562	532	15	531	388271	0	57312	48002
61214	359	16	360	388307	0	57313	48003

61655	172	16	172	388064	0	57314	48004
61977	125	16	125	388253	0	57311	48001
61658	344	15	343	387686	0	57312	48002

61937	703	15	703	387830	0	57314	48004
62335	281	16	282	387317	1	57311	48001
62196	16	15	15	387830	1	57313	48003
61725	0	31	16	387965	0	57312	48002

61156	1093	16	1078	387875	0	57312	48002
61275	79	15	78	387875	0	57313	48003
61629	46	16	47	387479	0	57314	48004
62126	32	15	31	388190	0	57311	48001

61915	953	15	953	388010	0	57314	48004
62217	31	16	32	387974	0	57311	48001

61820	375	16	375	387371	0	57312	48002
62269	141	15	140	387407	0	57313	48003
61038	437	16	438	388775	0	57311	48001

60505	406	16	406	388262	0	57314	48004
58620	235	15	234	388487	0	57312	48002
60513	359	16	360	388172	0	57313	48003
58682	141	15	140	388253	0	57311	48001
58762	203	17	205	386462	0	57314	48004

58930	766	15	764	386138	0	57312	48002
59612	171	16	172	387695	0	57313	48003

59016	157	15	156	387902	0	57311	48001
58682	62	16	63	387497	0	57314	48004
59179	735	15	734	387758	0	57313	48003

59209	343	16	344	387911	0	57312	48002
58428	203	16	203	387965	0	57314	48004
59489	235	15	234	388055	0	57311	48001
58480	172	15	172	388298	0	57313	48003

58731	328	15	328	387695	0	57312	48002
58796	687	16	688	387740	0	57313	48003
59154	47	16	47	387623	0	57311	48001

59317	203	16	203	387632	0	57314	48004
59110	297	16	297	387821	0	57312	48002
58746	563	15	562	387893	0	57314	48004
59065	93	16	94	387776	0	57311	48001

58969	610	15	609	386291	0	57313	48003
58946	172	15	172	387623	0	57312	48002
59039	172	15	172	387839	0	57311	48001

59076	468	16	469	387677	0	57314	48004
57467	454	15	453	357203	0	57311	48001
58739	15	16	16	388019	0	57313	48003
57816	16	15	15	386201	0	57312	48002

57409	656	16	657	329195	0	57314	48004
56439	16	15	15	323993	0	57313	48003

55721	687	16	688	325964	0	57311	48001
54707	78	16	78	326765	0	57314	48004
56131	16	16	16	331301	0	57312	48002
54485	78	16	78	364628	0	57313	48003

54090	969	15	968	371072	0	57313	48003
54546	109	16	110	395768	0	57314	48004
55569	47	16	47	371108	0	57312	48002
54805	172	16	172	395606	0	57311	48001

54736	984	16	984	376445	1	57313	48003
55167	0	32	16	374555	0	57312	48002
54915	141	16	125	373682	0	57314	48004
55203	94	15	93	376886	0	57311	48001

54269	781	16	782	375149	0	57313	48003
55720	125	16	125	375320	0	57312	48002
54568	16	15	15	373439	0	57314	48004

55083	437	16	438	375230	0	57311	48001
55050	281	16	281	375212	0	57312	48002

53921	735	15	734	376013	0	57313	48003
54530	109	17	111	375401	0	57314	48004
55302	31	16	30	375995	0	57311	48001
53795	516	16	516	377777	0	57312	48002

53398	391	15	390	377039	0	57313	48003
53971	218	16	219	377354	0	57314	48004
54135	47	16	47	376022	0	57311	48001

53322	594	16	594	377651	0	57312	48002
52833	453	16	453	378272	0	57313	48003
53006	16	15	15	378506	0	57314	48004
53935	265	16	266	377669	1	57311	48001
53075	0	32	16	377813	0	57312	48002

52224	875	16	859	377012	0	57312	48002
53251	282	15	281	375599	0	57314	48004
52755	15	16	16	377111	0	57313	48003
54136	47	16	47	378056	0	57311	48001

53214	922	16	922	376940	0	57314	48004
52585	78	16	78	377345	0	57312	48002

53659	172	16	172	377003	0	57311	48001
53572	187	16	187	375176	0	57313	48003
52420	422	16	422	377075	0	57314	48004

53444	313	15	312	377048	0	57311	48001
51735	609	16	610	329852	0	57314	48004
53121	16	15	15	377102	0	57313	48003
53285	203	16	204	377129	0	57312	48002

52588	594	15	593	336242	0	57311	48001
50163	62	16	63	232058	0	57314	48004
51760	125	16	125	265754	0	57313	48003
50035	16	15	15	232085	0	57310	48000
51727	31	16	32	259202	0	57312	48002
50231	281	16	281	231446	0	57310	48000

50389	235	15	234	231545	0	57310	48000
50398	203	15	203	230231	0	57310	48000
50045	187	16	188	233408	0	57310	48000
50208	203	16	203	233912	0	57310	48000
49621	188	16	188	240671	0	57310	48000

49533	187	16	187	241166	0	57310	48000
49140	188	16	188	243182	0	57310	48000
49288	187	16	187	240878	0	57310	48000
49104	204	15	203	257555	0	57310	48000
49267	203	16	204	258383	0	57310	48000

49059	218	16	218	263621	0	57310	48000
49123	219	16	219	272792	0	57310	48000
49148	219	16	219	277364	0	57310	48000
48765	359	16	359	444899	0	57310	48000

49046	360	16	360	459587	0	57310	48000
49030	375	15	374	478145	0	57310	48000
49381	390	16	391	476669	0	57310	48000

49114	360	15	359	449138	0	57310	48000
49103	344	15	344	449399	0	57310	48000

49266	359	16	360	448553	0	57310	48000
48723	359	16	359	449831	0	57310	48000
48927	360	15	359	451928	0	57310	48000

48891	359	16	360	452738	0	57310	48000
48858	359	16	359	449984	0	57310	48000
48513	360	15	359	450569	0	57310	48000

47757	344	15	344	448715	0	57310	48000
47767	359	16	360	447176	0	57310	48000
48007	359	16	359	448697	0	57310	48000

48249	360	15	359	447311	0	57310	48000
48125	343	16	344	447527	0	57310	48000
48133	360	15	359	448256	0	57310	48000

48382	406	16	407	448022	0	57310	48000
48644	578	16	578	448292	0	57310	48000

48457	360	0	344	447041	0	57310	48000
48643	343	16	359	447059	0	57310	48000
48886	360	15	359	447554	0	57310	48000

49143	375	15	375	445556	0	57310	48000
49158	328	15	328	448805	0	57310	48000
49089	359	16	360	451559	0	57310	48000

49288	360	15	359	450254	0	57310	48000
49416	359	16	360	451082	0	57310	48000

49737	359	16	359	451550	0	57310	48000
49903	360	15	359	448292	0	57310	48000
49790	359	0	344	447779	0	57310	48000

49405	359	16	375	452189	0	57310	48000
9088	391	16	391	453899	0	57310	48000
9289	359	16	359	455420	0	57310	48000

9561	391	16	391	456752	0	57310	48000
9638	391	15	390	465410	0	57310	48000
9758	359	16	360	463259	0	57310	48000

9896	375	16	375	460883	0	57310	48000
10216	359	16	359	459596	0	57310	48000

10029	360	15	359	457499	0	57310	48000
10287	375	15	375	456707	0	57310	48000
10372	359	16	360	453692	0	57310	48000

9994	406	16	406	452765	0	57310	48000
9966	360	15	359	452621	0	57310	48000
10301	375	15	375	452837	0	57310	48000

10343	359	16	360	453431	0	57310	48000
10665	360	15	359	451685	0	57310	48000
10986	359	16	360	453296	0	57310	48000

9859	359	16	359	452054	0	57310	48000
9902	360	15	359	451982	0	57310	48000
10025	359	16	360	452189	0	57310	48000

10071	359	16	359	452603	0	57310	48000
10274	360	15	359	452090	0	57310	48000

10514	359	16	360	450434	0	57310	48000
10559	360	15	359	450992	0	57310	48000
9737	359	16	360	451397	0	57310	48000

10018	359	16	359	451514	0	57310	48000
10025	360	15	359	450776	0	57310	48000
9702	347	15	347	451712	0	57310	48000

9567	375	15	375	452072	0	57310	48000
9886	359	16	360	451694	0	57310	48000
9943	375	16	375	451568	0	57310	48000

50263	359	16	359	451748	0	57310	48000
50507	362	15	361	451721	0	57310	48000
50675	361	15	361	451856	0	57310	48000

50876	359	16	360	451208	0	57310	48000
50411	359	16	359	451568	0	57310	48000

48831	344	16	344	451361	0	57310	48000
49151	359	16	359	451487	0	57310	48000
49275	360	15	359	451388	0	57310	48000

49554	359	16	360	451055	0	57310	48000
49101	375	16	375	452009	0	57310	48000
49421	360	15	359	451901	0	57310	48000

49620	359	16	360	451172	0	57310	48000
49652	344	15	343	451541	0	57310	48000
49948	375	15	375	451244	0	57310	48000

49879	359	16	360	451856	0	57310	48000
49582	375	0	359	451352	0	57310	48000
49649	344	15	359	450803	0	57310	48000

49969	359	16	360	451190	0	57310	48000
50289	360	15	359	451343	0	57310	48000
49508	359	16	360	451217	0	57310	48000

48808	359	16	359	451289	0	57310	48000
48476	375	16	375	451163	0	57310	48000

48582	344	16	344	450551	0	57310	48000
48312	359	16	359	451361	0	57310	48000
48434	360	15	359	450650	0	57310	48000

48711	359	16	360	450722	0	57310	48000
48721	360	15	359	450587	0	57310	48000
48557	347	15	347	449462	0	57310	48000

48601	359	16	360	450722	0	57310	48000
48212	359	16	359	449030	0	57310	48000
48454	360	15	359	450488	0	57310	48000

48773	359	16	360	450722	0	57310	48000
48388	359	16	359	450326	0	57310	48000
47961	360	15	359	450776	0	57310	48000

47727	359	16	360	449939	0	57310	48000
47543	360	15	359	450047	0	57310	48000
47840	375	15	375	450146	0	57310	48000

48042	359	16	360	449660	0	57310	48000
48033	344	15	343	449804	0	57310	48000

48077	359	16	360	449714	0	57310	48000
48280	359	16	359	449804	0	57310	48000
48521	360	15	359	450173	0	57310	48000

48687	362	16	363	448238	0	57310	48000
48966	360	15	359	449660	0	57310	48000
48242	343	16	344	450182	0	57310	48000

48469	422	16	422	449489	0	57310	48000
48530	297	16	297	449867	0	57310	48000
48732	359	16	359	448382	0	57310	48000

48933	360	15	359	449741	0	57310	48000
48658	359	16	360	449471	0	57310	48000
48707	360	15	359	449696	0	57310	48000

48657	343	16	344	448076	0	57310	48000
48631	407	15	406	448283	0	57310	48000
48539	343	16	344	449813	0	57310	48000

48429	360	15	359	450695	0	57310	48000
48004	359	16	360	449111	0	57310	48000

48267	344	15	343	447950	0	57310	48000
48509	359	16	360	449795	0	57310	48000
48673	360	15	359	449201	0	57310	48000

48794	359	16	360	449345	0	57310	48000
48902	344	15	343	449642	0	57310	48000
48751	359	16	360	448346	0	57310	48000

49568	1094	15	1093	450182	0	57310	48000

48370	328	16	329	447842	0	57314	48004
47676	250	16	250	450182	0	57311	48001
47903	187	16	187	449831	0	57312	48002
48515	141	16	141	448103	0	57313	48003

48370	484	16	484	448481	0	57314	48004

48792	811	9	804	450335	0	57313	48003
48630	156	9	156	450065	0	57312	48002
48053	281	10	282	450002	0	57314	48004
48413	281	10	281	449876	0	57311	48001

48670	453	10	453	449939	0	57313	48003
48184	63	10	63	449876	0	57312	48002

48971	984	10	984	449588	0	57311	48001
48474	47	10	47	448319	0	57314	48004
47658	203	10	203	450083	0	57312	48002
48507	375	10	375	450542	0	57313	48003

47861	375	10	375	449894	0	57311	48001
47682	328	10	328	449840	0	57314	48004
47097	438	10	438	447887	0	57312	48002

47630	375	10	375	449615	0	57313	48003
47190	422	9	421	448571	1	57311	48001
47032	0	25	16	450524	0	57314	48004

47264	937	10	922	448184	0	57312	48002
47359	16	10	16	449750	0	57313	48003

46443	469	9	468	449786	0	57314	48004
47607	15	10	16	449858	0	57311	48001
46900	797	10	797	449813	0	57313	48003

46924	219	10	219	449948	0	57312	48002
45649	406	10	406	448274	0	57314	48004
46557	281	10	281	450290	0	57311	48001

45992	297	10	297	450200	0	57313	48003
46231	282	9	281	450254	0	57312	48002

46022	734	10	735	449939	0	57313	48003
46840	109	10	109	450155	0	57311	48001
46462	172	10	172	448346	0	57314	48004

47021	875	10	875	449876	0	57312	48002
45307	63	9	62	450614	0	57313	48003
46112	15	10	16	449426	0	57311	48001

46268	750	10	750	450137	0	57314	48004
45973	219	10	219	450047	0	57312	48002
45814	78	10	78	449777	0	57311	48001

45442	844	10	844	450776	0	57312	48002
45896	63	9	62	450002	0	57314	48004
45823	437	10	438	450452	0	57311	48001
46433	219	9	218	450335	0	57313	48003

46409	562	10	563	450479	0	57314	48004
45838	407	9	406	449723	0	57311	48001

47039	343	10	344	450605	0	57313	48003
47140	141	10	141	450605	0	57312	48002
46608	406	10	406	450326	0	57314	48004

46944	844	10	844	449750	0	57313	48003
46293	250	10	250	450182	0	57312	48002
46144	47	9	46	450470	0	57311	48001
45940	109	10	110	450416	0	57314	48004

46620	953	10	953	448265	0	57312	48002

45879	203	10	203	449498	0	57314	48004
46964	63	10	63	449885	0	57313	48003
46736	125	10	125	450011	0	57311	48001

45668	937	10	937	449714	0	57312	48002
45144	344	10	344	450272	0	57314	48004
45429	47	10	47	449993	0	57311	48001
46955	31	10	31	449876	0	57313	48003

5252	1250	10	1250	448175	0	57313	48003
4393	47	10	47	450146	0	57314	48004

4755	125	10	125	449345	0	57311	48001
5479	173	24	187	449669	0	57312	48002

5648	999	10	985	449759	0	57313	48003
4766	16	10	16	450254	0	57314	48004
5282	281	10	281	449930	0	57311	48001
5710	235	9	234	450263	0	57312	48002

4510	1187	10	1188	449741	0	57314	48004
6068	32	9	31	449777	0	57312	48002
6195	47	9	47	448148	0	57313	48003

4980	78	9	78	449381	0	57311	48001

5022	1109	10	1110	449237	0	57314	48004
5624	125	10	125	449939	0	57312	48002
5432	47	10	47	449633	0	57311	48001
6056	188	9	187	449597	0	57313	48003

6042	1015	10	1016	449399	0	57312	48002
5393	219	10	219	449354	0	57311	48001
4435	156	10	156	449687	0	57314	48004
6638	63	10	63	449417	0	57313	48003

5284	1375	10	1375	449849	0	57314	48004
5466	141	9	140	449849	0	57311	48001
5871	15	10	16	450317	0	57313	48003

6488	657	9	656	450011	0	57312	48002
5606	218	10	219	449498	0	57313	48003

5648	1141	10	1141	449219	0	57313	48003
6270	110	9	109	449687	0	57311	48001
6576	31	9	31	449570	0	57312	48002

6931	828	10	829	449435	0	57314	48004
6123	16	9	15	449408	0	57311	48001
6450	15	10	16	449372	0	57312	48002

6335	1063	10	1063	449588	0	57313	48003
5910	125	10	125	448967	0	57311	48001
7233	219	9	218	449858	0	57314	48004
6372	47	9	47	449156	0	57312	48002

7274	1218	10	1219	449669	0	57314	48004
7266	32	9	31	449048	0	57313	48003
6837	203	9	203	449390	0	57312	48002
6866	265	10	266	449336	0	57311	48001

47597	813	10	813	448904	0	57314	48004
47047	78	10	78	449714	0	57312	48002
47422	219	10	219	447815	0	57313	48003

46719	625	10	625	449147	0	57311	48001
46474	31	10	31	449354	0	57314	48004
46793	594	10	594	449489	0	57312	48002

47286	297	10	297	449714	0	57313	48003
46759	141	9	140	449561	0	57314	48004
47588	750	9	750	449039	0	57311	48001

47286	15	10	16	449156	0	57313	48003
47363	156	10	156	447599	0	57312	48002
47699	766	10	766	447401	0	57313	48003

48379	328	10	328	448688	0	57311	48001
48518	219	10	219	448778	0	57314	48004
48129	360	9	359	449723	0	57312	48002

48512	578	9	578	449705	0	57311	48001
48382	31	10	32	447968	0	57313	48003

48872	687	10	687	449660	0	57311	48001
49016	63	10	63	449606	0	57312	48002
49236	62	10	62	449579	0	57314	48004

49396	985	10	985	449705	0	57311	48001
49586	31	10	31	449444	0	57312	48002
50231	297	10	297	449588	0	57314	48004
50236	234	10	234	449327	0	57313	48003

50792	875	10	875	449327	0	57314	48004

50868	469	10	469	449309	0	57312	48002
51211	31	10	31	449327	0	57313	48003
48949	422	10	422	449426	0	57314	48004
51281	79	9	78	447779	0	57311	48001

47808	953	9	953	449336	0	57314	48004
48226	218	-6	203	448904	0	57311	48001
49067	16	10	32	447581	0	57312	48002
49962	63	9	62	449534	0	57313	48003

49456	1390	10	1391	447464	0	57313	48003
49079	63	9	62	449336	0	57314	48004
49376	15	10	16	449552	0	57312	48002
48713	172	10	172	449516	0	57310	48000
49840	453	10	453	449534	0	57311	48001
49205	79	9	78	447491	0	57310	48000

49503	375	9	375	449579	0	57310	48000
49469	359	10	360	449552	0	57310	48000

49788	359	10	359	449237	0	57310	48000
49909	360	9	359	448805	0	57310	48000
50135	343	10	344	447275	0	57310	48000

50417	360	9	359	448922	0	57310	48000
50348	359	10	360	449111	0	57310	48000
49487	360	9	359	449453	0	57310	48000

49571	359	10	360	448112	0	57310	48000
49499	359	10	359	447806	0	57310	48000
49739	360	10	360	449201	0	57310	48000

50059	359	10	359	448859	0	57310	48000
49651	344	10	344	448778	0	57310	48000
49931	359	10	359	449201	0	57310	48000

50251	360	9	359	448760	0	57310	48000
50568	515	10	516	448805	0	57310	48000

50731	360	9	359	448598	0	57310	48000
51009	359	10	360	447185	0	57310	48000
50489	344	10	344	447995	0	57310	48000

50691	359	10	359	449408	0	57310	48000
50870	375	10	375	449417	0	57310	48000
50044	391	10	391	448985	0	57310	48000

50166	359	10	359	449012	0	57310	48000
50409	360	9	359	448760	0	57310	48000
50181	359	10	360	448616	0	57310	48000

50438	375	10	375	449165	0	57310	48000
50735	375	10	375	448346	0	57310	48000

50999	344	10	344	448868	0	57310	48000
51123	359	10	359	449003	0	57310	48000
51261	375	-6	359	449327	0	57310	48000

50789	344	10	360	444818	0	57310	48000
50937	344	9	343	415730	0	57310	48000
51168	312	10	313	407144	0	57310	48000

50833	328	10	328	413480	0	57310	48000
50976	375	10	375	450020	0	57310	48000
51280	344	10	344	449246	0	57310	48000

51600	360	9	359	438860	0	57310	48000
51695	330	10	331	420860	0	57310	48000
51651	297	10	297	384932	0	57310	48000
51185	157	9	156	192125	0	57310	48000

51171	140	10	141	188084	0	57310	48000
51134	156	10	156	189713	0	57310	48000
51252	157	9	156	191846	0	57310	48000
51045	140	10	141	178967	0	57310	48000
50762	141	10	141	175943	0	57310	48000
50910	187	10	187	175421	0	57310	48000
50578	94	10	94	175070	0	57310	48000

50511	125	10	125	170597	0	57310	48000
50614	141	10	141	169769	0	57310	48000
50172	140	10	140	185267	0	57310	48000
50058	157	9	156	187445	0	57310	48000
49889	140	10	141	182360	0	57310	48000
48822	125	10	125	160535	0	57310	48000
48832	125	10	125	160418	0	57310	48000
48741	141	10	141	160049	0	57310	48000

48658	109	10	109	160157	0	57310	48000
48722	141	10	141	160031	0	57310	48000
48693	125	10	125	160121	0	57310	48000
48471	125	10	125	160175	0	57310	48000
47942	125	10	125	158753	0	57310	48000
47873	125	10	125	157817	0	57310	48000
47922	125	10	125	158150	0	57310	48000
47662	125	10	125	158447	0	57310	48000

47710	125	10	125	158285	0	57310	48000
47487	125	10	125	158744	0	57310	48000
46758	125	10	125	158384	0	57310	48000
46475	141	9	140	158312	0	57310	48000
46485	125	9	125	158420	0	57310	48000
46298	125	9	125	158645	0	57310	48000
46384	125	9	125	158771	0	57310	48000
46316	125	9	125	158618	0	57310	48000

46177	125	9	125	158636	0	57310	48000
46263	125	9	125	158429	0	57310	48000
46155	125	9	125	158609	0	57310	48000
46084	125	9	125	158051	0	57310	48000
44432	125	9	125	154982	0	57310	48000
43857	125	9	125	152993	0	57310	48000
43944	125	9	125	153560	0	57310	48000
43099	125	9	125	161687	0	57310	48000

42993	125	9	125	160796	0	57310	48000
42924	125	9	125	159176	0	57310	48000
42973	125	9	125	159068	0	57310	48000
42441	125	9	125	157421	0	57310	48000
41559	125	9	125	161759	0	57310	48000
41271	140	10	141	167384	0	57310	48000
41171	125	10	125	162479	0	57310	48000
40329	125	10	125	156701	0	57310	48000

39409	125	10	125	157565	0	57310	48000
39336	125	10	125	159599	0	57310	48000
39307	125	10	125	154388	0	57310	48000
39280	125	10	125	153596	0	57310	48000
39365	125	10	125	153371	0	57310	48000
39257	125	10	125	153902	0	57310	48000
38940	141	10	141	177644	0	57310	48000
38278	109	10	109	152651	0	57310	48000

38325	125	10	125	153398	0	57310	48000
38334	125	10	125	152795	0	57310	48000
38228	126	9	125	153227	0	57310	48000
37351	124	10	125	154262	0	57310	48000
37207	125	10	125	153758	0	57310	48000
37279	110	9	109	153704	0	57310	48000
37250	125	9	125	152885	0	57310	48000
36989	125	9	125	152525	0	57310	48000

36919	125	9	125	152435	0	57310	48000
36890	125	9	125	152066	0	57310	48000
36574	109	10	110	151733	0	57310	48000
36274	125	10	125	151715	0	57310	48000
36114	109	10	109	151202	0	57310	48000
-4459	125	10	125	150428	0	57310	48000
-4951	125	10	125	149276	0	57310	48000
-5073	110	9	109	150500	0	57310	48000
-5646	125	9	125	152507	0	57310	48000

-5947	125	9	125	151886	0	57310	48000
-6170	125	9	125	150707	0	57310	48000
-6138	109	10	110	151364	0	57310	48000
-6128	125	10	125	151139	0	57310	48000
-6696	125	10	125	151661	0	57310	48000
-8553	110	9	109	150716	0	57310	48000
-8467	125	9	125	150896	0	57310	48000
-8458	125	9	125	150986	0	57310	48000

-8734	109	10	110	151247	0	57310	48000
-8924	125	10	125	151067	0	57310	48000
-9299	125	10	125	151085	0	57310	48000
-9382	109	10	109	151022	0	57310	48000
-9877	125	10	125	151256	0	57310	48000
29862	125	10	125	151670	0	57310	48000
29624	110	9	109	151598	0	57310	48000
29245	125	9	125	151022	0	57310	48000
27999	125	9	125	151571	0	57310	48000

27238	125	9	125	151130	0	57310	48000
27134	281	10	282	150671	0	57310	48000
25760	250	10	250	151724	0	57311	48001
26408	31	10	31	151508	1	57313	48003
26523	0	26	16	151679	0	57314	48004
26161	141	9	124	151382	0	57312	48002

25270	265	10	266	151463	0	57313	48003
26175	16	10	16	151481	0	57314	48004
25311	141	9	140	150527	0	57311	48001
25483	94	9	94	151472	0	57312	48002
25086	218	10	219	151265	1	57314	48004
24893	0	26	16	150509	0	57313	48003
24303	250	-6	218	151292	0	57311	48001
25001	47	10	63	151409	0	57312	48002
24170	125	10	125	151481	0	57314	48004
23181	16	9	15	151517	0	57313	48003

23487	344	9	344	151544	1	57312	48002
23103	0	25	16	151589	0	57311	48001
22910	78	9	62	151598	0	57313	48003
23144	78	9	78	151310	0	57314	48004
22430	375	9	375	151400	1	57313	48003
23325	0	25	16	151490	1	57312	48002
23067	15	26	16	151499	0	57311	48001
22531	47	10	31	150680	0	57314	48004

21520	375	10	375	158762	0	57314	48004
21296	47	10	47	159428	0	57313	48003
22698	16	9	15	151688	0	57312	48002
21939	47	9	47	157439	0	57311	48001
20424	343	10	344	150995	0	57314	48004
20277	47	10	47	149960	0	57313	48003
21734	63	9	62	160400	0	57312	48002
21186	31	10	32	159176	0	57311	48001

20111	359	10	359	151976	0	57312	48002
19806	79	9	78	152129	0	57311	48001
19789	62	10	63	152156	0	57314	48004
19907	156	10	156	152174	0	57313	48003
19478	110	-6	94	151418	0	57312	48002
19516	78	9	93	150653	0	57311	48001
18701	187	10	188	150185	0	57314	48004

18473	157	9	156	151184	0	57312	48002
17798	15	25	31	151202	0	57311	48001
18838	78	10	63	150869	0	57313	48003
17838	157	9	156	150671	0	57314	48004
16979	218	10	219	151157	0	57311	48001
17665	110	9	109	151481	0	57312	48002
16620	31	10	32	151013	1	57314	48004
18122	0	25	15	151436	0	57313	48003
16880	375	10	360	150653	0	57313	48003

15327	31	10	31	151598	0	57314	48004
16358	63	9	62	151094	0	57311	48001
15283	125	9	125	152552	0	57313	48003
16614	15	10	16	151220	0	57312	48002
14894	328	10	328	152300	0	57313	48003
15058	125	10	125	150986	0	57314	48004
15381	16	10	16	152336	0	57312	48002
15335	31	10	31	151976	0	57311	48001
14821	297	10	297	151742	0	57312	48002

13439	47	10	47	150824	0	57313	48003
13904	156	10	156	151517	0	57314	48004
14520	78	10	78	150878	0	57311	48001
13148	16	10	16	150671	0	57312	48002
12751	375	10	375	151058	0	57313	48003
12999	16	9	15	150797	0	57314	48004
12581	47	9	47	151571	0	57312	48002
13154	31	9	31	150716	0	57311	48001

10809	469	9	469	150536	0	57312	48002
12404	15	10	16	150671	2	57314	48004
12131	0	25	15	150545	1	57313	48003
12674	0	41	16	151112	0	57311	48001
11083	375	10	344	151544	0	57311	48001
10008	156	10	156	151031	1	57313	48003
9970	0	26	16	151013	1	57312	48002
10294	16	25	15	151094	0	57314	48004
9916	125	10	110	151076	0	57311	48001

8785	297	10	297	151526	0	57311	48001
10100	78	10	78	149960	0	57314	48004
9977	31	10	31	150986	0	57313	48003
9815	32	9	31	151094	0	57312	48002
8223	265	10	266	150680	0	57310	48000
8449	110	9	109	151076	0	57311	48001
8320	140	10	141	150797	0	57310	48000
9426	63	9	62	151625	0	57314	48004
9349	78	9	78	151373	0	57313	48003

7970	47	9	47	150014	0	57310	48000
7955	140	10	141	150725	0	57310	48000
8018	141	10	141	149735	0	57310	48000
7565	125	10	125	151256	0	57310	48000
7481	109	10	109	150662	0	57310	48000
7104	125	10	125	151238	0	57310	48000
6363	110	9	109	150698	0	57310	48000
6022	125	9	125	150788	0	57310	48000
5876	125	9	125	150878	0	57310	48000

5070	125	9	125	151184	0	57310	48000
4375	109	10	110	150761	0	57310	48000
4192	125	10	125	150653	0	57310	48000
3992	109	10	109	150779	0	57310	48000
3263	125	10	125	150113	0	57310	48000
2886	126	9	125	150581	0	57310	48000
2973	125	9	125	151553	0	57310	48000
2928	109	10	110	151121	0	57310	48000

2938	125	10	125	151211	0	57310	48000
2815	109	10	109	150905	0	57310	48000
2328	594	10	594	150896	0	57314	48004
1498	16	9	15	151247	2	57311	48001
2035	0	25	16	150689	1	57312	48002
2152	0	41	16	150878	0	57313	48003

1802	343	10	312	150869	0	57314	48004
3422	157	9	156	150824	0	57310	48000
1449	31	10	32	151202	0	57312	48002
928	16	9	15	150923	1	57311	48001
1579	0	25	16	150464	0	57313	48003
273	78	9	62	150734	0	57314	48004

