DelayToEnqueue	DeltaEnqueue	QueueDelay	DeltaDequeue	FrameSize	Buffer
-459	0	172	0	302601	1
-336	156	47	31	302754	0
173	393	31	377	302844	0

328	203	16	188	302925	0
455	94	15	93	303114	1
336	15	32	32	302799	0

1066	797	16	781	302952	0
1045	78	32	94	302898	0
1375	297	16	281	302682	0
1471	63	15	62	303015	0
1668	297	0	282	303294	0

2460	625	31	656	302601	0
2355	161	31	161	303285	0
2367	47	15	31	303015	0
2498	31	15	31	302835	0
2513	47	31	63	302511	0

3194	815	35	819	303150	0
3293	66	32	63	302736	0
3321	94	33	95	303447	1
3304	17	47	31	303276	0

3863	626	16	595	303519	0
3938	141	31	156	303096	0
4148	110	15	94	303033	0
4300	218	16	219	303339	0
4527	328	0	312	302871	0

4779	219	0	219	303078	0
5243	564	0	564	302871	0
5323	46	16	62	303114	0
5429	172	0	156	302790	0

5459	63	0	63	303159	0
5999	641	15	656	303069	0
6111	78	31	94	303177	0
6237	93	32	94	303375	0

6294	157	31	156	303060	0
6849	656	31	656	303375	0
7009	125	0	94	303348	0
6973	31	32	63	303339	0
7120	47	16	31	303357	0

7669	782	16	782	303240	0
7810	109	32	125	303186	1
7859	16	47	31	303771	0
7988	94	15	62	303402	0

8570	816	16	817	302619	1
8653	16	31	31	303339	0
8683	63	31	63	302790	0

8925	343	32	344	302619	0
9139	47	16	31	303321	0
9219	281	16	281	303717	0
9452	266	31	281	303276	0
9658	239	16	224	303564	0

9860	235	31	250	303411	0
10076	250	35	254	304113	0
10281	238	17	220	303474	0
10484	236	31	250	303897	0

10684	234	16	219	303150	0
10901	250	16	250	303276	0
11104	235	31	250	303240	0
11320	250	33	252	303330	0
11524	237	15	219	303411	0

11727	237	0	222	303141	0
11944	250	31	281	302979	0
12145	234	16	219	303393	0
12344	234	32	250	302889	0

12562	251	31	250	302988	0
12766	236	16	221	303546	0
12968	236	0	220	303105	0
13218	283	31	314	302880	0

13389	204	16	189	302358	0
13590	235	31	250	303069	0
13791	234	16	219	302610	0
14008	250	16	250	302772	0

14223	250	16	250	302592	0
14428	237	0	221	302682	0
14629	235	15	250	302862	0
14893	297	31	313	303204	0

15047	187	32	188	303015	0
15248	235	17	220	302754	0
15450	236	0	219	302934	0
15651	234	16	250	302763	0
15868	250	16	250	303339	0

16085	251	16	251	303456	0
16318	266	31	281	303024	0
16519	234	16	219	303078	0
16724	239	31	254	303051	0

16926	235	15	219	302925	0
17143	250	15	250	303240	0
17344	234	31	250	302727	0
17561	250	31	250	303204	0

17762	234	16	219	303375	0
18014	286	32	302	302403	0
18185	204	15	187	302889	0
18386	234	31	250	303177	0

18586	234	16	219	302943	0
18802	250	16	250	303285	0
19005	235	31	250	303420	0
19209	238	16	223	302700	0
19426	250	16	250	302799	0

19628	235	31	250	303285	0
19844	250	31	250	303033	0
20045	234	16	219	302844	0
20246	235	31	250	303060	0

20464	251	0	220	302880	0
20662	235	15	250	302943	0
20882	250	15	250	302502	0
21082	234	32	251	302349	0

21284	235	15	218	302592	0
21491	239	31	255	302754	0
21707	250	31	250	302817	0
21908	234	16	219	303231	0

22125	250	16	250	303393	0
22328	237	31	252	303321	0
22593	298	16	283	302988	0
22748	188	16	188	303537	0
22948	234	32	250	302601	0

23153	238	16	222	302925	0
23357	237	0	221	303105	0
23572	250	32	282	303294	0
23776	237	16	221	303123	0

23978	235	34	253	302772	0
24181	237	16	219	302673	0
24401	252	17	253	302934	0
24651	284	16	283	302619	0

24805	188	17	189	303078	0
25026	253	15	251	302889	0
25227	234	31	250	302880	0
25426	234	16	219	303078	0

25645	251	15	250	303267	0
25845	234	32	251	302844	0
26049	237	16	221	302754	0
26266	250	16	250	302889	0
26467	235	31	250	303465	0

26684	251	31	251	302538	0
26886	234	16	219	303060	0
27086	234	32	250	302547	0
27302	250	32	250	303330	0

27505	235	16	219	303123	0
27752	281	16	281	302970	0
27921	203	32	219	303195	0
28123	235	15	218	303303	0

28324	234	31	250	302826	0
28541	250	31	250	303231	0
28743	235	15	219	302772	0
28943	234	31	250	302979	0

29159	250	31	250	302619	0
29364	238	15	222	303213	0
29581	250	15	250	303510	0
29781	234	34	253	303303	0
29985	237	16	219	303114	0

30202	250	16	250	303132	0
30403	235	31	250	302727	0
30605	234	16	219	303114	0
30824	252	16	252	302943	0

31024	235	31	250	302925	0
31241	250	0	219	303114	0
31448	239	33	272	303321	0
31650	236	17	220	303006	0

31853	236	32	251	303024	0
32056	236	16	220	302313	0
32272	250	16	250	303222	0
32478	239	31	254	303456	0

32681	236	15	220	302835	0
32882	235	31	251	303186	0
33099	250	31	250	302637	0
33300	234	16	219	303141	0
33516	250	16	250	302745	0

33717	234	0	218	303159	0
33922	238	16	254	303528	0
34138	251	15	250	302844	0
34340	234	31	250	302619	0

34541	235	15	219	302745	0
34741	234	0	219	302511	0
34959	250	31	281	303231	0
35164	238	16	223	302601	0

35363	234	32	250	302907	0
35580	250	32	250	303051	0
35782	235	15	218	302583	0
35998	250	15	250	303078	0

36199	234	0	219	303087	0
36405	239	16	255	302763	0
36606	234	32	250	302529	0
36823	250	32	250	302898	0

37029	239	16	223	302682	0
37231	236	0	220	302664	0
37448	250	32	282	302655	0
37653	238	16	222	303087	0
37869	250	16	250	303006	0

38069	234	32	250	302574	0
38287	250	32	250	302799	0
38489	236	16	220	302430	0
38692	236	32	252	302736	0

38908	250	32	250	302691	0
39112	238	16	222	303033	0
39313	234	0	218	302673	0
39577	297	16	313	303042	0

39732	188	15	187	302817	0
39950	251	16	252	303096	0
40151	234	32	250	302565	0
40352	235	15	218	302538	0

40553	234	31	250	302700	0
40770	250	31	250	302574	0
40970	234	16	219	303231	0
41176	239	31	254	303231	0
41394	251	0	220	303141	0

41596	236	15	251	302898	0
41813	250	15	250	302637	0
42018	238	32	255	302295	0
42234	251	31	250	302988	0

42438	236	16	221	302781	0
42641	236	31	251	302682	0
42842	235	15	219	303033	0
43047	238	31	254	302349	0

43249	236	16	221	302421	0
43465	250	16	250	302745	0
43667	234	32	250	302655	0
43883	250	32	250	302448	0

44085	236	16	220	302574	0
44303	250	16	250	302430	0
44506	237	31	252	302925	0
44709	236	16	221	302547	0
44925	250	16	250	302583	0

45128	235	0	219	302745	0
45327	234	16	250	302700	0
45560	266	31	281	302862	0

45810	283	32	284	303096	0
45979	203	16	187	302997	0
46181	235	31	250	302997	0
46398	250	31	250	303078	0
46613	250	33	252	303564	0

46802	221	31	219	303096	0
47019	250	32	251	302718	0
47220	235	15	218	302430	0
47437	250	15	250	302871	0

47639	234	31	250	303114	0
47842	237	15	221	302997	0
48059	250	15	250	303375	0
48260	234	32	251	302853	0

48460	235	16	219	302889	0
48678	250	16	250	303222	0
48882	237	31	252	303240	0
49100	252	15	236	303069	0
49301	234	31	250	302916	0

49503	235	15	219	302646	0
49717	249	16	250	302835	0
49920	235	31	250	302907	0
50121	234	16	219	302439	0

50336	250	16	250	302502	0
50539	235	31	250	302826	0
50740	234	16	219	303240	0
50956	250	16	250	303654	0

51157	234	32	250	303447	0
51374	250	32	250	303357	0
51575	235	15	218	303150	0
51792	250	15	250	302772	0

51992	234	31	250	303141	0
52196	237	16	222	303204	0
52398	235	31	250	303123	0
52615	250	31	250	303267	0
52813	234	16	219	302925	0

53032	250	16	250	303132	0
53233	234	32	250	302925	0
53450	251	31	250	302772	0
53651	234	16	219	303159	0

53854	237	31	252	302547	0
54054	234	16	219	303159	0
54272	250	16	250	303195	0
54472	234	32	250	303213	0

54675	236	16	220	302817	0
54892	250	18	252	302700	0
55095	237	31	250	302673	0
55312	250	31	250	302574	0

55512	234	16	219	303051	0
55714	235	31	250	302808	0
55932	252	31	252	302529	0
56134	234	16	219	302736	0

56336	235	31	250	302970	0
56541	239	0	208	302430	0
56758	250	0	250	302736	0
56963	238	15	253	302574	0
57163	234	31	250	302331	0

57368	238	15	222	302484	0
57570	235	32	252	302439	0
57786	250	0	218	303330	0
58003	250	0	250	302970	0

58204	235	15	250	302970	0
58405	234	32	251	303321	0
58622	250	0	218	303483	0
58824	235	15	250	303006	0

59040	250	15	250	303150	0
59243	236	32	253	303618	0
59446	236	15	219	302763	0
59648	236	32	253	303249	0

59866	251	32	251	303276	0
60068	235	15	218	303420	0
60284	250	15	250	303348	0
60485	234	31	250	303042	0

60685	234	16	219	303321	0
60902	250	16	250	303456	0
61103	235	31	250	303393	0
61320	250	31	250	303015	0
61520	234	16	219	303042	0

62190	703	32	719	302979	0
62129	238	15	221	302781	0
62127	31	16	32	303213	0

62501	441	16	441	302844	0
62704	236	31	251	302970	1
62785	15	47	31	302412	0
62795	110	31	94	303042	0

63444	750	31	750	302097	0
63590	78	16	63	302835	0
63554	64	16	64	302592	0
63700	79	0	63	302925	0

64055	455	15	470	302871	0
64412	424	31	440	302988	0
64517	172	15	156	303465	0
64597	47	0	32	303429	0
64726	62	0	62	303420	0

65195	703	16	719	302979	0
65354	125	16	125	303573	0
65516	96	16	96	303168	0
65592	109	35	128	303366	0

66031	538	32	535	303114	0
66087	157	31	156	302952	0
66497	344	31	344	303510	0
66460	62	31	62	303564	0

66667	141	15	125	303114	0
67083	515	0	500	302952	0
67359	376	31	407	303204	0

67486	94	31	94	303573	1
67535	15	47	31	303195	0
68045	610	31	594	303114	0
68120	109	16	94	303474	0
68321	267	31	282	303870	0

68559	205	15	189	303492	0
68506	47	31	63	303663	0
68976	437	0	406	303348	0
69173	297	15	312	303636	0

69269	62	16	63	303726	0
69546	377	16	377	303546	0
69814	235	31	250	303357	0
69872	125	0	94	303528	0

70339	500	31	531	303546	0
70363	125	31	125	303564	0
70586	156	31	156	303411	0
70760	208	0	177	303339	0
70928	234	16	250	303069	0

71317	422	0	406	303366	0
71562	312	32	344	302925	0
71799	204	15	187	303186	1
71747	15	32	32	302844	0
71777	63	0	31	302988	0

72348	703	16	719	303438	0
72603	156	16	156	303411	0
72679	110	31	125	303276	1
72661	15	47	31	303168	0

73206	611	31	595	303420	0
73247	141	15	125	303555	0
73642	328	0	313	303285	0

73656	47	15	62	303087	0
73682	93	16	94	302916	0
74419	770	31	785	303222	0
74446	94	31	94	303204	0
74443	31	31	31	302898	1

74526	16	47	32	303132	0
75190	797	31	781	303006	1
75238	15	47	31	303231	0
75250	78	32	63	302700	0

75529	313	32	313	303438	0
75981	518	17	503	303213	0
76088	142	31	156	303528	1
76171	15	47	31	302709	1
76103	32	46	31	303492	0

76750	781	16	751	302907	0
76909	126	15	125	303456	0
76992	15	31	31	303168	0
77004	47	16	32	303411	0

117605	734	32	750	302907	0
117635	63	31	62	302961	0
117827	126	32	127	302970	0
117759	32	31	31	303276	0

118476	816	31	816	303294	0
118620	78	15	62	303501	0
118635	47	31	63	303069	0
118755	187	31	187	303465	0

119255	533	31	533	303483	0
119407	219	31	219	303384	0
119467	93	0	62	302979	0
119565	32	31	63	303177	0

120081	616	16	601	303375	0
120298	250	16	250	303042	0
120375	110	31	125	302880	0
120606	265	16	250	303375	0

120916	344	16	344	302718	0
120959	109	32	125	303393	0
121042	49	15	32	303123	0

121612	675	31	691	303276	0
121645	62	31	62	303132	0
121743	31	31	31	303312	0
121862	219	0	188	303132	0
122325	563	31	594	303393	0

122448	156	31	156	303393	0
122595	47	15	31	302700	0
122639	78	0	63	302952	0
123215	676	16	692	303483	0

123321	172	0	156	303357	0
123397	110	15	125	303690	0
123604	140	32	157	303348	0
123661	157	31	156	303231	0

124200	673	16	658	303519	0
124441	141	31	156	302871	0
124455	47	15	31	303438	0
124453	31	16	32	303483	0

125144	859	32	875	303564	1
125228	16	47	31	303816	1
125291	31	47	31	303348	0
125319	94	16	63	303654	0
125876	657	16	657	303582	0

125982	172	0	156	303330	0
126076	62	0	62	303438	0
126160	16	16	32	303348	0
126694	735	31	750	303168	0

126823	62	0	31	303438	0
126801	78	16	94	303537	0
127080	313	15	312	303690	1
127195	15	31	31	303609	0
127510	547	16	532	303510	0

127809	266	0	250	303240	0
127890	47	15	62	303636	0
128173	250	15	250	303753	0

128536	596	15	596	303357	0
128772	171	32	188	303456	1
128755	16	47	31	303465	0
129343	520	31	504	303357	0

129974	831	15	815	303330	0
130038	31	15	31	303285	0
130018	47	31	63	303150	0
130243	125	31	125	303105	0

130916	875	31	875	303492	1
130900	15	47	31	303024	1
130982	16	62	31	303213	0
131125	109	16	63	303789	0

131641	750	16	750	303285	0
131849	174	0	158	303465	0
131931	16	15	31	303636	0
132006	109	31	125	303330	0

132432	625	31	625	303438	0
132781	250	31	250	303393	0
132780	31	32	32	303573	1
132763	16	47	31	303006	0

133424	828	31	812	303609	1
133507	16	47	32	303186	0
133587	47	31	31	303339	0
133770	250	31	250	303537	0

134094	390	16	375	303366	0
134170	110	31	125	302736	0
134746	609	16	594	303051	0

134901	188	15	187	302790	0
134849	15	33	33	302907	0
134931	49	16	32	303645	0
135333	469	15	468	303573	0

135691	391	31	407	303033	0
135796	172	16	157	303159	0
136036	206	31	221	303276	1
135983	15	47	31	303609	0
136280	329	31	313	303690	0

136742	562	31	562	302772	0
136833	125	0	94	303204	0
136965	31	32	63	303213	0
136993	63	0	31	303096	0

137754	860	16	876	303033	0
137669	16	31	31	303069	1
137718	15	47	31	302763	0
137861	110	31	94	303159	0

138292	531	31	531	302790	0
138587	328	16	313	303114	0
138617	63	15	62	302916	0
139022	438	15	438	302799	0

139155	234	0	219	303519	0
139270	47	16	63	303033	0
139361	125	16	125	303168	0
139983	688	16	688	303240	0

139963	47	31	62	303258	0
140027	31	32	32	303168	0
140227	266	16	250	303294	0
140565	438	16	438	303096	0
140881	250	16	250	302628	0
140863	16	31	31	303357	0

140952	156	31	156	303411	0
141717	797	16	782	303159	0
141746	62	16	62	302763	1

141695	16	31	31	303114	1
141743	16	47	32	302619	0
142358	781	16	750	302754	0
142505	47	0	31	302808	0
142550	78	16	94	303519	0

142625	109	32	125	303303	0
143260	703	16	687	303168	0
143302	141	31	156	302700	0
143367	31	32	32	303123	0
143478	78	16	62	303096	0

144051	672	0	656	303096	0
144141	157	0	157	303078	0
144206	31	0	31	302880	0

144483	344	31	375	303285	0
144855	406	31	406	302862	0
144930	109	16	94	303168	0
144992	94	16	94	302763	0

145583	625	16	625	303357	0
145577	94	15	93	303105	0
145657	47	31	63	303537	0
145752	62	31	62	303402	0

146278	626	0	595	302916	0
146604	358	16	374	303006	0
146552	16	32	32	303537	0
146681	94	0	62	303168	0
146972	359	16	375	303150	0

147065	125	16	125	303564	0
147530	532	15	531	303357	0
147656	93	16	94	303465	0
147665	110	31	125	303438	0

147996	297	15	281	303258	0
148367	437	16	438	303249	1
148350	16	31	31	303474	0
148538	254	32	255	303744	0

148883	313	32	313	303564	0
149065	282	31	281	303276	1
149114	15	47	31	303816	0

149686	672	32	657	303843	0
149746	94	31	93	303555	0
149760	47	16	32	303519	0
149876	16	35	35	302979	0
150305	662	0	627	303222	0

150577	172	16	188	303222	0
150730	187	16	187	303546	0
150791	94	16	94	303519	0
151193	469	16	469	303690	0

151374	281	16	281	303375	0
151534	94	16	94	303447	0
151816	314	16	314	303474	0
151981	266	0	250	303240	0
152030	15	16	31	303204	0

152539	610	31	625	302979	0
152534	62	32	63	303285	0
152728	94	31	93	303681	0
152959	297	16	282	302979	0

153330	438	15	437	303159	0
153375	78	31	94	303330	0
153527	219	31	219	303294	0
153857	297	15	281	303069	0

154131	375	15	375	302925	0
154228	62	19	66	302979	0
154350	222	16	219	303141	0
154617	234	32	250	303015	0

155070	552	15	535	303105	0
155196	93	16	94	303105	0
155267	172	31	187	303015	0
155426	125	31	125	303132	0
61670	78	16	63	287985	0

62013	375	16	375	288642	0
62277	297	31	312	288858	0
62462	219	31	219	288687	0
62666	237	15	221	288363	0

62866	234	31	250	288102	0
63051	219	31	219	288174	0
63239	221	31	221	288003	0
63444	238	16	223	287832	0
63645	235	32	251	287337	0

63834	220	31	219	286959	0
64021	221	31	221	286464	0
64221	234	15	218	286329	0
64422	234	0	219	286032	0

64660	270	16	286	285933	0
64844	219	15	218	285681	0
65045	234	0	219	285384	0
65231	219	0	219	284781	0

65433	236	16	252	285195	0
65620	220	16	220	284655	0
65822	235	0	219	285123	0
66022	234	16	250	285231	0
66208	219	16	219	284979	0

66394	219	15	218	284889	0
66597	237	0	222	285006	0
66782	218	0	218	284961	0
66986	237	16	253	285312	0

67171	219	16	219	285186	0
67372	234	0	218	285384	0
67558	219	31	250	285600	0
67759	235	15	219	285204	0
67960	234	31	250	285600	0

68141	219	0	188	285834	0
68335	223	32	255	285915	0
68537	235	15	218	285519	0
68726	222	16	223	285402	0

68910	219	15	218	285789	0
69111	234	0	219	286023	0
69297	219	31	250	285690	0
69498	234	16	219	285537	0
69700	235	0	219	285969	0

69887	220	31	251	285645	0
70072	219	0	188	286095	0
70273	234	16	250	286194	0
70475	235	0	219	286338	0

70659	218	0	218	285744	0
70849	223	31	254	285789	0
71052	236	16	221	284862	0
71238	220	15	219	284412	0
71423	218	16	219	283413	0

71625	235	31	250	283116	0
71810	219	0	188	282810	0
72012	235	16	251	282774	0
72198	219	16	219	282756	0

72385	221	16	221	283107	0
72574	221	16	221	283089	0
72792	252	15	251	283323	0
72962	204	32	221	283485	0
73148	219	32	219	283692	0

73350	235	16	219	284196	0
73537	222	15	221	284673	0
73726	221	16	222	284610	0
73928	235	0	219	284970	0

74113	219	0	219	285582	0
74314	234	16	250	285852	0
74516	235	31	250	285537	0
74700	218	32	219	286293	0
74902	235	15	218	286419	0

115086	218	16	219	286194	0
115287	235	31	250	286833	0
115475	221	0	190	286617	0
115677	234	16	250	286923	0

115862	219	16	219	287202	0
116063	234	0	218	287247	0
116265	235	15	250	287553	0
116465	234	32	251	287949	0
116651	219	35	222	288237	0

116841	223	31	219	288615	0
117044	237	15	221	288777	0
117246	234	32	251	288939	0
117431	219	31	218	289542	0

117630	234	16	219	289911	0
117832	235	31	250	290370	0
118018	218	32	219	290532	0
118218	235	16	219	290694	0

118419	234	32	250	290919	0
118622	235	15	218	291063	0
118821	234	31	250	291081	0
119007	219	31	219	291027	0
119208	234	16	219	291918	0

119409	235	31	250	291765	0
119611	234	16	219	292125	0
119811	234	32	250	291900	0
120013	235	15	218	291909	0

120214	234	31	250	292692	0
120415	234	16	219	293736	0
120632	251	15	250	295077	0
120911	312	16	313	296112	0

121144	266	31	281	297867	0
121360	250	31	250	299073	0
121561	234	16	219	301116	0
121778	250	16	250	302745	0

121979	235	31	250	305058	0
122180	234	16	219	308343	0
122397	250	16	250	312204	0
122617	255	31	270	316344	0

122852	268	15	252	320178	0
123070	250	15	250	324174	0
123301	265	0	250	327261	0
123518	250	31	281	328710	0

123752	266	15	250	328656	0
123982	265	32	282	327045	0
124199	250	32	250	326748	0
124432	266	16	250	327171	0

124648	250	16	250	329178	0
124886	271	15	270	332625	0
125118	265	32	282	336513	0
125353	269	16	253	341715	0

125603	284	15	283	348051	0
125852	281	18	284	354045	0
126103	286	15	283	359472	0

126354	283	16	284	364800	0
126618	297	31	312	368895	0
126881	297	15	281	373539	0
127144	296	32	313	377076	0

127411	300	15	283	381486	0
127689	312	18	315	385311	0
127971	315	16	313	389721	0

128253	315	15	314	394365	0
128531	312	16	313	399135	0
128825	328	31	343	404004	0

129121	328	16	313	408612	0
129415	328	32	344	412572	0
129711	329	15	312	416910	0

130006	328	0	313	421221	0
130315	344	31	375	424650	0
130613	330	15	314	428781	0

130959	379	16	380	431859	0
131270	345	16	345	436107	0
131597	360	31	375	439554	0

131912	348	31	348	440625	0
132224	346	32	347	439185	0
132551	360	16	344	437025	0

132862	344	16	344	434676	0
133171	344	15	343	431472	0
133486	347	15	347	427863	0

133798	345	16	346	423561	0
134095	331	31	346	419574	0
134389	328	16	313	416343	0

134685	328	31	343	412221	0
134979	328	16	313	410646	0
135321	375	16	375	409836	0

135569	281	16	281	408855	0
135848	313	16	313	407613	0
136143	328	31	343	406290	0

136441	331	15	315	406803	0
136719	312	16	313	407271	0
137018	332	0	316	407073	0
137297	312	0	312	406452	0

137638	375	32	407	406542	0
137887	283	32	283	406398	0
138184	329	15	312	406677	0

138478	328	32	345	407892	0
138757	313	32	313	408747	0
139054	330	16	314	409926	0

139351	331	31	346	411438	0
139646	328	16	313	412734	0
139929	316	16	316	414201	0

140226	330	31	345	415677	0
140522	330	16	315	416172	0
140833	344	15	343	416577	0

141127	328	31	344	416046	0
141422	328	16	313	415146	0
141717	328	31	343	412815	0

142011	328	16	313	410250	0
142306	328	32	344	407487	0
142587	314	31	313	404382	0

142882	328	16	313	401466	0
143165	316	16	316	398964	0
143445	313	16	313	396309	0

143723	312	16	312	394239	0
144003	313	16	313	392151	0
144282	312	16	312	389946	0
144545	297	32	313	388416	0

144825	313	31	312	387237	0
145107	315	31	315	386193	0
145370	297	16	282	385500	0

145638	301	0	285	384429	0
145917	313	0	313	384024	0
146180	297	15	312	383619	0

146491	343	16	344	382548	0
146728	270	31	285	382926	0
147005	312	31	312	382341	0
147269	297	16	282	381891	0

147534	298	31	313	382116	0
147813	313	0	282	382539	0
148077	297	15	312	381945	0

148341	296	0	281	381792	0
148620	313	31	344	381837	0
148887	300	15	284	381855	0

149150	296	32	313	381729	0
149413	297	16	281	381549	0
149695	315	15	314	381648	0
149958	296	16	297	381585	0

150237	313	16	313	381126	0
150500	297	0	281	381297	0
150765	297	15	312	381081	0

151043	312	16	313	381189	0
151338	328	0	312	381153	0
151571	266	16	282	380676	0

151847	312	16	312	380703	0
152113	297	0	281	380820	0
152376	297	31	328	380415	0
152655	313	31	313	380343	0

152919	297	15	281	380469	0
153183	296	0	281	380244	0
153446	297	16	313	380082	0
153726	313	15	312	380289	0

153990	297	31	313	380163	0
154299	343	32	344	380586	0
154532	266	16	250	379911	0
154796	297	31	312	380208	0
155060	300	16	285	379389	0

155988	959	31	974	379344	1
155970	15	47	31	379497	1
155951	16	62	31	379407	0
156141	222	0	160	379344	0
156420	312	0	312	379344	0
156683	297	16	313	379668	0

156946	297	0	281	379722	0
157226	313	0	313	379344	0
157489	297	16	313	379335	0

157784	328	32	344	379389	0
158049	297	16	281	379128	0
158312	297	31	312	378867	0
158592	313	32	314	379182	0

158856	297	16	281	378858	0
159119	297	31	312	378948	0
159383	297	16	282	378975	0

159647	297	31	312	378849	0
159924	312	32	313	378957	0
160189	297	16	281	379173	0

160453	297	31	312	379083	0
160732	313	31	313	379695	0
160995	296	16	281	379821	0
161259	297	32	313	380172	0

161521	297	16	281	379974	0
161802	313	15	312	380262	0
162066	297	31	313	380370	0

162327	296	16	281	380100	0
162607	313	16	313	380181	0
162872	297	31	312	380280	0

163135	297	15	281	380568	0
163399	297	0	282	380595	0

164412	1046	16	1062	380622	0
71380	235	0	219	364827	0
71581	234	16	250	365025	0
71594	47	31	62	365070	0
71591	31	32	32	364872	0

72122	563	0	531	364980	0
72524	469	31	500	365016	0

72721	265	16	250	364818	0
72787	31	16	31	364890	0
72869	16	31	31	364845	0

73687	984	16	969	364386	0
73683	63	16	63	364260	0
73814	31	16	31	365025	0
73997	250	16	250	364674	0

74444	547	0	531	365052	0
74744	266	15	281	364539	0
74737	93	16	94	365016	0
115177	407	15	406	364863	0

115358	281	16	282	364611	0
115485	94	15	93	364728	0
116075	656	16	657	364395	0

116349	375	16	375	364530	0
116507	125	16	125	364467	0
116634	94	15	93	364764	0
116816	281	16	282	364530	0

117484	734	0	718	364530	0
117528	78	16	94	364917	0
117689	94	16	94	364638	0
117684	94	16	94	365241	0

118536	953	31	968	364575	1
118520	16	47	32	364854	0
118663	78	31	62	364584	0
118775	78	16	63	364494	0

119625	984	0	968	364818	0
119619	94	31	125	364755	0
119733	47	16	32	364719	0

120028	328	31	343	364836	0
120211	250	0	219	364674	0
120709	531	32	563	364476	0

121017	375	0	343	364359	0
121047	63	0	63	364215	0
121268	156	31	187	364503	0
121403	235	15	219	364305	0

122160	890	31	906	364548	0
122224	31	32	32	364314	0
122324	32	31	31	364242	0
122384	93	32	94	364368	0

123144	860	15	843	364278	0
123311	234	31	250	364728	0
123356	78	16	63	364593	0

123485	63	15	62	364620	0
123979	594	15	594	364539	0

124478	531	15	531	364476	0
124488	78	0	63	364287	0
124538	16	15	31	364557	0
125111	640	0	625	364539	0

125293	250	31	281	364908	0
125371	110	15	94	364449	0
125609	171	0	156	364557	0
125884	375	32	407	364764	0

126536	719	31	718	364350	0
126533	31	32	32	364593	0
126710	110	15	93	364359	0
126641	31	16	32	364386	0

127358	750	16	750	364665	0
127763	438	15	437	364287	0

127929	234	0	219	363963	0
128056	94	0	94	364269	0
128084	93	32	125	364242	0
128503	454	15	437	364224	0

128891	421	32	438	364395	0
129531	672	16	656	364440	0
129512	16	31	31	364368	0
129589	141	15	125	364269	0
129715	93	16	94	364224	0

130428	813	15	812	364683	0
130516	156	16	157	364674	0

130691	141	31	156	364053	0
130788	31	31	31	364593	0

131541	953	16	938	364296	0
131586	78	31	93	364215	0
131856	203	16	188	364494	0
131905	16	31	31	364512	0
132344	672	16	657	364233	0

132470	94	15	93	364233	0
132895	359	31	375	364458	0
132941	78	16	63	364359	0

133538	797	0	781	364548	0
133840	203	16	219	364107	0
133806	31	16	31	364422	0
134073	235	0	219	364845	0

134363	390	16	406	364260	0
134889	625	16	625	364521	0
135093	172	0	156	364107	0

135122	94	0	94	363819	0
135238	16	15	31	364323	0
135961	890	0	875	364017	0
135969	78	16	94	364080	0

136100	94	16	94	364026	0
136307	141	31	156	364035	0

137031	890	16	875	364233	0
137096	32	15	31	364152	0
137357	328	31	344	364107	0
137635	312	32	313	364305	0

137931	328	16	312	364764	0
138366	469	16	469	364872	0
138427	94	16	94	364710	0
138502	109	32	125	364611	0

138860	391	16	375	364485	0
139368	609	0	593	364683	0
139449	47	16	63	364458	0
139530	47	0	31	364656	0

139727	297	16	313	364233	0
140475	781	16	781	364629	1
140391	16	31	31	364665	0

140691	234	16	219	364764	1
140674	16	31	31	365025	0

141513	906	0	875	364521	0
141429	16	15	31	364719	0
141574	78	31	94	364494	0
142025	484	16	469	365106	0
142191	266	0	250	364467	0
142239	15	16	31	364863	0

143023	954	31	969	364422	0
143122	62	0	31	364530	0
143204	16	15	31	364314	0
143202	31	16	32	364116	0

144131	1062	16	1062	364278	0

144129	32	15	31	364440	1
144210	15	32	32	364449	0
144330	219	0	187	363504	0
144902	672	16	688	363873	0
145063	94	15	93	364143	0

145232	203	31	219	364134	0
145588	422	15	406	364341	0

145959	406	16	407	364575	0
146175	281	16	281	364413	0
146428	219	16	219	364215	0
146516	156	16	156	364341	0
146577	94	16	94	364350	0

147178	734	32	750	364098	0
147274	63	0	31	364197	0
147479	172	15	187	364287	0
147685	172	0	157	364341	0

148373	922	15	937	363729	0
148613	140	0	125	364233	0
148596	16	15	31	363909	0

148890	328	0	313	364350	0
149183	359	16	375	364422	0

149619	469	16	469	364395	0
149804	219	15	218	363801	0
150318	547	31	563	364044	0
150332	47	15	31	364116	0
150423	125	15	125	364233	0

150560	171	0	156	364062	0
151225	797	16	813	363711	0

151382	125	16	125	363819	0
151497	47	31	62	363927	1
151494	31	32	32	363747	0
152138	844	0	812	363567	0

152422	250	0	250	363765	0
152504	16	15	31	363711	0
152534	62	16	63	363477	0

153146	813	15	812	363783	0
153324	78	0	63	364008	0
153447	156	0	156	363657	0
153910	563	0	563	363891	0
154007	31	0	31	363648	0

154360	453	16	469	363441	0
154635	375	16	375	364116	0
154888	219	15	218	363045	0

155030	109	0	94	363090	0
155149	219	31	250	366267	0

155860	812	0	781	380793	0
156047	219	31	250	392673	1
156128	16	47	32	374358	1
156177	15	63	31	369543	0

157182	1204	15	1156	407676	0
157260	46	0	31	410835	0
157325	32	31	63	403050	0
157257	31	31	31	406722	0

158124	1000	31	1000	396651	0
158365	141	15	125	406740	0

158563	265	31	281	399603	0
158628	31	32	32	403599	0
159403	875	32	875	392016	0

159522	219	0	187	386913	0
159681	94	31	125	389334	0
159929	281	31	281	388047	0
160111	250	0	219	385743	0

160751	672	16	688	384762	0
160985	266	0	250	383916	0
161107	156	31	187	383349	1
161105	31	31	31	383349	0

161847	875	31	875	382782	1
161962	16	47	32	382899	0
162130	234	0	187	382242	0
162177	16	16	32	382485	0

162845	766	0	750	382107	0

163171	359	16	375	382485	0
163279	141	31	156	382215	0
163604	359	16	344	382314	0
163805	234	0	218	382359	0
163929	157	0	157	382656	0

164591	796	16	812	383772	0
164674	16	31	31	383439	0
164770	63	31	63	382800	0

164954	250	0	219	383772	0
165762	875	0	875	384492	0
165775	46	16	62	384231	0
165754	47	0	31	385113	0

166303	516	16	532	384465	0
166316	78	0	62	384906	0

166907	625	31	656	385140	0
167200	359	16	344	384987	0
167307	141	0	125	385248	0
167483	109	16	125	384933	0

167930	547	0	531	385257	0
168269	407	31	438	385455	0
208491	187	0	156	385428	0

208549	125	0	125	385608	0
209219	703	16	719	385590	0

209496	344	16	344	385401	0
209510	47	0	31	385338	0
209591	15	16	31	385068	0
210366	875	16	875	385473	0

210457	157	15	156	385437	0
210501	78	31	94	385149	0
210708	140	16	125	385464	0
211140	532	15	531	385365	0

211648	609	0	594	385428	0
211729	47	16	63	385320	0
211757	94	15	93	385329	0
212044	187	16	188	385185	0

212700	891	0	875	385113	0
212925	125	31	156	385500	0

213218	359	16	344	385590	0
213314	63	15	62	385491	0
213495	281	16	282	385167	0

214320	891	31	906	385257	0
214332	78	15	62	384987	1
214447	15	32	32	385419	0
214677	297	16	281	385356	0

215062	453	0	437	385122	0
215515	485	15	500	385104	0

215852	437	16	438	385023	1
215901	16	62	62	384843	1
215966	31	63	32	384843	0
216597	766	15	718	384726	0

216741	109	0	94	384654	0
217031	391	31	422	384285	0
217236	172	15	156	384681	0

217714	578	0	563	384303	0
217778	31	0	31	384519	0
114873	328	16	344	371433	0
218463	422	0	406	384546	0
218445	16	15	31	384645	0

115220	109	0	94	370524	0
115217	297	0	297	370875	0
115482	297	15	312	370920	0
115773	359	0	344	371550	0

115505	297	16	313	371478	0
115768	297	31	312	371532	0
115999	297	15	281	371919	0

116162	297	0	282	371460	0
116226	297	15	312	372108	0
116440	281	15	281	371964	0

116651	312	16	313	371874	0
116516	297	31	312	371289	0
116030	281	0	250	371082	0
115726	297	16	313	370740	0

115824	297	0	281	371424	0
115955	297	16	313	371460	0
76185	297	0	281	370758	0

75999	281	31	312	371424	0
76279	313	0	282	371406	0
75927	281	31	312	371415	0
75057	297	15	281	370929	0

75201	312	16	313	370767	0
75097	328	0	312	371010	0
75261	297	16	313	369507	0

75291	297	0	281	369426	0
75521	297	16	313	369804	0
75785	297	31	312	370056	0

75599	281	31	281	371496	0
75760	328	32	329	371253	0
75276	282	31	281	369858	0
75339	296	16	281	368148	0

75202	297	32	313	367977	0
75366	297	16	281	368625	0
75514	281	16	281	369390	0

75777	297	32	313	369813	0
76057	313	31	312	370425	0
76187	297	15	281	371226	0
76035	281	16	282	370641	0

74865	297	31	312	370974	0
74896	297	15	281	371550	0
74692	297	0	282	371046	0

74855	296	16	312	371046	0
75018	297	32	313	371181	0
74848	297	16	281	370272	0
75129	313	15	312	370524	0

75358	297	31	313	370146	0
75040	281	31	281	370290	0
75237	297	15	281	370245	0

75200	297	31	313	370848	0
75480	312	31	312	371019	0
75643	297	16	282	371307	0

75324	281	16	281	370992	0
74968	344	0	328	371478	0
75099	297	15	312	370686	0
74913	281	16	282	371379	0

75176	297	31	312	370704	0
75422	312	16	297	370803	0
75486	297	32	313	371055	0

75548	297	16	281	370623	0
75597	281	16	281	370785	0
75627	297	32	313	371217	0
75724	297	16	281	371271	0

75988	297	0	281	371046	0
75485	297	16	313	371163	0
75796	344	15	343	370551	0

75811	281	16	282	370542	0
76039	297	31	312	370353	0
76271	297	15	281	370317	0

76234	297	31	313	370794	0
76363	297	15	281	370857	0
76626	296	32	313	371028	0
76590	297	16	281	370371	0

76788	297	31	312	370533	0
76600	313	0	282	370920	0
76282	281	31	312	371055	0

76445	297	15	281	371352	0
76543	297	31	313	371307	0
76724	281	31	281	370479	0
76721	297	15	281	370830	0

76483	297	31	313	370902	0
76582	297	15	281	371091	0
76343	296	0	281	371244	0

76093	282	31	313	371010	0
76290	297	15	281	371154	0
76452	296	32	313	371487	0
76582	297	16	281	371523	0

76745	297	0	281	371712	0
76811	297	16	313	371640	0
76740	297	0	281	370920	0

75788	281	31	312	371010	0
76052	297	16	282	371181	0
76215	297	0	281	370695	0

76479	297	15	312	371118	0
76209	297	0	282	370785	0
76273	297	15	312	371181	0
75787	281	15	281	372009	0

75818	297	31	313	371640	0
75715	297	15	281	371451	0
75893	312	16	313	371172	0

75874	281	16	281	371325	0
74905	297	0	281	371829	0
74734	297	16	313	373314	0
74965	297	0	281	373476	0

74729	297	15	312	371766	0
74959	297	0	282	371694	0
74656	297	15	312	372558	0

74886	296	0	281	372477	0
75148	297	16	313	372108	0
75131	282	15	281	371730	0
75193	296	32	313	371523	0

75124	297	16	281	371415	0
75388	297	31	312	371298	0
75552	297	16	282	370227	0

75815	297	31	312	370380	0
76012	297	15	281	370074	0
76260	281	16	282	370353	0
76390	297	31	312	370875	0

76554	297	15	281	370308	0
76818	297	0	282	370263	0
77081	297	15	312	370209	0

77044	296	32	313	375573	0
76277	266	16	250	338736	0
76211	234	0	218	302259	0
76342	266	16	282	321564	0

75329	219	15	218	283674	0
75215	219	15	219	288192	0
74982	234	0	219	295824	0
75032	250	31	281	305679	0

74913	281	0	250	349905	0
74793	313	0	313	389478	0
75005	312	0	312	392808	0

74118	313	31	344	392853	0
74163	312	0	281	395796	0
74043	313	0	313	393186	0
73839	297	15	312	388695	0

73652	312	16	313	390513	0
73765	313	15	312	392691	0
73509	312	16	313	392232	0

72923	313	15	312	389694	0
73052	297	0	282	390153	0
72931	312	0	312	390360	0

73211	313	0	313	390108	0
73489	312	0	312	389811	0
73402	313	0	313	391143	0
73681	312	0	312	391179	0

73861	313	31	344	391395	0
73990	296	16	281	390792	0
74003	313	16	313	390198	0

73964	328	31	343	390171	0
74228	297	16	282	390747	0
74007	312	16	312	390531	0

74286	313	16	313	390153	0
74533	312	16	312	390180	0
74446	313	16	313	390378	0

74324	312	16	312	390288	0
74203	313	16	313	389901	0
74167	297	0	281	389802	0
74146	312	0	312	390216	0

73725	313	0	313	390216	0
73905	312	0	312	390072	0
74151	313	31	344	389847	0

73681	297	15	281	390585	0
73393	312	16	313	389883	0
73140	313	15	312	389676	0

112717	312	16	313	389595	0
112998	313	15	312	390072	0
113127	297	31	313	389658	0
113074	312	0	281	389775	0

112787	313	31	344	389622	0
112632	312	31	312	389802	0
112913	313	0	282	389685	0

113074	296	16	312	389946	0
113221	313	16	313	390000	0
113499	312	16	312	390171	0

113712	313	16	313	390180	0
113958	312	16	312	390522	0
113988	297	32	313	390081	0

114201	313	31	312	389991	0
114446	312	0	281	390135	0
114726	313	0	313	389820	0
115005	312	32	344	389775	0

115068	297	16	281	389892	0
115048	313	15	312	389622	0
115092	312	16	313	389982	0

115073	313	15	312	389163	0
114737	297	31	313	388947	0
114715	312	31	312	388542	0

114728	313	0	282	389127	0
115007	312	31	343	389721	0
115137	297	16	282	389244	0
115416	312	16	312	389424	0

115696	313	16	313	389505	0
115941	312	16	312	389145	0
116221	313	16	313	389127	0

116434	313	15	312	389631	0
116412	312	16	313	389163	0
116560	313	15	312	389100	0

116404	312	16	313	388965	0
116384	313	15	312	388848	0
116446	296	0	281	388920	0

116658	313	31	344	388920	0
116938	312	32	313	388920	0
117184	313	31	312	389046	0
117414	297	15	281	388848	0

117559	312	16	313	389118	0
117273	313	15	312	388857	0
117252	312	16	313	389073	0

117482	297	31	312	389172	0
117695	313	31	313	388866	0
117840	312	31	312	389055	0

117920	313	31	313	389064	0
117465	312	31	312	389226	0
117630	297	16	282	389073	0

117708	313	15	312	389010	0
117654	312	16	313	388875	0
117584	297	31	312	388641	0
117130	312	32	313	389253	0

116976	313	0	281	389460	0
76421	312	32	344	389379	0
76101	313	0	281	389442	0

75980	312	0	312	389217	0
76077	297	16	313	389190	0
76223	313	15	312	389190	0

76435	312	16	313	389325	0
76282	313	15	312	389055	0
74705	297	0	282	389109	0
74757	312	0	312	389703	0

74603	313	0	313	389811	0
74282	312	31	343	390153	0
74179	297	16	282	389712	0

74425	313	15	312	390000	0
74137	312	16	313	389541	0
74383	313	15	312	389784	0

74528	312	16	313	389649	0
74775	313	15	312	389478	0
74905	296	0	281	390180	0

75184	313	31	344	389955	0
75296	312	0	281	389811	0
75274	344	0	344	388920	0
75455	281	0	281	388938	0

75551	297	16	313	389379	0
75464	313	15	312	388902	0
75610	312	16	313	388875	0

75739	297	0	281	388614	0
76020	313	0	313	388767	0
76264	312	31	343	388731	0

76478	313	0	282	388650	0
76443	297	15	312	388272	0
76687	312	16	313	388245	0
76666	313	15	312	388425	0

76880	312	16	313	388254	0
77077	297	0	281	388227	0
77355	312	32	344	388650	0

77674	719	0	687	388875	0

75874	500	31	531	388227	1
77189	16	47	32	388659	0
77139	516	31	500	387975	0
77270	31	31	31	388191	0
76622	219	0	188	387651	0

76284	828	15	843	388425	0
76904	187	16	188	388101	0
77602	31	16	31	387993	0
77165	63	16	63	388038	0

76727	1062	16	1062	387840	0

76390	63	16	63	387327	0
76015	125	16	125	387462	0
76810	62	16	62	387579	0
76653	610	31	625	387525	0

76134	515	16	500	388218	0
76896	94	16	94	387327	0
76609	313	15	312	388200	0
76712	203	32	220	388002	0

76556	344	31	343	387669	0

76666	844	31	844	387354	1
76948	15	47	31	387597	1
77213	32	47	32	387534	1
76911	31	47	31	387561	0

76975	1031	16	1000	387399	0
77205	31	16	31	387498	0
77731	125	16	125	387705	0
77497	32	15	31	387435	0

77757	859	31	875	387381	0
77308	219	31	219	387489	0
77869	94	31	94	387255	0
78296	62	31	62	387102	0

78049	1219	31	1219	387615	0
77847	31	31	31	387822	1
78063	16	47	32	387948	1
77712	15	63	31	388425	0

77503	891	16	844	387687	0

76016	313	15	312	369435	1
75597	15	31	31	374961	0
77225	94	0	63	387741	0
76253	594	0	594	375087	0

76475	390	16	406	379038	0
76165	157	15	156	391206	0
76483	484	31	500	389037	0
76255	172	15	156	384294	0

76947	359	31	375	388578	0
76577	31	32	32	383970	0
76888	610	15	593	383376	0

76534	312	16	313	373071	0
77270	203	32	219	381297	0
76847	344	0	312	373323	0
76897	16	15	31	373215	0

76474	812	16	813	377328	0
76336	94	16	94	378084	0
77419	16	31	31	376212	0
76717	265	16	250	378381	0

76000	750	16	750	377670	0
76108	141	0	125	377967	0

76336	328	16	344	377841	0
76252	16	31	31	378156	0
75711	859	16	844	377562	0

76909	31	16	31	378192	0
76990	47	31	62	378111	0
76475	219	31	219	377877	0

76553	812	0	781	377535	0
75514	94	0	94	377112	0
75240	125	31	156	377679	0
75919	547	16	532	376878	0
75366	47	31	62	377499	0
75175	109	16	94	377751	0

75410	735	0	719	377265	0
75486	109	16	125	377526	0
75944	125	16	125	377733	0

76116	438	15	437	377526	0
75819	15	31	31	377391	0

76114	750	31	750	377292	0
76569	188	0	157	377058	0
76968	234	16	250	377517	0
76767	31	16	31	377337	0

76525	891	31	906	377130	0
76819	94	0	63	376905	0
77528	109	16	125	376653	0
77282	188	15	187	377238	0

77612	796	0	781	376797	0
76809	297	16	313	377355	0
76881	172	0	156	377544	0

76513	266	15	281	377148	0
76303	125	15	125	376905	0
75761	656	16	657	376806	0

76372	78	0	62	376779	0
75683	344	31	375	376896	0
75563	312	32	313	377373	0
76122	94	31	93	377013	0
76181	125	0	94	377103	0

74725	578	16	594	376734	0
75566	407	15	406	377265	1
75881	15	31	31	376653	0

75745	563	31	563	376635	0
75585	375	0	344	376842	0
75900	15	16	31	376644	0

75142	375	16	375	376815	0
76222	313	15	312	376653	0
75492	437	16	438	376410	0

75985	360	0	344	376860	0
75446	94	0	94	376491	0
75553	140	16	156	376563	0

114547	828	32	844	376131	0
115759	78	16	62	376680	0
114622	63	16	63	376644	0
116597	141	31	156	376599	0

114509	812	0	781	376770	0
114833	125	0	125	376680	0
115753	219	31	250	376851	0
115227	109	16	94	376932	0

115814	953	0	937	376887	0
115208	94	31	125	376752	1
115857	16	47	32	377031	0

116194	437	16	406	376824	0
115903	375	16	375	376833	0
115872	203	32	219	377130	0

115880	641	16	625	377382	0
115385	172	0	156	377139	0
115450	31	31	62	377058	0
115204	188	0	157	377067	0

114339	968	32	1000	376545	1
115922	16	47	31	377229	1
115204	16	62	31	376455	0

114446	109	16	63	376950	0
114669	922	31	937	377355	0

114896	94	0	63	377175	0
114593	31	0	31	377004	0
115405	78	16	94	376860	0

114841	969	15	968	376374	0
115152	78	0	63	376374	0
115208	156	0	156	376419	0
115197	156	32	188	376392	0

115371	907	31	906	375762	2
115286	15	47	31	376068	1
115135	16	62	31	376230	0
115535	500	0	438	376491	0

115622	453	16	469	376527	0
115629	141	0	125	376509	0
116009	46	16	62	376365	0
115911	469	16	469	376779	0

115929	485	31	500	376320	0
115910	281	31	281	378345	0
115938	62	32	63	378570	0
116649	110	15	93	376698	0

116071	922	0	907	378840	0
116333	62	0	62	381612	0

116786	219	31	250	383583	0
116666	47	15	31	381918	0

116252	953	31	969	378858	0
117413	94	31	94	378219	0
115663	250	0	219	377535	0
117160	31	31	62	377922	0
115789	562	0	531	377103	0

116025	469	31	500	377454	0
75585	94	0	63	377544	0

75569	484	16	500	377292	0
75616	313	0	297	377679	0
74822	140	16	156	377733	0
74477	188	15	187	377436	0

74394	484	0	469	377400	0
74699	438	0	438	377040	0
73582	93	0	93	377004	0
73870	111	0	111	376923	0

74009	639	16	655	377031	0
73635	360	0	344	377193	0
73894	125	0	125	377670	0
74142	15	16	31	377400	0

74284	610	31	625	377904	0
74056	203	16	188	376950	0

74829	375	16	375	377526	1
74413	16	31	31	377202	0
74847	468	0	437	377085	0

73778	797	16	813	376455	1
73460	16	31	31	376851	1
75125	31	31	31	377337	0
73572	47	16	32	377004	0

70022	984	0	968	377589	0
73855	32	0	32	377823	0
73322	234	16	250	377418	0
70916	94	15	93	376986	0

70144	562	16	563	376860	0
70370	391	0	375	376230	0

70787	484	16	500	376572	0
70835	16	31	31	376653	0
70997	328	16	313	376428	1
70846	16	31	31	376914	0

70947	734	16	719	376932	0
70046	266	31	281	377355	1
71078	31	31	31	376527	0
70593	250	0	219	377193	0

70646	453	16	469	377472	0
69416	469	15	468	382287	0
71105	156	16	157	375474	0
69893	188	15	187	379470	0

69878	218	16	219	381279	0
70532	688	15	687	380118	0

70774	375	15	375	374502	0
70754	47	0	32	371577	0
70903	15	16	31	377265	0
70343	407	15	406	367527	0

70536	593	16	594	366123	0
70502	266	31	281	364935	0
70777	141	15	125	365358	0
70707	31	15	31	365097	0

71199	625	15	625	365592	0
71388	422	31	438	367428	0
71617	62	31	62	366186	0
70624	141	15	125	368850	0

70975	750	15	750	368868	0
70738	31	16	32	368958	0

70543	438	15	437	370020	0
70638	62	16	63	369948	0
70325	453	31	468	367977	1
70974	16	47	32	370344	0

71086	812	16	781	368229	0
71151	32	15	31	367878	0
71054	203	31	219	367824	0

71300	312	0	281	367419	0
71044	344	31	375	367914	0
71533	156	31	156	367374	0
70355	422	16	407	371838	0

70397	609	16	609	374052	0
70927	63	16	63	371883	0
70116	156	16	156	374196	0
70342	125	16	125	374511	0

69797	656	16	656	374619	0
70438	141	31	156	374466	0
70841	203	16	188	374763	0
70438	63	15	62	374286	0

69605	734	31	750	374439	0
70939	234	16	219	374331	0

69849	376	15	375	373656	0
71426	78	0	63	374223	0
71000	140	16	156	374322	0
70169	203	0	187	373746	0
69985	282	0	282	374007	0

70016	297	15	312	373746	0
70027	312	16	313	374133	0
69924	297	31	312	373539	0

70155	297	15	281	373512	0
70285	297	31	313	373314	0
70532	281	31	281	373431	0
70596	297	31	297	373341	0

70726	297	15	281	372864	0
70890	297	31	313	373116	0
70886	296	16	281	372603	0

71150	297	0	281	372567	0
71313	297	16	313	372468	0
71044	297	0	281	373080	0

70821	344	31	375	372963	0
70871	250	31	250	372900	0
71002	297	15	281	372810	0
70565	297	31	313	372441	0

70795	296	16	281	372504	0
70358	297	0	281	372207	0
70488	297	16	313	372927	0

69819	297	0	281	372729	0
70016	297	16	313	372900	0
69827	312	16	312	373503	0
68991	297	32	313	372990	0

68704	313	31	312	373278	0
68853	281	31	281	373350	0
69016	297	16	282	373296	0

69147	297	0	281	372828	0
68376	297	15	312	373503	0
68273	297	31	313	368634	0

68369	296	16	281	367977	0
68633	297	32	313	366789	0
68648	282	31	281	360786	0
68611	296	16	281	374304	0

68658	313	16	313	387723	0
68703	312	16	312	394338	0
68649	313	16	313	392916	0

68628	312	16	312	390108	0
68825	297	32	313	390468	0
68572	313	0	281	394536	0

68450	312	32	344	396264	0
68544	328	16	312	394095	0
68824	313	16	313	394041	0
68721	297	0	281	391773	0

68589	312	32	344	391062	0
68846	313	31	312	390765	0
69025	312	0	281	390558	0

68671	313	31	344	391845	0
68813	375	31	375	391809	0
68978	265	16	250	391098	0

68760	516	31	531	390693	0
68954	594	31	594	390810	0

69113	359	16	344	390720	0
68894	313	0	297	390423	0
68439	312	32	344	390747	0

68536	297	16	281	390315	0
68148	313	15	312	390540	0
67727	312	16	313	390495	0

67322	328	32	344	390585	0
67552	297	16	281	390774	0
66508	422	0	406	390315	0

66536	328	16	344	390162	0
66766	297	31	312	390378	0
66879	313	0	282	390099	0

107057	312	31	343	389721	0
106837	313	0	282	389586	0
107049	312	31	343	389748	0
107263	313	0	282	389955	0

107508	312	0	312	389685	0
107751	344	31	375	390342	0
107797	312	0	281	390432	0

107943	313	31	344	390531	0
108188	312	32	313	390486	0
108334	313	31	312	390342	0

107513	312	0	281	389586	0
107744	297	16	313	389775	0
107921	344	16	344	389730	0

108133	312	16	312	389694	0
108413	313	16	313	389820	0
108058	312	16	312	389955	0
108088	297	0	281	389775	0

107902	313	0	313	390180	0
108181	312	32	344	390054	0
108360	313	31	312	390297	0

108338	312	0	281	389901	0
108218	313	31	344	389361	0
107863	312	32	313	390954	0

107861	297	16	281	389793	0
108007	313	15	312	389541	0
67585	312	16	313	389892	0

67332	313	15	312	390729	0
67444	312	16	313	390648	0
67657	313	15	312	390522	0
67835	312	16	313	390495	0

67732	297	31	312	390243	0
67779	313	31	313	390171	0
67991	312	31	312	390504	0

68171	313	31	313	389973	0
68296	359	31	359	390297	0
68342	313	31	313	390621	0

68488	312	0	281	390576	0
68485	297	15	312	390405	0
68679	328	31	344	390684	0

68310	297	15	281	391008	0
68389	312	16	313	391107	0
68635	313	15	312	390684	0

68895	328	31	344	390711	0
69185	422	15	406	390549	0
68982	297	0	282	390513	0

69160	312	31	343	390243	0
69007	313	31	313	390315	0
69019	312	0	281	390216	0
69098	313	31	344	390018	0

69377	312	32	313	389649	0
69342	297	16	281	389370	0
69620	313	15	312	389343	0

69832	312	16	313	389622	0
69979	313	15	312	389658	0
69891	312	16	313	389316	0

69421	297	31	312	389244	0
69668	313	31	313	389055	0
69880	312	0	281	388857	0
69959	313	0	313	389451	0

70138	312	31	343	389289	0
70477	406	32	407	389019	0

70851	407	31	406	389136	0
70813	296	16	281	389109	0
70926	313	16	313	388731	0
70972	312	16	312	389478	0

70485	313	16	313	389478	0
68716	297	31	312	388803	0
68794	312	32	313	389127	0

68535	375	0	343	388965	0
68619	250	0	250	388713	0
68682	297	16	313	388668	0

68462	313	15	312	388371	0
67341	312	16	313	388641	0
67071	297	31	312	388326	0

67185	313	0	282	388479	0
67179	328	15	343	388335	0
67124	312	16	313	388137	0
67370	313	15	312	388209	0

67501	297	31	313	388200	0
67779	312	31	312	388713	0
68006	359	16	344	388191	0

66771	266	0	250	388776	0
65535	297	16	313	388461	0
65647	312	16	312	388722	0

65626	313	16	313	388515	0
65905	312	16	312	388551	0
66102	297	0	281	388722	0

66382	313	31	344	388848	0
66474	359	16	344	388686	0
66054	313	15	312	388947	0
66285	297	31	313	389046	0

65679	328	15	312	388533	0
64942	297	0	282	388497	0
65088	312	31	343	388137	0

65218	297	16	282	388650	0
64163	312	16	312	388263	0
64243	313	16	313	388704	0

64106	297	0	281	388047	0
64318	312	0	312	388407	0
63966	313	31	344	388335	0

64212	314	32	315	388191	0
64243	297	16	281	388254	0
63988	313	15	312	389037	0
64235	312	31	328	388668	0

64515	313	31	313	389010	0
64644	297	15	281	389064	0
64723	312	16	313	389118	0

64903	313	15	312	388650	0
64779	375	15	375	388776	0
64978	234	31	250	388542	0

65192	313	0	282	388299	0
64336	312	31	343	388515	0
64183	313	0	282	388893	0
63346	296	16	312	388974	0

63424	313	16	313	389019	0
63751	359	32	375	388857	0
63950	266	16	250	388965	0

62681	297	31	312	388830	0
62759	312	0	281	389181	0
63039	313	0	313	389289	0

63118	312	32	344	389352	0
63362	344	0	312	389505	0
63642	313	0	313	389280	0
63893	296	16	312	389424	0

63850	313	16	313	388722	0
63929	312	16	312	388821	0
64209	313	16	313	388299	0

64321	312	16	312	388461	0
64085	297	32	313	388623	0
64165	313	0	281	388929	0

64043	312	0	312	388668	0
64240	297	16	313	388722	0
63920	313	15	312	388740	0

64198	312	16	313	389208	0
64478	313	15	312	389064	0
64542	297	0	282	389496	0

63976	968	32	1000	388839	1
65226	16	47	31	389505	0
64892	266	31	250	389325	0

65294	468	32	469	389064	0
65337	110	15	93	388911	0
64990	187	16	188	388866	0

64828	938	15	937	388587	1
64209	15	32	32	389712	0
65954	78	16	62	388686	0
65529	141	0	125	389244	0

65019	891	15	906	389667	0
64867	281	16	282	389793	0

65393	125	16	125	390108	0
65391	31	16	31	390027	0
65390	500	16	500	389622	0

65788	566	15	565	389478	0
66013	390	32	407	389496	0
65890	78	16	62	388965	0
65755	32	15	31	388884	0

65610	687	16	688	388794	0
65159	250	16	250	389424	0
64507	281	16	281	388209	0
65548	141	31	156	389739	0

64899	484	16	469	388227	0
64901	469	16	469	388245	0
64412	78	0	62	389244	0

65453	141	16	157	388578	0
63612	359	32	375	389217	0

62973	594	16	578	383790	0
63785	78	31	93	389253	0
64256	172	16	157	389451	0
63524	500	16	500	383007	0

63913	422	31	437	382899	0
63675	297	15	281	372747	0
63269	94	15	94	367581	0
62342	406	15	406	369786	0

62572	297	0	282	369669	0
63054	47	15	62	365601	0

63052	765	31	781	370398	0
63347	63	0	32	370200	0
63354	140	16	156	370290	0
63637	250	16	250	370515	0

62468	797	31	812	376860	0
62509	141	15	125	375654	0
62737	62	16	63	381504	1
63521	16	31	31	374592	0

61896	812	32	813	390954	0
62251	157	0	125	387336	0
62710	187	31	218	384807	0
62800	156	32	157	385401	0

61219	954	15	937	386139	0
62291	15	31	31	385887	0
63121	219	0	188	391665	0

62736	16	15	31	386787	0

101923	1093	16	1094	387255	0
102254	125	16	125	386256	0
102269	94	16	94	386355	0
102779	31	16	31	386004	0

101834	750	0	734	386643	0
102701	16	16	32	388407	0
102247	438	15	437	388515	0
103327	31	15	31	387777	0

61348	765	32	782	387264	0
61322	172	16	156	387291	0
61858	94	16	94	388938	0
103230	391	0	375	388569	0

61295	937	31	968	387498	0

61193	141	15	125	387651	0
61359	47	0	32	387579	0
61713	187	31	218	387534	0

61772	813	0	782	387894	0
61412	297	15	312	387390	0
62001	125	15	125	387543	0
61245	328	31	344	388236	0

62138	234	16	219	387615	0
61577	531	16	531	388263	0
61230	360	0	344	388299	0

61671	172	15	187	388056	0
61993	125	15	125	388245	0
61673	343	16	344	387678	0

61952	703	32	719	387822	0
62351	282	31	281	387309	1
62211	15	47	31	387822	1
61756	16	62	31	387957	0

61172	1078	16	1032	387867	0
61290	78	31	93	387867	0
61645	47	16	32	387471	0
62141	31	16	31	388182	0

61930	953	32	969	388002	0
62233	32	31	31	387966	0

61836	375	31	375	387363	0
62284	140	16	125	387399	0
61054	438	15	437	388767	0

60521	406	16	407	388254	0
58635	234	0	218	388479	0
60529	360	15	375	388164	0
58697	140	32	157	388245	0
58779	205	30	203	386454	0

58945	764	16	750	386130	0
59628	172	0	156	387687	0

59031	156	0	156	387894	0
58698	63	0	63	387489	0
59194	734	16	750	387750	0

59225	344	16	344	387903	0
58444	203	31	218	387957	0
59504	234	16	219	388047	0
58495	172	0	156	388290	0

58746	328	16	344	387687	0
58812	688	16	688	387732	0
59170	47	31	62	387615	0

59333	203	16	188	387624	0
59126	297	0	281	387813	0
58761	562	16	578	387885	0
59081	94	16	94	387768	0

58984	609	32	625	386283	0
58961	172	16	156	387615	0
59054	172	0	156	387831	0

59092	469	0	469	387669	0
57482	453	16	469	357195	1
58755	16	31	31	388011	1
57831	15	47	31	386193	0

57425	657	15	625	329187	0
56454	15	32	32	323985	0

55737	688	31	687	325956	0
54723	78	16	63	326757	0
56147	16	31	31	331293	0
54501	78	15	62	364620	0

54105	968	16	969	371064	0
54562	110	0	94	395760	0
55585	47	15	62	371100	0
54821	172	0	157	395598	0

54752	984	16	1000	376437	1
55199	16	31	31	374547	0
54931	125	0	94	373674	0
55218	93	0	93	376878	0

54285	782	0	782	375141	0
55736	125	0	125	375312	0
54583	15	16	31	373431	0

55099	438	15	437	375222	0
55066	281	16	282	375204	0

53936	734	32	750	376005	0
54547	111	30	109	375393	1
55318	30	31	31	375987	0
53811	516	15	500	377769	0

53413	390	31	406	377031	0
53987	219	31	219	377346	0
54151	47	15	31	376014	0

53338	594	15	594	377643	0
52849	453	31	469	378264	1
53021	15	47	31	378498	0
53951	266	31	250	377661	1
53107	16	46	31	377805	0

52240	859	31	844	377004	0
53266	281	0	250	375591	0
52771	16	15	31	377103	0
54152	47	31	63	378048	0

53230	922	15	906	376932	0
52601	78	0	63	377337	0

53675	172	15	187	376995	0
53588	187	16	188	375168	0
52436	422	31	437	377067	0

53459	312	32	313	377040	0
51751	610	15	593	329844	0
53136	15	32	32	377094	0
53301	204	15	187	377121	0

52603	593	16	594	336234	0
50179	63	15	62	232050	0
51776	125	15	125	265746	1
50050	15	32	32	232077	1
51743	32	31	31	259194	0
50247	281	16	266	231438	0

50404	234	0	218	231537	0
50413	203	16	219	230223	0
50061	188	16	188	233400	0
50224	203	31	218	233904	0
49637	188	0	157	240663	0

49549	187	0	187	241158	0
49156	188	0	188	243174	0
49304	187	0	187	240870	0
49119	203	16	219	257547	0
49283	204	31	219	258375	0

49075	218	0	187	263613	0
49139	219	31	250	272784	0
49164	219	31	219	277356	0
48781	359	16	344	444891	0

49062	360	31	375	459579	0
49045	374	32	375	478137	0
49397	391	16	375	476661	0

49129	359	0	343	449130	0
49118	344	31	375	449391	0

49282	360	15	344	448545	0
48739	359	31	375	449823	0
48942	359	16	344	451920	0

48907	360	31	375	452730	0
48874	359	31	359	449976	0
48528	359	16	344	450561	0

47772	344	16	344	448707	0
47783	360	31	375	447168	0
48023	359	16	344	448689	0

48264	359	0	343	447303	0
48141	344	0	344	447519	0
48148	359	16	375	448248	0

48398	407	15	406	448014	0
48660	578	31	594	448284	0

48457	344	31	344	447033	0
48659	359	16	344	447051	0
48901	359	32	375	447546	0

49158	375	0	343	445548	0
49173	328	16	344	448797	0
49105	360	0	344	451551	0

49303	359	16	375	450246	0
49432	360	31	375	451074	0

49753	359	16	344	451542	0
49918	359	32	375	448284	0
49790	344	16	328	447771	0

49421	375	16	375	452181	0
9104	391	0	375	453891	0
9305	359	31	390	455412	0

9577	391	15	375	456744	0
9653	390	0	375	465402	0
9774	360	15	375	463251	0

9912	375	15	375	460875	0
10232	359	0	344	459588	0

10044	359	16	375	457491	0
10302	375	32	391	456699	0
10388	360	15	343	453684	0

10010	406	16	407	452757	0
9981	359	32	375	452613	0
10316	375	0	343	452829	0

10359	360	15	375	453423	0
10680	359	0	344	451677	0
11002	360	15	375	453288	0

9875	359	31	375	452046	0
9917	359	16	344	451974	0
10041	360	31	375	452181	0

10087	359	16	344	452595	0
10289	359	0	343	452082	0

10530	360	15	375	450426	0
10574	359	0	344	450984	0
9753	360	15	375	451389	0

10034	359	31	375	451506	0
10040	359	16	344	450768	0
9717	347	16	347	451704	0

9582	375	16	375	452064	0
9902	360	0	344	451686	0
9959	375	0	375	451560	0

50279	359	16	375	451740	0
50522	361	0	345	451713	0
50690	361	16	377	451848	0

50892	360	31	375	451200	0
50427	359	16	344	451560	0
48847	344	15	343	451353	0

49167	359	0	344	451479	0
49290	359	32	391	451380	0

49570	360	15	343	451047	0
49117	375	15	375	452001	0
49436	359	0	344	451893	0

49636	360	0	360	451164	0
49667	343	32	375	451533	0
49963	375	16	359	451236	0

49895	360	0	344	451848	0
49582	359	16	375	451344	0
49664	359	0	343	450795	0

49985	360	15	375	451182	0
50304	359	0	344	451335	0
49524	360	15	375	451209	0

48824	359	0	344	451281	0
48492	375	31	406	451155	0
48598	344	0	313	450543	0

48328	359	16	375	451353	0
48449	359	32	375	450642	0

48727	360	15	343	450714	0
48736	359	0	344	450579	0
48572	347	31	378	449454	0

48617	360	15	344	450714	0
48228	359	31	375	449022	0
48469	359	0	328	450480	0

48789	360	15	375	450714	0
48404	359	31	375	450318	0
47976	359	16	344	450768	0

47743	360	0	344	449931	0
47558	359	16	375	450039	0
47855	375	16	375	450138	0

48058	360	31	375	449652	0
48048	343	0	312	449796	0

48093	360	15	375	449706	0
48296	359	31	375	449796	0
48536	359	16	344	450165	0

48703	363	31	378	448230	0
48981	359	16	344	449652	0
48258	344	16	344	450174	0

48485	422	31	437	449481	0
48546	297	15	281	449859	0
48748	359	31	375	448374	0

48948	359	16	344	449733	0
48674	360	0	344	449463	0
48722	359	16	375	449688	0

48673	344	16	344	448068	0
48646	406	16	406	448275	0
48555	344	16	344	449805	0

48444	359	0	343	450687	0
48020	360	15	375	449103	0

48282	343	16	344	447942	0
48525	360	0	344	449787	0
48688	359	16	375	449193	0

48810	360	0	344	449337	0
48917	343	0	343	449634	0
48767	360	15	375	448338	0

49583	1093	16	1094	450174	0

48386	329	0	313	447834	0
47692	250	31	281	450174	0
47919	187	31	187	449823	0
48531	141	15	125	448095	0

48386	484	31	500	448473	0

48801	804	31	804	450327	0
48639	156	0	125	450057	0
48063	282	31	313	449994	0
48423	281	31	281	449868	0

48680	453	16	438	449931	0
48194	63	15	62	449868	0

48981	984	31	1000	449580	0
48484	47	15	31	448311	0
47668	203	31	219	450075	0
48517	375	31	375	450534	0

47871	375	31	375	449886	0
47692	328	16	313	449832	0
47107	438	15	437	447879	0

47640	375	15	375	449607	0
47199	421	32	438	448563	1
47057	16	47	31	450516	0

47274	922	31	906	448176	1
47369	16	46	31	449742	0

46452	468	32	454	449778	1
47617	16	47	31	449850	0
46910	797	15	765	449805	0

46934	219	15	219	449940	0
45659	406	16	407	448266	0
46567	281	16	281	450282	0

46002	297	31	312	450192	0
46240	281	0	250	450246	0

46032	735	15	750	449931	0
46850	109	31	125	450147	0
46472	172	15	156	448338	0

47031	875	16	876	449868	0
45316	62	16	62	450606	0
46122	16	31	31	449418	0

46278	750	0	719	450129	0
45983	219	0	219	450039	0
45824	78	16	94	449769	0

45452	844	15	843	450768	0
45905	62	16	63	449994	0
45833	438	15	437	450444	0
46442	218	16	219	450327	0

46419	563	16	563	450471	0
45847	406	16	406	449715	0

47049	344	16	344	450597	0
47150	141	0	125	450597	0
46618	406	31	437	450318	0

46954	844	31	844	449742	0
46303	250	31	250	450174	0
46153	46	16	31	450462	0
45950	110	0	94	450408	0

46630	953	16	969	448257	0

45889	203	31	218	449490	0
46974	63	31	63	449877	0
46746	125	31	125	450003	0

45678	937	31	937	449706	0
45154	344	0	313	450264	0
45439	47	15	62	449985	0
46965	31	16	32	449868	0

5262	1250	16	1250	448167	0
4403	47	0	31	450138	0

4765	125	31	156	449337	0
5503	187	32	188	449661	0

5658	985	16	969	449751	0
4776	16	31	31	450246	0
5292	281	31	281	449922	0
5719	234	16	219	450255	0

4520	1188	16	1188	449733	0
6077	31	16	31	449769	0
6204	47	31	62	448140	0

4989	78	16	63	449373	0

5032	1110	0	1094	449229	0
5634	125	31	156	449931	0
5442	47	15	31	449625	0
6065	187	16	188	449589	0

6052	1016	0	1000	449391	0
5403	219	31	250	449346	0
4445	156	31	156	449679	0
6648	63	31	63	449409	0

5294	1375	0	1344	449841	0
5475	140	16	156	449841	0
5881	16	31	31	450309	0

6497	656	0	625	450003	0
5616	219	31	250	449490	0

5658	1141	16	1126	449211	0
6279	109	31	124	449679	1
6585	31	32	32	449562	0

6941	829	15	812	449427	0
6132	15	32	32	449400	1
6460	16	47	31	449364	0

6345	1063	15	1031	449580	0
5920	125	15	125	448959	0
7242	218	16	219	449850	0
6381	47	31	62	449148	0

7284	1219	31	1219	449661	1
7275	31	32	32	449040	0
6846	203	16	187	449382	0
6876	266	31	281	449328	0

47607	813	31	813	448896	0
47057	78	15	62	449706	0
47432	219	15	219	447807	0

46729	625	15	625	449139	0
46484	31	15	31	449346	0
46803	594	15	594	449481	0

47296	297	31	313	449706	0
46768	140	16	125	449553	0
47597	750	16	750	449031	1

47296	16	31	31	449148	0
47373	156	0	125	447591	0
47709	766	15	781	447393	0

48389	328	31	344	448680	0
48528	219	0	188	448770	0
48138	359	16	375	449715	0

48521	578	32	594	449697	0
48392	32	31	31	447960	0

48882	687	0	656	449652	0
49026	63	31	94	449598	0
49246	62	31	62	449571	0

49406	985	15	969	449697	0
49596	31	15	31	449436	0
50241	297	0	282	449580	0
50246	234	16	250	449319	0

50802	875	16	875	449319	0

50878	469	15	468	449301	0
51221	31	16	32	449319	0
48959	422	31	437	449418	0
51290	78	16	63	447771	0

47817	953	32	969	449328	0
48220	203	16	187	448896	0
49077	32	15	31	447573	0
49971	62	16	63	449526	0

49466	1391	0	1375	447456	0
49088	62	0	62	449328	0
49386	16	16	32	449544	0
48723	172	31	187	449508	0
49850	453	16	438	449526	0
49214	78	31	93	447483	0

49512	375	0	344	449571	0
49479	360	15	375	449544	0

49798	359	31	375	449229	0
49918	359	16	344	448797	0
50145	344	16	344	447267	0

50426	359	32	375	448914	0
50358	360	16	344	449103	0
49496	359	32	375	449445	0

49581	360	15	343	448104	0
49509	359	0	344	447798	0
49749	360	31	391	449193	0

50069	359	15	343	448851	0
49661	344	15	344	448770	0
49941	359	0	344	449193	0

50260	359	16	375	448752	0
50578	516	0	500	448797	0

50740	359	16	375	448590	0
51019	360	0	344	447177	0
50499	344	31	375	447987	0

50701	359	16	344	449400	0
50880	375	16	375	449409	0
50054	391	31	406	448977	0

50176	359	16	344	449004	0
50418	359	0	343	448752	0
50191	360	31	391	448608	0

50448	375	31	375	449157	0
50745	375	31	375	448338	0

51009	344	0	313	448860	0
51133	359	16	375	448995	0
51255	359	0	343	449319	0

50799	360	15	375	444810	0
50946	343	16	344	415722	0
51178	313	16	313	407136	0

50843	328	31	343	413472	0
50986	375	31	375	450012	0
51290	344	31	344	449238	0

51609	359	16	344	438852	0
51705	331	31	346	420852	0
51661	297	16	282	384924	0
51194	156	16	156	192117	0

51181	141	31	156	188076	0
51144	156	31	156	189705	0
51261	156	0	125	191838	0
51055	141	16	157	178959	0
50772	141	31	156	175935	0
50920	187	31	187	175413	0
50588	94	0	63	175062	0
50521	125	0	125	170589	0

50624	141	15	156	169761	0
50182	140	31	156	185259	0
50067	156	32	157	187437	0
49899	141	16	125	182352	0
48832	125	16	125	160527	0
48842	125	16	125	160410	0
48751	141	31	156	160041	0

48668	109	16	94	160149	0
48732	141	31	156	160023	0
48703	125	31	125	160113	0
48481	125	31	125	160167	0
47952	125	31	125	158745	0
47883	125	31	125	157809	0
47932	125	31	125	158142	0
47672	125	31	125	158439	0

47720	125	31	125	158277	0
47497	125	31	125	158736	0
46768	125	31	125	158376	0
46484	140	16	125	158304	0
46494	125	16	125	158412	0
46307	125	16	125	158637	0
46393	125	16	125	158763	0
46325	125	16	125	158610	0

46186	125	16	125	158628	0
46272	125	16	125	158421	0
46164	125	16	125	158601	0
46093	125	16	125	158043	0
44441	125	16	125	154974	0
43866	125	16	125	152985	0
43953	125	16	125	153552	0
43108	125	16	125	161679	0

43002	125	16	125	160788	0
42933	125	16	125	159168	0
42982	125	16	125	159060	0
42450	125	16	125	157413	0
41568	125	16	125	161751	0
41281	141	31	156	167376	0
41181	125	31	125	162471	0
40339	125	31	125	156693	0

39419	125	31	125	157557	0
39346	125	31	125	159591	0
39317	125	31	125	154380	0
39290	125	31	125	153588	0
39375	125	31	125	153363	0
39267	125	31	125	153894	0
38950	141	31	141	177636	0
38288	109	16	94	152643	0

38335	125	16	125	153390	0
38344	125	16	125	152787	0
38237	125	16	125	153219	0
37361	125	16	125	154254	0
37217	125	16	125	153750	0
37288	109	32	125	153696	0
37259	125	0	93	152877	0
36998	125	32	157	152517	0
36928	125	32	125	152427	0

36899	125	0	93	152058	0
36584	110	15	125	151725	0
36284	125	15	125	151707	0
36124	109	0	94	151194	0
-4449	125	0	125	150420	0
-4941	125	0	125	149268	0
-5064	109	16	125	150492	0
-5637	125	16	125	152499	0

-5938	125	16	125	151878	0
-6161	125	16	125	150699	0
-6128	110	0	94	151356	0
-6118	125	31	156	151131	0
-6686	125	31	125	151653	0
-8544	109	16	94	150708	0
-8458	125	16	125	150888	0
-8449	125	16	125	150978	0
-8724	110	0	94	151239	0

-8914	125	0	125	151059	0
-9289	125	31	156	151077	0
-9372	109	16	94	151014	0
-9867	125	16	125	151248	0
29872	125	16	125	151662	0
29633	109	0	93	151590	0
29254	125	32	157	151014	0
28008	125	0	93	151563	0

27247	125	32	157	151122	0
27144	282	31	281	150663	0
25770	250	31	250	151716	0
26418	31	31	31	151500	1
26549	16	46	31	151671	0
26170	124	16	94	151374	0

25280	266	31	281	151455	1
26185	16	47	32	151473	0
25320	140	32	125	150519	0
25492	94	32	94	151464	0
25096	219	0	187	151257	0
24919	16	15	31	150501	0
24297	218	16	219	151284	0
25011	63	15	62	151401	0
24180	125	15	125	151473	1
23190	15	32	32	151509	0

23496	344	0	312	151536	0
23128	16	15	31	151581	0
22919	62	16	63	151590	0
23153	78	32	94	151302	0
22439	375	0	343	151392	0
23350	16	16	32	151482	0
23093	16	31	31	151491	1
22541	31	31	31	150672	0

21530	375	31	375	158754	0
21306	47	15	31	159420	0
22707	15	32	32	151680	0
21948	47	16	31	157431	0
20434	344	16	344	150987	0
20287	47	0	31	149952	0
21743	62	0	62	160392	0
21196	32	31	63	159168	0

20121	359	16	344	151968	0
19815	78	0	62	152121	0
19799	63	0	63	152148	0
19917	156	0	156	152166	0
19472	94	0	94	151410	0
19525	93	32	125	150645	0
18711	188	31	187	150177	0
18482	156	31	156	151176	0
17823	31	32	32	151194	0

18848	63	0	31	150861	0
17847	156	0	156	150663	0
16989	219	0	219	151149	0
17674	109	16	125	151473	0
16630	32	15	31	151005	0
18147	15	31	31	151428	0
16890	360	15	344	150645	0
15337	31	15	31	151590	0

16367	62	16	63	151086	0
15292	125	32	141	152544	1
16624	16	47	31	151212	0
14904	328	31	312	152292	0
15068	125	0	94	150978	0
15391	16	15	31	152328	0
15345	31	16	32	151968	0
14831	297	31	312	151734	0
13449	47	15	31	150816	0

13914	156	16	157	151509	0
14530	78	31	93	150870	1
13158	16	47	32	150663	0
12761	375	15	343	151050	0
13008	15	32	32	150789	0
12590	47	16	31	151563	0
13163	31	16	31	150708	0

10818	469	16	469	150528	1
12414	16	31	31	150663	2
12156	15	47	31	150537	1
12715	16	63	32	151104	0
11093	344	31	312	151536	0
10018	156	31	156	151023	2
9996	16	47	32	151005	1
10319	15	63	31	151086	0
9926	110	15	62	151068	0

8795	297	31	313	151518	0
10110	78	15	62	149952	0
9987	31	16	32	150978	0
9824	31	16	31	151086	0
8233	266	0	250	150672	0
8458	109	16	125	151068	0
8330	141	31	156	150789	0
9435	62	0	31	151617	0
9358	78	16	94	151365	0
7979	47	32	63	150006	0

7965	141	16	125	150717	0
8028	141	31	156	149727	0
7575	125	31	125	151248	0
7491	109	16	94	150654	0
7114	125	16	125	151230	0
6372	109	0	93	150690	0
6031	125	32	157	150780	0
5885	125	0	93	150870	0

5079	125	32	157	151176	0
4385	110	15	93	150753	0
4202	125	15	125	150645	0
4002	109	0	94	150771	0
3273	125	31	156	150105	0
2895	125	31	125	150573	0
2982	125	0	94	151545	0
2938	110	15	125	151113	0
2948	125	15	125	151203	0

2825	109	0	94	150897	0
2338	594	0	594	150888	0
1507	15	16	31	151239	0
2060	16	31	31	150681	1
2193	16	46	31	150870	0

1812	312	16	282	150861	0
3431	156	16	156	150816	0
1459	32	15	31	151194	0
937	15	31	31	150915	1
1604	16	47	32	150456	0
282	62	16	31	150726	0

