DelayToEnqueue	DeltaEnqueue	QueueDelay	DeltaDequeue	FrameSize	Buffer	RemotePort	LocalPort
113	0	203	0	79283	4	50651	48004
140	47	172	16	79715	3	50650	48003
184	78	109	15	79292	2	50649	48002
198	47	78	16	79553	1	50648	48001
180	15	78	15	79418	0	50647	48000
616	469	16	407	79310	0	50651	48004

690	140	16	140	79499	0	50650	48003
739	16	16	16	79481	0	50651	48004
1013	375	16	375	79616	1	50648	48001
980	0	31	15	79661	0	50647	48000
1041	94	15	78	79463	0	50647	48000
1235	94	16	95	79373	0	50649	48002
1132	31	16	31	79706	0	50647	48000
1193	94	16	94	79409	0	50647	48000
1238	78	16	78	79373	0	50647	48000
1298	94	16	94	79454	0	50647	48000

1327	62	16	62	79328	0	50647	48000
1357	63	16	63	78932	0	50647	48000
1386	63	15	62	79607	0	50647	48000
1416	62	16	63	79697	0	50647	48000
1445	62	16	62	79400	0	50647	48000
1474	63	16	63	79409	0	50647	48000
1503	62	16	62	79418	0	50647	48000
1533	63	15	62	79256	0	50647	48000
1618	219	16	220	79868	0	50649	48002
1663	78	16	78	79148	0	50648	48001

2061	266	15	265	79589	0	50647	48000
2058	62	16	63	79031	0	50650	48003
2138	47	16	47	79211	0	50651	48004
2110	172	16	172	79247	0	50649	48002
2189	47	15	46	79094	0	50650	48003
2170	47	15	47	79355	1	50648	48001
2271	0	31	16	79121	0	50651	48004
2258	187	16	172	79094	0	50649	48002
2322	31	16	31	79283	0	50650	48003
2401	47	16	47	79031	1	50651	48004
2301	0	32	16	79364	0	50648	48001
2404	203	16	187	78950	0	50649	48002
2387	16	16	16	79301	0	50648	48001
2518	31	16	31	79184	0	50651	48004
2501	16	15	15	79103	0	50650	48003

2538	203	15	203	79769	0	50649	48002
2519	15	16	16	79337	0	50648	48001
2651	32	15	31	79112	0	50651	48004
2649	31	16	32	79274	0	50650	48003
2752	204	16	204	79193	0	50651	48004
2685	32	15	31	79364	0	50648	48001
2733	15	16	16	79256	1	50649	48002
2767	0	31	15	79391	0	50650	48003
2854	188	15	172	79166	0	50651	48004
2836	15	16	16	79472	0	50650	48003
2801	32	15	31	79085	0	50648	48001
2865	31	15	31	79157	0	50649	48002
2938	172	15	172	79805	0	50650	48003
3002	31	15	31	79454	0	50651	48004
2917	15	16	16	79679	0	50648	48001
2998	47	16	47	79481	0	50649	48002

3069	172	16	172	79094	0	50650	48003
3119	16	15	15	79319	0	50651	48004
3032	15	16	16	78959	0	50648	48001
3114	47	16	47	79265	0	50649	48002
3171	156	16	156	79166	0	50650	48003
3249	47	16	47	79355	0	50651	48004
3167	16	15	15	79265	0	50648	48001
3231	31	16	32	79472	0	50649	48002
3303	172	16	172	79301	1	50650	48003
3337	0	31	15	79112	0	50651	48004
3393	156	16	141	79265	0	50648	48001
3421	63	15	62	78995	0	50651	48004
3404	15	16	16	79166	0	50650	48003
3403	32	15	31	78977	0	50647	48000
3446	78	15	78	79022	0	50647	48000

3507	93	16	94	79544	0	50647	48000
3536	63	15	62	79229	0	50647	48000
3817	47	15	47	79148	0	50649	48002
3580	31	16	32	79346	0	50647	48000
3625	78	16	78	79427	0	50647	48000
3655	63	15	62	79202	0	50647	48000
3683	62	16	63	79310	0	50647	48000
3713	63	15	62	79436	0	50647	48000
3742	62	16	63	79157	0	50647	48000
3770	62	16	62	79238	0	50647	48000
3800	63	16	63	79220	0	50647	48000
3829	62	16	62	79445	0	50647	48000
3858	63	16	63	79895	0	50647	48000
3886	62	16	62	79463	0	50647	48000
3918	63	15	62	79427	0	50647	48000
3946	62	16	63	79319	0	50647	48000

3992	79	15	78	79535	0	50647	48000
4021	62	16	63	79589	0	50647	48000
4049	62	16	62	79517	0	50647	48000
4079	63	16	63	79292	0	50647	48000
4124	78	16	78	79859	0	50647	48000
4153	63	15	62	79202	0	50647	48000
4182	62	16	63	79508	0	50647	48000
4212	63	15	62	79400	0	50647	48000
4239	62	16	63	79463	0	50647	48000
4269	62	16	62	79823	0	50647	48000
4299	63	16	63	79616	0	50647	48000
4326	62	16	62	79832	0	50647	48000
4360	66	15	65	79526	0	50647	48000
4388	62	16	63	79535	0	50647	48000
4417	63	15	62	79481	0	50647	48000
4462	78	15	78	79598	0	50647	48000

4491	62	16	63	79517	0	50647	48000
4520	63	15	62	79310	0	50647	48000
4549	62	16	63	79364	0	50647	48000
4579	63	15	62	79220	0	50647	48000
4607	62	16	63	79175	0	50647	48000
4652	78	16	78	79535	0	50647	48000
4682	63	15	62	79364	0	50647	48000
4696	47	15	47	79292	0	50647	48000
4741	78	15	78	79409	0	50647	48000
4754	47	15	47	79697	0	50647	48000
4799	78	15	78	79508	0	50647	48000
4828	62	16	63	79589	0	50647	48000
4857	63	15	62	79238	0	50647	48000
4885	62	16	63	79535	0	50647	48000
4915	63	15	62	79337	0	50647	48000
4944	62	16	63	79535	0	50647	48000

4988	78	16	78	79715	0	50647	48000
5018	63	15	62	79481	0	50647	48000
5047	62	16	63	79769	0	50647	48000
5076	63	15	62	79670	0	50647	48000
5105	62	16	63	79625	0	50647	48000
5135	63	15	62	79427	0	50647	48000
5179	78	15	78	79940	0	50647	48000
5211	65	14	64	79463	0	50647	48000
5239	61	16	63	79778	0	50647	48000
5268	63	15	62	79778	0	50647	48000
5360	124	16	125	79607	0	50647	48000
5359	32	15	31	79544	0	50647	48000
5372	47	15	47	79355	0	50647	48000
5400	62	16	63	79517	0	50647	48000
5430	63	15	62	79715	0	50647	48000
5458	62	16	63	79319	0	50647	48000

5490	65	15	64	79517	0	50647	48000
5519	62	16	63	79742	0	50647	48000
5549	63	15	62	79229	0	50647	48000
5594	78	15	78	79877	0	50647	48000
5622	62	16	63	79859	0	50647	48000
5652	63	15	62	79562	0	50647	48000
5685	66	16	67	79769	0	50647	48000
5715	63	16	63	79589	0	50647	48000
5744	63	15	62	79463	0	50647	48000
5773	62	16	63	79310	0	50647	48000
5803	63	15	62	79427	0	50647	48000
5846	78	16	79	79166	0	50647	48000
5892	78	16	78	79580	0	50647	48000
5920	62	16	62	79616	0	50647	48000
5949	63	16	63	79445	0	50647	48000

5979	62	16	62	79571	0	50647	48000
6008	63	15	62	79526	0	50647	48000
6036	62	16	63	79472	0	50647	48000
6070	67	16	67	79580	0	50647	48000
6162	125	16	125	79670	0	50647	48000
6144	16	16	16	80012	0	50647	48000
6174	63	15	62	79175	0	50647	48000
6219	78	15	78	79472	0	50647	48000
6232	47	15	47	79445	0	50647	48000
6277	78	15	78	79418	0	50647	48000
6306	62	16	63	79391	0	50647	48000
6335	63	15	62	79715	0	50647	48000
6364	62	16	63	79544	0	50647	48000
6395	63	15	62	79445	0	50647	48000
6423	62	16	63	79220	0	50647	48000

6640	250	16	250	79805	0	50647	48000
6623	16	15	15	79238	0	50651	48004
6651	62	16	63	78959	0	50650	48003
6601	16	15	15	79391	0	50648	48001
6712	78	16	79	79517	0	50649	48002
6661	16	15	15	79175	0	50651	48004
6737	109	16	110	79256	0	50650	48003
6731	94	15	93	79580	0	50651	48004
6826	62	16	63	79508	1	50648	48001
6860	0	31	15	79427	1	50649	48002
6775	16	31	16	79310	0	50650	48003
6927	218	16	203	79472	0	50648	48001
6975	16	16	16	79355	0	50649	48002
6940	31	16	31	79301	0	50651	48004
6953	47	16	47	79814	0	50650	48003

7043	156	16	156	78842	0	50648	48001
7093	16	16	16	79031	0	50649	48002
7056	31	16	31	79409	0	50651	48004
7071	47	16	47	79490	0	50650	48003
7179	141	15	140	79409	0	50649	48002
7143	31	16	32	79211	0	50651	48004
7223	47	16	47	78932	0	50648	48001
7172	16	15	15	79373	0	50650	48003
7216	78	15	78	79355	0	50649	48002
7272	156	16	157	79454	0	50650	48003
7337	31	16	31	79310	0	50651	48004
7286	16	15	15	79112	1	50649	48002
7402	15	16	16	79184	0	50648	48001
7420	219	16	219	80084	0	50650	48003
7503	16	15	15	79112	0	50648	48001
7484	15	16	16	79733	0	50651	48004
7434	16	16	16	79535	0	50649	48002

7572	172	15	171	79661	0	50648	48001
7553	47	15	47	79238	0	50650	48003
7649	62	16	63	79472	0	50651	48004
7628	47	16	47	79445	0	50649	48002
7642	47	15	46	79310	0	50648	48001
7715	140	16	141	79769	0	50650	48003
7781	32	15	31	79886	0	50651	48004
7729	15	16	16	79202	0	50649	48002
7774	78	16	78	79967	0	50648	48001
7832	157	15	156	79463	0	50649	48002
7896	31	16	32	79247	0	50650	48003
7945	16	15	15	79346	0	50651	48004
7860	15	16	16	79535	0	50648	48001

8012	219	15	218	78761	1	50650	48003
8046	0	31	16	79706	0	50651	48004
8009	31	16	16	79121	0	50649	48002
8024	47	16	47	78968	0	50648	48001
8081	125	16	125	79616	0	50650	48003
8095	47	15	46	79742	0	50649	48002
8177	15	16	16	79643	0	50651	48004
8156	79	15	78	79796	0	50648	48001
8228	171	0	156	79715	0	50649	48002
8293	0	16	16	80093	0	50651	48004
8308	47	16	47	79553	0	50650	48003
8287	47	16	47	79724	0	50648	48001
8302	47	16	47	79598	0	50651	48004
8375	141	15	140	79436	0	50649	48002
8355	46	16	47	79697	1	50651	48004
8455	0	32	16	79382	0	50650	48003
8452	63	16	47	79463	0	50648	48001

8508	156	16	156	79715	0	50649	48002
8472	31	16	31	79778	0	50651	48004
8587	16	16	16	79769	0	50650	48003
8584	63	15	62	79769	0	50648	48001
8641	156	15	156	79697	1	50649	48002
8674	0	31	16	79796	0	50650	48003
8714	140	16	125	79715	0	50651	48004
8679	32	15	31	79490	0	50649	48002
8728	15	16	16	79661	1	50650	48003
8794	0	31	15	79868	0	50648	48001
8749	188	15	172	79931	0	50649	48002
8877	62	16	63	79553	2	50651	48004
8843	0	32	16	79247	1	50650	48003
8911	0	48	16	79769	0	50648	48001
8881	204	16	172	79463	0	50649	48002

8946	32	15	31	79490	0	50650	48003
9010	31	15	31	79913	1	50651	48004
9044	0	31	16	79328	0	50648	48001
9044	234	16	219	79913	0	50649	48002
9109	31	16	31	79688	1	50650	48003
9142	0	32	16	79634	1	50651	48004
9191	16	31	15	79715	0	50648	48001
9129	172	15	156	79922	0	50649	48002
9258	62	16	63	80066	0	50651	48004
9242	16	16	16	80039	0	50650	48003
9324	16	15	15	79589	0	50648	48001
9391	234	16	235	80138	0	50651	48004
9341	16	15	15	79760	1	50649	48002
9374	0	31	16	80165	1	50650	48003
9456	15	31	15	79841	0	50648	48001

9442	219	16	204	80093	0	50649	48002
9524	16	15	15	80192	0	50651	48004
9572	15	16	16	80291	0	50648	48001
9521	16	15	15	79814	0	50650	48003
9642	219	15	219	80147	0	50651	48004
9690	15	16	16	80246	1	50648	48001
9589	0	31	15	80021	0	50649	48002
9700	78	16	63	80057	0	50650	48003
9791	156	0	140	80048	0	50648	48001
9773	16	16	32	79922	0	50651	48004
9770	63	15	62	80102	0	50649	48002
9781	78	15	78	79976	0	50651	48004
9896	15	16	16	79670	0	50650	48003
9876	47	16	47	79931	0	50648	48001
9885	110	15	109	79868	0	50649	48002
9897	78	15	78	79670	0	50651	48004

10028	31	16	32	79940	0	50650	48003
9977	16	15	15	79508	0	50648	48001
10080	203	15	203	79661	0	50649	48002
10044	31	16	32	79913	0	50651	48004
10094	16	15	15	79823	1	50648	48001
10160	0	32	17	79886	0	50650	48003
10168	173	15	156	79436	0	50649	48002
10163	62	16	63	79859	0	50651	48004
10212	16	16	16	80282	0	50648	48001
10294	16	15	15	79706	0	50650	48003
10315	187	16	188	79832	0	50649	48002
10280	31	16	31	79850	0	50651	48004
10411	32	15	31	79832	0	50650	48003
10360	15	16	16	79715	0	50648	48001
10448	188	15	187	79706	0	50649	48002
10512	31	16	32	79553	0	50650	48003

10442	31	16	31	80003	0	50651	48004
10507	31	16	31	79724	0	50648	48001
10579	172	16	172	79886	1	50649	48002
10612	0	32	16	79625	0	50650	48003
10606	94	16	78	79292	1	50651	48004
10639	0	31	15	79958	0	50648	48001
10681	141	15	125	79940	0	50649	48002
10729	15	16	16	79715	0	50650	48003
10756	127	15	126	80057	0	50651	48004
10805	15	16	16	79634	0	50648	48001
10784	79	15	78	79265	1	50649	48002
10816	0	31	16	79607	0	50650	48003
10921	171	16	156	79499	0	50648	48001
10903	16	16	16	79472	0	50651	48004
10949	78	16	78	79193	1	50650	48003
10915	0	31	15	79463	0	50649	48002

11003	188	15	172	79454	0	50650	48003
11084	15	16	16	79409	0	50648	48001
11084	32	15	31	79517	0	50651	48004
11047	31	15	31	79364	0	50649	48002
11108	94	15	94	79463	0	50648	48001
11150	109	15	109	79445	0	50650	48003
11231	47	15	47	79409	0	50651	48004
11180	15	16	16	79157	0	50649	48002
11210	63	15	62	79184	0	50648	48001
11251	109	16	110	79382	0	50650	48003
11281	63	15	62	79454	0	50649	48002
11278	31	16	32	79616	0	50648	48001
11394	16	15	15	79409	0	50651	48004
11412	218	16	219	79517	0	50649	48002
11412	32	15	31	79499	0	50648	48001

11683	171	16	172	79130	0	50651	48004
11774	125	16	125	79580	0	50650	48003
11690	16	16	16	79517	0	50651	48004
11826	203	16	203	78896	1	50649	48002
11859	0	31	15	79373	0	50650	48003
11856	63	15	47	79445	0	50648	48001
11962	140	16	141	79202	0	50651	48004
11945	16	16	16	79337	0	50650	48003
11928	16	15	15	79166	0	50649	48002
11956	62	16	63	78887	0	50648	48001
12012	156	16	156	78860	0	50649	48002
12078	32	15	31	78932	0	50650	48003
12126	15	16	16	79103	0	50651	48004

12073	47	16	47	79031	0	50648	48001
12181	141	15	140	78707	0	50651	48004
12161	46	16	47	78932	0	50649	48002
12241	47	16	47	79067	0	50650	48003
12221	47	16	47	79166	0	50648	48001
12328	141	16	141	78752	0	50651	48004
12311	16	15	15	79094	1	50650	48003
12278	0	31	16	79292	0	50649	48002
12401	156	15	140	78977	0	50648	48001
12378	78	15	78	78698	0	50649	48002
12460	15	16	16	78716	1	50651	48004
12424	0	32	16	78572	0	50650	48003
12449	188	16	172	78752	0	50649	48002
12565	16	15	15	78905	0	50648	48001
12562	31	15	31	78860	0	50651	48004
12543	15	16	16	78680	0	50650	48003

12566	188	16	188	78905	0	50649	48002
12712	47	15	46	78482	1	50648	48001
12679	0	31	16	78770	1	50651	48004
12661	15	32	16	78635	0	50650	48003
12765	204	15	187	78212	0	50651	48004
12813	15	16	16	78833	0	50648	48001
12729	16	15	15	78590	0	50649	48002
12872	109	16	110	78932	0	50650	48003
12753	16	15	15	78104	0	50647	48000
12829	109	16	110	78626	0	50647	48000
12874	78	16	78	78464	0	50647	48000
13039	31	16	31	78455	1	50648	48001
13005	0	32	16	78338	0	50651	48004
12934	63	16	47	78617	0	50647	48000
12964	63	15	62	78518	0	50647	48000
12994	62	16	63	78212	0	50647	48000

13022	62	16	62	78509	0	50647	48000
13052	63	16	63	78608	0	50647	48000
13082	63	15	62	78374	0	50647	48000
13110	62	16	63	78482	0	50647	48000
13139	62	16	62	78266	0	50647	48000
13169	63	16	63	78185	0	50647	48000
13197	62	16	62	78536	0	50647	48000
13227	63	16	63	78419	0	50647	48000
13256	62	16	62	78167	0	50647	48000
13284	63	16	63	78428	0	50647	48000
13330	78	16	78	78500	0	50647	48000
13343	47	16	47	78158	0	50647	48000
13371	62	16	62	78563	0	50647	48000
13402	63	16	63	78851	0	50647	48000
13446	78	16	78	78725	0	50647	48000
13475	63	15	62	78284	0	50647	48000

13505	62	16	63	78293	0	50647	48000
13549	78	16	78	78833	0	50647	48000
13563	47	16	47	78518	0	50647	48000
13592	63	15	62	78437	0	50647	48000
13622	62	16	63	78527	0	50647	48000
13651	63	15	62	78608	0	50647	48000
13679	62	16	63	78545	0	50647	48000
13724	78	16	78	78527	0	50647	48000
13753	63	15	62	78734	0	50647	48000
13781	62	16	63	78428	0	50647	48000
13812	63	15	62	78446	0	50647	48000
13840	62	16	63	78401	0	50647	48000
13870	63	15	62	78113	0	50647	48000
13899	62	16	63	78446	0	50647	48000
13928	63	15	62	78248	0	50647	48000
13957	62	16	63	78464	0	50647	48000

13987	63	15	62	78392	0	50647	48000
14015	62	16	63	78644	0	50647	48000
14045	63	17	64	78401	0	50647	48000
14074	62	16	61	78518	0	50647	48000
14104	63	15	62	77996	0	50647	48000
14133	62	16	63	78428	0	50647	48000
14162	63	15	62	78644	0	50647	48000
14191	63	15	63	78761	0	50647	48000
14221	62	16	63	78581	0	50647	48000
14249	62	16	62	78644	0	50647	48000
14278	63	16	63	78608	0	50647	48000
14308	63	15	62	78617	0	50647	48000
14353	78	15	78	78311	0	50647	48000
14381	62	16	63	78662	0	50647	48000
14411	63	15	62	78491	0	50647	48000
14440	62	16	63	78392	0	50647	48000

14470	63	15	62	78158	0	50647	48000
14499	62	16	63	78455	0	50647	48000
14528	63	15	62	78698	0	50647	48000
14556	62	16	63	79157	0	50647	48000
14587	63	15	62	78617	0	50647	48000
14616	62	16	63	78635	0	50647	48000
14645	63	15	62	78725	0	50647	48000
14674	62	16	63	78509	0	50647	48000
14718	78	16	78	78788	0	50647	48000
14731	47	16	47	78536	0	50647	48000
14777	78	16	78	78932	0	50647	48000
14806	63	15	62	78626	0	50647	48000
14834	62	16	63	79157	0	50647	48000
14865	63	15	62	78635	0	50647	48000
14893	62	16	63	78842	0	50647	48000
14922	63	15	62	78662	0	50647	48000

14951	62	16	63	78914	0	50647	48000
14981	63	15	62	79211	0	50647	48000
15009	62	16	63	78455	0	50647	48000
15039	63	15	62	79058	0	50647	48000
15068	62	16	63	79058	0	50647	48000
15113	78	16	78	78671	0	50647	48000
15143	63	15	62	78770	0	50647	48000
15172	62	16	63	79004	0	50647	48000
15201	63	15	62	78995	0	50647	48000
15230	62	16	63	78896	0	50647	48000
15274	78	16	78	78788	0	50647	48000
15287	47	16	47	78797	0	50647	48000
15318	63	15	62	78482	0	50647	48000
15346	62	16	63	78383	0	50647	48000
15375	63	15	62	79040	0	50647	48000
15404	62	16	63	79175	0	50647	48000

15434	63	15	62	78590	0	50647	48000
15463	62	16	63	78968	0	50647	48000
15492	63	15	62	78545	0	50647	48000
15537	78	15	78	78968	0	50647	48000
15566	62	16	63	78788	0	50647	48000
15596	63	15	62	79220	0	50647	48000
15624	62	16	63	78986	0	50647	48000
15654	63	16	63	78536	0	50647	48000
15683	62	16	62	79022	0	50647	48000
15713	63	15	62	78860	0	50647	48000
15740	62	16	63	78977	0	50647	48000
15771	63	15	62	78860	0	50647	48000
15816	78	16	79	78698	0	50647	48000
15828	47	15	46	79112	0	50647	48000
15876	80	16	81	78743	0	50647	48000
15905	63	15	62	78644	0	50647	48000

15933	62	16	63	78635	0	50647	48000
15964	64	16	64	79148	0	50647	48000
15994	63	15	62	79517	0	50647	48000
16022	62	16	63	79031	0	50647	48000
16052	63	15	62	79202	0	50647	48000
16081	62	16	63	79130	0	50647	48000
16156	109	16	109	79283	0	50647	48000
16139	16	16	16	78905	0	50647	48000
16184	78	16	78	78887	0	50647	48000
16213	63	15	62	78788	0	50647	48000
16242	62	16	63	78959	0	50647	48000
16273	63	15	62	79040	0	50647	48000
16301	62	16	63	78878	0	50647	48000
16331	63	15	62	78932	0	50647	48000
16359	62	16	63	79103	0	50647	48000
16389	63	15	62	78986	0	50647	48000

16418	62	16	63	78653	0	50647	48000
16448	63	15	62	79022	0	50647	48000
16475	62	16	63	79292	0	50647	48000
16505	63	15	62	79355	0	50647	48000
16534	62	16	63	79031	0	50647	48000
16578	78	16	78	78959	0	50647	48000
16608	63	15	62	78680	0	50647	48000
16637	62	16	63	79022	0	50647	48000
16666	63	16	63	79382	0	50647	48000
16695	62	16	62	78986	0	50647	48000
16725	63	16	63	79184	0	50647	48000
16753	62	16	62	79067	0	50647	48000
16783	63	15	62	79229	0	50647	48000
16814	64	15	64	79274	0	50647	48000
16843	62	16	63	79094	0	50647	48000
16873	63	15	62	79085	0	50647	48000

16902	62	16	63	79328	0	50647	48000
16931	63	15	62	79364	0	50647	48000
16976	78	15	78	79103	0	50647	48000
17005	62	16	63	79355	0	50647	48000
17033	63	15	62	79256	0	50647	48000
17063	62	16	63	79148	0	50647	48000
17093	63	15	62	79139	0	50647	48000
17120	62	16	63	79553	0	50647	48000
17151	63	15	62	79229	0	50647	48000
17179	62	16	63	78932	0	50647	48000
17208	63	15	62	79202	0	50647	48000
17237	62	16	63	78968	0	50647	48000
17282	78	16	78	78914	0	50647	48000
17311	63	15	62	79418	0	50647	48000
17340	62	16	63	78905	0	50647	48000

17370	63	15	62	78824	0	50647	48000
17398	62	16	63	79526	0	50647	48000
17429	63	15	62	78797	0	50647	48000
17457	62	16	63	79319	0	50647	48000
17490	66	28	78	79139	0	50647	48000
17548	91	15	78	79319	0	50647	48000
17546	31	15	31	79058	0	50647	48000
17589	78	16	79	78779	0	50647	48000
17618	62	16	62	79112	0	50647	48000
17648	63	16	63	78644	0	50647	48000
17676	62	16	62	79013	0	50647	48000
17706	63	16	63	78761	0	50647	48000
17736	63	15	62	78941	0	50647	48000
17764	62	16	63	79274	0	50647	48000
17793	62	16	62	79049	0	50647	48000
17839	79	15	78	79058	0	50647	48000

17851	46	16	47	78698	0	50647	48000
17897	79	15	78	78518	0	50647	48000
17926	62	16	63	78662	0	50647	48000
17955	63	15	62	78932	0	50647	48000
17984	62	16	63	79058	0	50647	48000
18013	62	16	62	78815	0	50647	48000
18042	63	16	63	78743	0	50647	48000
18072	62	16	62	78572	0	50647	48000
18101	63	16	63	78662	0	50647	48000
18129	62	16	62	78806	0	50647	48000
18159	63	16	63	78896	0	50647	48000
18188	62	16	62	78923	0	50647	48000
18217	63	16	63	79058	0	50647	48000
18246	62	16	62	78842	0	50647	48000
18276	63	16	63	78491	0	50647	48000
18320	78	16	78	78617	0	50647	48000
18350	63	15	62	78806	0	50647	48000

18379	62	16	63	78599	0	50647	48000
18409	63	15	62	79148	0	50647	48000
18469	93	16	94	78482	0	50647	48000
18482	47	16	47	78581	0	50647	48000
18512	63	15	62	78905	0	50647	48000
18540	62	16	63	78491	0	50647	48000
18573	66	16	66	78653	0	50647	48000
18602	63	15	62	78680	0	50647	48000
18632	62	16	63	78878	0	50647	48000
18661	63	15	62	78869	0	50647	48000
18689	62	16	63	78950	0	50647	48000
18717	62	16	62	79022	0	50647	48000
18764	79	15	78	78572	0	50647	48000
18792	62	16	63	78923	0	50647	48000
18822	63	15	62	78842	0	50647	48000

18851	62	16	63	78635	0	50647	48000
18880	63	15	62	78536	0	50647	48000
18909	62	16	63	78869	0	50647	48000
18939	63	15	62	78644	0	50647	48000
18967	62	16	63	78824	0	50647	48000
18997	63	15	62	78959	0	50647	48000
19057	93	16	94	78977	0	50647	48000
19101	78	16	78	79049	0	50647	48000
19132	63	16	63	78527	0	50647	48000
19161	62	16	62	79049	0	50647	48000
19189	63	16	63	78707	0	50647	48000
19218	62	16	62	78959	0	50647	48000
19248	63	16	63	79121	0	50647	48000
19276	62	16	62	78995	0	50647	48000
19306	63	16	63	79049	0	50647	48000
19335	62	16	62	78644	0	50647	48000

19364	63	16	63	79067	0	50647	48000
19394	62	16	62	79067	0	50647	48000
19423	63	16	63	78662	0	50647	48000
19451	62	16	62	78527	0	50647	48000
19497	79	15	78	78770	0	50647	48000
19526	62	16	63	78905	0	50647	48000
19555	63	15	62	78644	0	50647	48000
19584	62	16	63	78617	0	50647	48000
19614	63	15	62	78635	0	50647	48000
19642	62	16	63	78590	0	50647	48000
19673	63	15	62	78680	0	50647	48000
19702	62	16	63	78410	0	50647	48000
19730	63	15	62	78653	0	50647	48000
19760	62	16	63	78590	0	50647	48000
19804	78	16	78	78293	0	50647	48000
19833	63	15	62	78383	0	50647	48000

19848	47	15	47	78428	0	50647	48000
19892	78	15	78	78167	0	50647	48000
19905	47	15	47	78311	0	50647	48000
19949	78	15	78	78230	0	50647	48000
19983	66	15	66	78158	0	50647	48000
19996	47	15	47	77573	0	50647	48000
20042	78	15	78	77726	0	50647	48000
20071	62	16	63	77726	0	50647	48000
20100	63	15	62	77996	0	50647	48000
20129	62	16	63	77654	0	50647	48000
20161	65	16	65	77987	0	50647	48000
20190	63	16	63	77807	0	50647	48000
20219	62	16	62	77852	0	50647	48000
20250	64	15	63	77708	0	50647	48000
20278	62	16	63	77987	0	50647	48000

20308	64	15	63	77897	0	50647	48000
20337	62	16	63	77654	0	50647	48000
20367	63	15	62	77816	0	50647	48000
20396	63	16	64	77933	0	50647	48000
20426	63	16	63	77735	0	50647	48000
20470	78	16	78	78185	0	50647	48000
20500	63	15	62	77915	0	50647	48000
20529	62	16	63	77780	0	50647	48000
20558	63	15	62	78824	0	50647	48000
20587	62	16	63	78203	0	50647	48000
20808	254	16	254	77996	0	50647	48000
16539	31	16	31	78887	0	50649	48002
16621	16	16	16	78599	0	50651	48004
16605	16	15	15	78923	0	50650	48003
16552	15	16	16	78725	0	50648	48001

16722	203	16	203	78689	0	50651	48004
16687	32	15	31	78878	0	50649	48002
16736	15	16	16	78923	0	50650	48003
16701	32	15	31	79364	0	50648	48001
16796	128	16	129	79085	0	50651	48004
16807	78	16	78	79103	1	50649	48002
16840	0	31	15	79238	0	50650	48003
16852	78	16	63	78977	0	50648	48001
16959	141	16	141	78842	0	50651	48004
16911	18	15	17	78869	0	50649	48002
16975	31	16	32	79130	0	50650	48003
17034	125	16	125	78671	0	50648	48001
17017	16	15	15	78635	0	50651	48004
16980	31	15	31	78545	0	50649	48002
17092	78	16	79	78482	0	50650	48003

17134	141	15	140	78482	1	50651	48004
17167	0	31	16	78905	0	50648	48001
17193	93	16	78	78644	0	50650	48003
17206	47	16	47	78644	0	50649	48002
17267	94	16	94	78401	0	50648	48001
17249	16	15	15	78284	0	50651	48004
17276	93	16	94	78437	0	50649	48002
17341	32	15	31	78572	0	50650	48003
17353	78	15	78	78356	0	50648	48001
17339	19	13	17	78752	0	50651	48004
17456	184	16	187	79076	0	50649	48002
17439	16	16	16	78338	0	50648	48001
17522	16	15	15	78851	1	50650	48003
17422	0	31	16	78680	0	50651	48004
17589	234	16	219	78707	1	50649	48002
17555	0	31	15	78356	2	50648	48001
17537	16	31	16	78725	1	50651	48004
17637	0	47	16	78257	0	50650	48003

17689	218	16	187	79139	0	50649	48002
17645	22	14	20	78716	0	50651	48004
17691	14	16	16	78545	0	50648	48001
17790	32	15	31	79256	0	50650	48003
17810	187	16	188	78518	0	50649	48002
17776	32	15	31	78887	0	50651	48004
17824	15	16	16	78761	0	50648	48001
17938	47	16	47	78707	0	50650	48003
17959	188	15	187	78797	0	50649	48002
17972	46	16	47	78887	0	50648	48001
18054	16	16	16	78815	0	50650	48003
17971	16	15	15	78617	0	50651	48004
18062	157	16	158	78995	0	50649	48002
18173	78	16	78	78653	0	50650	48003

18122	16	16	16	78320	1	50648	48001
18089	0	35	19	78635	0	50651	48004
18167	145	15	125	79013	0	50649	48002
18228	94	0	79	78905	0	50648	48001
18295	0	15	15	79067	1	50650	48003
18195	0	31	16	78977	0	50651	48004
18331	203	15	187	79103	0	50649	48002
18294	31	16	32	79220	0	50651	48004
18344	16	15	15	78770	0	50648	48001
18426	15	16	16	78887	0	50650	48003
18447	188	15	187	79202	0	50649	48002
18527	47	15	47	79067	0	50650	48003
18442	15	16	16	79400	0	50651	48004
18491	16	15	15	79364	0	50648	48001
18579	188	16	189	79211	0	50649	48002
18529	16	15	15	79022	0	50651	48004
18644	15	16	16	79472	0	50650	48003

18655	78	16	78	79283	0	50648	48001
18649	94	16	94	79373	0	50649	48002
18745	63	15	62	78950	0	50650	48003
18692	46	16	47	79607	0	50651	48004
18757	32	15	31	79508	0	50648	48001
18814	156	16	157	79130	0	50649	48002
18925	78	16	78	79256	1	50650	48003
18824	0	31	15	79481	0	50651	48004
18889	31	16	16	79463	0	50648	48001
18930	141	16	141	78860	0	50649	48002
19010	47	15	46	79229	0	50650	48003
18973	62	16	63	79121	0	50651	48004
19022	16	16	16	79319	0	50648	48001
19001	79	16	79	79148	0	50649	48002
19128	94	16	94	78959	0	50650	48003

19058	31	16	31	78887	0	50651	48004
19139	47	16	47	79211	0	50648	48001
19149	110	15	109	79139	0	50649	48002
19230	47	15	47	79139	0	50650	48003
19241	78	15	78	79463	0	50648	48001
19222	15	16	16	79193	0	50651	48004
19296	141	15	140	79220	0	50649	48002
19361	31	16	32	79625	0	50650	48003
19358	63	15	62	78860	0	50648	48001
19340	15	16	16	79085	0	50651	48004
19414	141	16	141	79184	0	50649	48002
19494	47	16	47	79310	0	50650	48003
19424	31	16	31	79175	1	50651	48004
19459	0	31	15	79229	0	50648	48001
19577	219	16	204	79571	1	50649	48002

19611	0	31	15	79148	1	50650	48003
19527	16	31	16	79373	0	50651	48004
19621	62	16	47	79202	0	50648	48001
19662	141	15	140	79490	0	50649	48002
19627	31	16	32	78779	0	50651	48004
19743	16	15	15	79373	0	50650	48003
19739	62	16	63	79418	0	50648	48001
19859	188	15	187	79067	1	50650	48003
19826	0	31	16	79337	1	50649	48002
19775	15	31	15	78905	0	50651	48004
19855	47	16	32	79139	0	50648	48001
19876	188	15	187	79166	0	50651	48004
19959	15	16	16	79229	1	50649	48002
19992	0	31	15	78878	0	50650	48003
19971	47	16	32	79274	0	50648	48001
20008	203	16	203	79184	2	50651	48004

20074	0	31	15	79319	1	50649	48002
20108	0	47	16	79283	1	50650	48003
20072	31	32	16	79274	0	50648	48001
20109	204	15	187	79562	0	50651	48004
20224	15	16	16	79040	0	50650	48003
20174	16	15	15	79211	0	50648	48001
20223	15	16	16	79103	0	50649	48002
20279	157	16	157	79013	0	50650	48003
20258	78	16	78	79526	0	50651	48004
20356	32	15	31	79481	0	50649	48002
20304	47	15	47	79292	0	50650	48003
20316	46	16	47	79310	0	50649	48002
20509	94	16	94	79553	0	50648	48001
20527	250	16	250	78779	1	50649	48002
20594	0	32	16	79535	1	50651	48004

20576	16	31	15	79040	0	50650	48003
20674	31	16	16	78986	0	50648	48001
20710	204	15	203	79391	0	50651	48004
20676	31	15	31	79040	0	50649	48002
20723	15	16	16	79544	1	50650	48003
20790	0	32	16	79256	0	50648	48001
20843	219	16	203	79274	0	50651	48004
20791	16	15	15	79229	0	50649	48002
20906	15	16	16	79391	0	50648	48001
20887	47	16	47	79427	0	50650	48003
20961	141	15	140	79013	0	50648	48001
20908	47	15	47	78986	0	50649	48002
21022	47	15	47	79004	0	50651	48004
21034	46	16	47	79202	0	50650	48003
20984	16	16	16	78950	0	50648	48001

21154	203	16	203	79058	0	50651	48004
21103	16	15	15	79535	0	50649	48002
21184	48	15	48	79409	1	50650	48003
21117	0	31	16	78851	0	50648	48001
21163	78	16	63	79274	0	50651	48004
21283	188	15	187	78797	0	50649	48002
21265	15	16	16	79328	1	50648	48001
21232	0	31	15	78896	1	50651	48004
21348	16	31	16	79220	0	50650	48003
21367	219	15	203	79400	0	50648	48001
21432	31	15	31	79157	0	50649	48002
21379	15	16	16	79472	1	50651	48004
21479	0	32	16	78932	0	50650	48003
21517	204	15	187	79481	0	50649	48002
21498	15	16	16	78617	0	50648	48001
21597	31	16	31	79409	0	50650	48003
21544	47	16	47	78887	0	50651	48004

21667	156	16	156	78905	1	50650	48003
21633	0	32	16	79409	0	50649	48002
21726	126	15	109	78977	0	50648	48001
21708	15	16	16	78743	0	50651	48004
21736	63	15	62	79049	0	50650	48003
21719	15	16	16	78824	0	50649	48002
21854	203	16	203	79202	0	50651	48004
21904	16	16	16	78977	1	50648	48001
21804	0	31	15	78869	1	50649	48002
21853	16	31	16	79112	0	50650	48003
21940	187	16	172	79121	0	50651	48004
21904	31	16	31	79355	0	50649	48002
21954	16	16	16	79265	0	50650	48003
22036	16	15	15	78986	0	50648	48001
22075	205	16	206	79328	0	50651	48004

22056	47	16	47	79589	1	50649	48002
22088	0	31	15	79193	1	50650	48003
22171	16	31	16	78977	0	50648	48001
22192	187	16	172	79391	0	50651	48004
22222	63	15	62	78752	2	50650	48003
22188	0	31	16	79292	1	50649	48002
22288	0	47	16	78311	0	50648	48001
22388	234	16	203	79121	0	50648	48001
22304	16	15	15	78932	0	50649	48002
22353	15	16	16	79067	0	50650	48003
22434	47	16	47	79337	0	50651	48004
22411	78	16	78	78959	0	50648	48001
22456	78	16	78	79229	0	50651	48004
22469	79	15	78	78941	0	50649	48002
22579	78	15	78	79346	1	50650	48003
22514	0	31	16	79463	1	50648	48001
22495	15	31	15	78986	0	50651	48004

