DelayToEnqueue	DeltaEnqueue	QueueDelay	DeltaDequeue	FrameSize	Buffer
15	0	15	0	1093986	1
10	12	27	24	1092411	0
10	30	19	22	1100043	0
8	30	10	21	1095669	0
3	30	2	22	1094130	0
6	36	8	42	1092807	0
4	30	20	42	1091970	0
6	36	6	22	1093158	0
3	30	19	43	1092852	0
0	30	10	21	1090998	0

-5	30	2	22	1092366	0
10	48	1	47	1095462	0
13	36	7	42	1085697	0
9	30	20	43	1096011	0
7	30	12	22	1092330	0
8	35	18	41	1096173	0
6	30	10	22	1094274	0
2	30	2	22	1090710	0
0	30	14	42	1094787	0
0	36	20	42	1096209	0
5	36	6	22	1092267	0
1	30	19	43	1091403	0
-3	30	11	22	1084923	0
12	48	6	43	1089936	0
9	30	19	43	1090359	0
10	36	5	22	1083843	0
8	30	18	43	1090764	0
4	30	10	22	1090746	0
6	36	17	43	1094805	0
4	30	9	22	1094400	0
1	30	1	22	1089135	0
2	36	8	43	1083798	0
-1	30	21	43	1091493	0
-3	30	13	22	1088523	0
10	48	7	42	1093518	0
1	24	4	21	1081017	0
9	41	4	41	1095156	0
6	30	16	42	1091628	0
9	36	2	22	1092465	0
6	30	15	43	1090782	0

2	30	7	22	1091115	0
5	36	13	42	1088541	0
2	30	4	21	1101564	0
4	36	11	43	1096461	0
1	30	2	21	1087920	0
4	36	8	42	1093194	0
11	42	9	43	1095894	0
15	36	16	43	1090782	0
12	30	8	22	1095318	0
7	30	21	43	1092051	0
11	36	6	21	1087380	0
-1	30	18	42	1097235	0
3	30	10	22	1095462	0
0	30	1	21	1086831	0
4	36	7	42	1095273	0
-1	30	19	42	1090854	0
2	36	4	21	1095669	0
11	41	4	41	1092285	0
12	36	11	43	1084653	0
10	30	2	21	1090728	0
7	30	14	42	1091061	0
9	36	1	23	1085508	0
6	30	13	42	1092627	0
3	30	4	21	1090305	0
5	36	10	42	1081827	0
1	30	1	21	1087641	0
5	36	7	42	1092168	0
1	30	19	42	1098486	0
4	36	6	23	1089693	0
13	42	7	43	1095723	0

9	30	19	42	1094589	0
12	36	4	21	1093761	0
9	30	17	43	1106019	0
5	30	9	22	1093545	0
8	36	15	42	1093779	0
5	30	7	22	1101159	0
1	30	19	42	1095129	0
4	36	4	21	1094616	0
1	30	16	42	1091727	0
-4	30	8	22	1093617	0
5	41	10	43	1088316	0
-5	24	7	21	1090539	0
9	48	1	42	1086039	0
12	36	8	43	1094364	0
9	30	20	42	1096173	0
12	36	5	21	1091583	0
7	29	17	41	1091997	0
6	30	8	21	1091826	0
1	30	20	42	1093500	0
5	36	5	21	1088343	0
1	30	17	42	1105119	0
3	36	2	21	1092429	0
-2	29	14	41	1101456	0
-4	30	6	22	1094796	0
10	48	0	42	1091736	0
12	36	7	43	1101708	0
10	30	19	42	1095318	0
6	30	10	21	1095354	0
3	30	2	22	1087713	0
0	30	14	42	1091547	0

3	37	19	42	1088262	0
0	30	10	21	1094679	0
3	36	17	43	1098252	0
-2	30	8	21	1093473	0
-4	30	20	42	1094346	0
11	48	14	42	1087947	0
11	35	1	22	1096380	0
9	30	13	42	1088991	0
6	30	5	22	1095462	0
8	36	11	42	1094652	0
5	30	2	21	1091745	0
2	30	14	42	1091052	0
3	36	21	43	1103175	0
1	30	12	21	1093284	0
-2	30	4	22	1090755	0
12	48	19	63	1090998	0
8	30	10	21	1093878	0
12	36	15	41	1095525	0
7	29	8	22	1097685	0
4	30	20	42	1090188	0
7	36	7	23	1090287	0
3	30	20	43	1094229	0
6	36	6	22	1091601	0
4	30	18	42	1087920	0
5	36	4	22	1095237	0
2	30	16	42	1085481	0
-1	30	8	22	1094427	0
13	48	2	42	1090458	0
10	30	14	42	1088928	0
13	36	20	42	1087839	0

9	30	12	22	1088757	0
5	30	6	24	1095741	0
2	30	17	41	1101546	0
4	35	4	22	1094328	0
1	30	16	42	1088631	0
4	36	2	22	1094355	0
0	30	15	43	1098414	0
-4	30	7	22	1086813	0
0	36	14	43	1097064	0
7	42	15	43	1092681	0
11	36	1	22	1092645	0
8	30	14	43	1093806	0
4	30	6	22	1093419	0
6	36	14	44	1092663	0
4	30	5	21	1095264	0
6	36	12	43	1082709	0
2	30	4	22	1092762	0
0	30	16	42	1090575	0
0	35	2	21	1090296	0
10	42	3	43	1098531	0
13	36	10	43	1094202	0
9	30	1	21	1099890	0
6	30	13	42	1095750	0
9	36	19	42	1087092	0
5	30	10	21	1092420	0
2	30	2	22	1089081	0
5	36	8	42	1090206	0
1	30	20	42	1100376	0
4	36	5	21	1092969	0
1	30	17	42	1095435	0

14	48	11	42	1093149	0
12	30	4	23	1093149	0
-3	18	8	22	1093905	0
10	48	3	43	1101213	0
7	30	17	44	1093779	0
9	35	2	20	1088289	0
6	30	14	42	1094103	0
3	30	6	22	1096119	0
0	30	18	42	1096929	0
2	36	4	22	1090737	0
-1	30	16	42	1093509	0
-4	30	7	21	1109871	0
10	48	1	42	1094643	0
13	36	8	43	1093860	0
10	30	20	42	1088847	0
12	36	5	21	1100655	0
9	30	17	42	1088982	0
6	30	9	22	1084302	0
6	35	17	43	1079856	0
3	30	8	21	1074114	0
0	29	21	42	1075032	0
2	36	7	22	1079550	0
-1	30	20	43	1065789	0
-4	30	12	22	1080063	0
10	48	7	43	1073295	0
12	36	14	43	1073754	0
9	30	5	21	1068273	0
5	30	17	42	1070991	0
2	30	9	22	1070028	0
6	36	15	42	1065348	0
1	29	7	21	1063323	0

4	36	13	42	1057383	0
1	30	5	22	1056006	0
-3	30	17	42	1050453	0
12	48	11	42	1048392	0
-3	18	14	21	1052613	0
11	48	9	43	1047348	0
8	30	1	22	1047105	0
11	36	8	43	1046925	0
6	30	21	43	1051920	0
3	30	11	20	1046889	0
-1	29	4	22	1049706	0
2	36	11	43	1042911	0
-2	30	3	22	1046664	0
-5	30	16	43	1041381	0
-2	36	2	22	1044765	0
13	48	17	63	1049094	0
10	30	9	22	1043460	0
11	36	15	42	1044441	0
9	30	6	21	1056861	0
9	34	15	43	1048743	0
5	30	7	22	1051776	0
2	30	19	42	1048635	0
6	36	4	21	1048446	0
2	30	16	42	1053531	0
-2	30	8	22	1046979	0
1	36	15	43	1049067	0
-4	29	8	22	1055214	0
12	48	2	42	1043658	0
7	30	16	44	1055709	0
10	36	1	21	1045296	0

8	30	14	43	1049661	0
11	36	21	43	1045233	0
6	30	12	21	1049139	0
4	30	4	22	1052415	0
1	30	15	41	1052244	0
2	35	1	21	1050759	0
-1	30	13	42	1046286	0
2	36	19	42	1049355	0
10	42	20	43	1042524	0
13	36	6	22	1053909	0
10	30	18	42	1049580	0
6	30	10	22	1043397	0
8	36	16	42	1053108	0
5	30	7	21	1051344	0
7	36	13	42	1054746	0
4	30	5	22	1046835	0
2	30	18	43	1042749	0
3	36	3	21	1051974	0
0	30	15	42	1061118	0
-3	30	6	21	1051308	0
11	48	21	63	1063935	0
8	30	12	21	1046988	0
11	36	18	42	1052514	0
6	29	11	22	1047582	0
3	30	2	21	1052622	0
7	36	8	42	1052352	0
2	30	20	42	1052532	0
0	30	12	22	1049400	0
2	36	19	43	1053270	0
-2	30	10	21	1043496	0
-5	30	1	21	1050939	0

16	54	10	63	1048698	0
12	30	1	21	1049184	0
9	30	14	43	1048950	0
6	30	5	21	1049049	0
6	34	13	42	1050399	0
3	30	5	22	1051821	0
1	30	17	42	1053756	0
2	36	3	22	1050849	0
0	30	15	42	1051200	0
3	36	1	22	1056105	0
-2	30	14	43	1050705	0
13	48	8	42	1046646	0
10	30	21	43	1044378	0
12	36	6	21	1052397	0
9	30	19	43	1048104	0
5	30	10	21	1050912	0
7	36	16	42	1049067	0
5	30	8	22	1050480	0
2	30	21	43	1044999	0
4	36	6	21	1051578	0
1	30	19	43	1050093	0
-3	29	10	20	1050759	0
-1	36	16	42	1053459	0
14	48	11	43	1056366	0
11	30	3	22	1059327	0
7	30	16	43	1055601	0
10	36	1	21	1052298	0
7	30	14	43	1052640	0
3	30	6	22	1060119	0

1	30	19	43	1057248	0
3	36	5	22	1058517	0
-1	30	17	42	1057581	0
2	36	3	22	1052001	0
-1	30	15	42	1060074	0
12	48	10	43	1053828	0
10	30	2	22	1053207	0
12	36	10	44	1052352	0
9	30	2	22	1055448	0
6	30	15	43	1055232	0
9	36	1	22	1061172	0
5	30	13	42	1070523	0
2	30	5	22	1066113	0
5	36	12	43	1067409	0
1	30	3	21	1066554	0
-2	30	16	43	1063494	0
0	36	2	22	1064754	0
9	42	2	42	1063602	0
11	36	9	43	1067688	0
9	30	21	42	1060938	0
10	36	6	21	1064979	0
7	30	18	42	1072377	0
5	29	10	21	1069848	0
6	36	17	43	1060587	0
4	30	8	21	1062441	0
1	30	20	42	1064790	0
2	36	6	22	1064961	0
-1	30	18	42	1058679	0
14	48	12	42	1061109	0
10	30	4	22	1076841	0

7	30	16	42	1065348	0
10	36	1	21	1069380	0
6	30	13	42	1056519	0
9	36	20	43	1065141	0
6	30	11	21	1067553	0
1	30	3	22	1059849	0
5	36	9	42	1063881	0
2	30	21	42	1058283	0
4	36	6	21	1062585	0
1	30	18	42	1066410	0
16	48	12	42	1064979	0
12	29	4	21	1068336	0
14	36	10	42	1065762	0
11	30	2	22	1062513	0
7	30	15	43	1069569	0
5	30	6	21	1069650	0
8	36	12	42	1072665	0
4	30	3	21	1065897	0
7	36	9	42	1064448	0
3	30	1	22	1069335	0
0	31	12	42	1073430	0
-4	30	4	22	1064736	0
-5	30	16	42	1064484	0
14	54	4	42	1061640	0
11	30	16	42	1071522	0
9	30	8	22	1065537	0
10	36	14	42	1066707	0
8	30	5	21	1063575	0
4	30	17	42	1060920	0
0	30	8	21	1070091	0
3	36	14	42	1062225	0

0	30	5	21	1066293	0
-5	29	18	42	1070370	0
10	48	13	43	1068003	0
14	36	20	43	1068489	0
9	30	11	21	1069767	0
13	36	18	43	1072818	0
10	30	10	22	1070496	0
5	30	1	21	1071666	0
8	36	7	42	1066410	0
5	30	19	42	1064889	0
17	65	18	64	1071972	1
7	6	35	23	1070766	1
0	24	32	21	1066284	0
14	48	5	21	1071630	0
11	30	17	42	1066671	0
15	36	2	21	1069029	0
10	30	14	42	1066626	0
7	30	6	22	1068858	0
10	36	13	43	1062315	0
6	30	4	21	1061739	0
3	30	16	42	1069497	0
5	35	2	21	1067616	0
2	30	14	42	1061487	0
-2	30	6	22	1070307	0
2	36	12	42	1066239	0
9	42	13	43	1070316	0
13	36	19	42	1067283	0
9	30	10	21	1065636	0
11	36	17	43	1067499	0
8	30	8	21	1072008	0

6	30	20	42	1071990	0
2	30	12	22	1066878	0
5	36	19	43	1069803	0
2	30	10	21	1064601	0
3	36	17	43	1074798	0
1	30	9	22	1067643	0
-2	30	1	22	1058823	0
10	48	17	64	1070406	0
13	35	2	20	1070091	0
11	30	14	42	1070793	0
7	30	6	22	1069560	0
7	36	12	42	1067256	0
7	30	3	21	1072989	0
32	60	6	63	1063395	0
11	18	10	22	1074960	0
20	36	16	42	1076031	0
16	30	7	21	1072242	0
13	30	20	43	1068426	0
10	30	12	22	1068453	0
11	36	18	42	1069857	0
9	30	10	22	1074537	0
12	36	16	42	1066887	0
8	30	7	21	1075005	0
5	30	20	43	1066923	0
2	30	12	22	1066491	0
3	36	17	41	1074834	0
1	30	9	22	1071585	0
-1	30	0	21	1066788	0
12	48	15	63	1071927	0
9	30	7	22	1077750	0

12	36	14	43	1072629	0
8	30	6	22	1075770	0
11	36	12	42	1064844	0
8	30	3	21	1074420	0
4	30	15	42	1073286	0
7	36	1	22	1072701	0
5	30	13	42	1081134	0
0	30	5	22	1080324	0
3	36	12	43	1068435	0
0	30	3	21	1067607	0
2	36	10	43	1073925	0
10	42	11	43	1079082	0
14	36	17	42	1079289	0
10	30	9	22	1091439	0
7	30	20	41	1076058	0
9	35	6	21	1077642	0
6	30	18	42	1071450	0
3	30	9	21	1074132	0
0	30	21	42	1080432	0
2	36	6	21	1076067	0
-2	30	19	43	1070532	0
2	36	4	21	1069875	0
9	42	4	42	1075878	0
12	36	10	42	1076886	0
9	29	3	22	1071774	0
10	36	10	43	1079298	0
8	30	1	21	1075941	0
11	36	7	42	1072071	0
6	30	19	42	1077264	0
4	30	12	23	1074573	0
0	30	3	21	1071963	0

1	35	10	42	1069938	0
-1	30	1	21	1078263	0
2	36	8	43	1074114	0
15	48	3	43	1070316	0
13	30	15	42	1075545	0
10	30	6	21	1070010	0
5	30	18	42	1078722	0
9	36	3	21	1078695	0
6	30	15	42	1063989	0
8	36	1	22	1074033	0
5	30	13	42	1076499	0
1	30	4	21	1078002	0
3	36	10	42	1076175	0
0	30	1	21	1080306	0
15	48	16	63	1080531	0
12	30	7	21	1080540	0
14	36	14	43	1082421	0
12	30	5	21	1077156	0
7	30	18	43	1074978	0
4	30	9	21	1080882	0
8	36	16	43	1071909	0
4	30	7	21	1076778	0
6	36	13	42	1075626	0
3	30	5	22	1070325	0
-2	29	19	43	1082871	0
12	48	13	42	1077489	0
10	30	4	21	1071171	0
11	36	10	42	1076319	0
9	30	2	22	1083087	0

6	30	14	42	1076679	0
8	36	20	42	1079820	0
5	30	11	21	1073025	0
7	35	17	41	1076643	0
3	30	9	22	1077102	0
0	30	21	42	1079964	0
-3	30	13	22	1076274	0
-2	35	20	42	1069047	0
138	174	14	168	1082781	2
112	6	30	22	1083456	3
84	6	46	22	1093338	3
57	6	61	21	1077822	3
30	6	76	21	1079559	3
19	24	73	21	1082232	2
17	30	65	22	1082970	2
2	18	68	21	1076238	2
3	36	53	21	1073754	1
1	30	46	23	1080945	1
-2	30	37	21	1080675	0
12	48	10	21	1069938	0
9	30	1	21	1076076	0
12	36	7	42	1079118	0
8	30	20	43	1074654	0
10	35	7	22	1083546	0
7	30	20	43	1089468	0
3	30	13	23	1078047	0
0	29	4	20	1082826	0
3	36	10	42	1077201	0
-1	30	1	21	1076526	0
2	36	7	42	1081890	0

-1	30	20	43	1076697	0
12	48	18	46	1083771	0
10	30	10	22	1070946	0
12	36	17	43	1074177	0
8	30	8	21	1085643	0
4	29	21	42	1076436	0
7	36	7	22	1082385	0
2	30	19	42	1079667	0
6	36	4	21	1074942	0
3	30	17	43	1073151	0
-1	30	9	22	1083132	0
-4	30	21	42	1071909	0
-2	36	7	22	1080495	0
12	48	1	42	1079487	0
10	30	13	42	1078308	0
7	30	5	22	1078443	0
15	42	5	42	1084752	0
5	24	3	22	1077768	0
3	29	16	42	1070820	0
5	36	2	22	1081017	0
1	30	16	44	1081638	0
5	36	1	21	1079082	0
0	30	14	43	1082259	0
-3	30	6	22	1070388	0
12	48	1	43	1083411	0
8	30	14	43	1079955	0
11	36	20	42	1081440	0
8	30	11	21	1082187	0
10	36	17	42	1083906	0
8	30	9	22	1082538	0

4	30	20	41	1078335	0
1	30	15	25	1079397	0
4	36	21	42	1079712	0
1	30	13	22	1086732	0
2	36	19	42	1071891	0
-1	30	11	22	1083591	0
14	47	6	42	1077606	0
9	30	19	43	1086201	0
7	30	10	21	1080792	0
9	36	17	43	1076670	0
6	30	8	21	1077642	0
3	30	20	42	1079595	0
6	36	5	21	1081638	0
1	30	17	42	1086804	0
4	36	2	21	1083222	0
2	30	15	43	1080072	0
14	47	10	42	1074357	0
11	30	1	21	1075635	0
9	30	14	43	1080054	0
11	36	21	43	1074987	0
8	30	12	21	1085472	0
5	30	4	22	1077345	0
6	36	10	42	1078929	0
3	30	1	21	1079154	0
7	36	7	42	1075149	0
2	30	20	43	1075959	0
-1	30	12	22	1085679	0
-4	30	4	22	1079550	0
-2	36	10	42	1077516	0
14	48	4	42	1081674	0
10	30	16	42	1068876	0

6	30	8	22	1084554	0
9	36	14	42	1073439	0
6	30	5	21	1075410	0
8	36	12	43	1078236	0
5	30	5	23	1068345	0
2	30	17	42	1075779	0
4	36	2	21	1069425	0
1	30	14	42	1063512	0
-2	30	5	21	1073790	0
12	48	19	62	1071855	0
7	29	12	22	1075401	0
12	36	19	43	1082691	0
8	30	10	21	1070046	0
11	36	16	42	1080342	0
8	30	8	22	1082304	0
4	30	21	43	1072467	0
1	30	12	21	1079811	0
4	36	19	43	1082007	0
0	30	11	22	1073178	0
-4	30	2	21	1071747	0
0	36	9	43	1072800	0
-4	30	21	42	1078902	0
10	48	15	42	1072665	0
8	30	7	22	1076544	0
8	36	14	43	1067067	0
5	29	6	21	1082007	0
9	36	12	42	1076805	0
5	30	3	21	1074690	0
2	30	15	42	1078182	0
5	36	1	22	1076085	0

0	30	14	43	1076067	0
14	48	8	42	1076418	0
11	30	20	42	1077228	0
8	30	12	22	1079325	0
10	35	20	43	1075221	0
13	36	5	21	1076751	0
9	30	17	42	1070172	0
5	30	9	22	1083681	0
2	30	20	41	1081197	0
5	35	6	21	1082286	0
2	30	19	43	1081422	0
5	36	5	22	1082268	0
1	30	18	43	1074069	0
16	48	13	43	1090539	0
13	30	4	21	1074672	0
8	30	16	42	1082259	0
5	30	8	22	1080171	0
8	36	14	42	1076229	0
11	36	20	42	1079514	0
1	24	17	21	1076751	0
4	36	3	22	1072674	0
-1	30	16	43	1086498	0
3	36	2	22	1080540	0
0	30	14	42	1076328	0
-4	30	6	22	1081638	0
-1	36	13	43	1079649	0
8	42	14	43	1077885	0
9	36	21	43	1078641	0
6	29	13	21	1077534	0
9	36	20	43	1085022	0

5	30	12	22	1083726	0
2	30	4	22	1078362	0
5	36	9	41	1076805	0
0	29	2	22	1079712	0
-2	30	14	42	1086318	0
13	48	9	43	1084743	0
17	42	10	43	1069785	0
15	30	3	23	1085841	0
11	30	15	42	1072584	0
13	35	2	22	1081899	0
10	30	15	43	1089108	0
13	36	2	23	1080549	0
9	30	15	43	1077633	0
6	30	8	23	1080360	0
2	30	20	42	1089810	0
4	36	6	22	1075329	0
18	48	2	44	1079325	0
10	24	21	43	1085787	0
8	30	12	21	1095012	0
12	36	18	42	1086624	0
8	29	10	21	1090953	0
5	30	1	21	1098738	0
8	36	7	42	1098315	0
5	30	20	43	1098324	0
7	36	5	21	1104390	0
4	30	17	42	1107342	0
1	30	10	23	1108098	0
2	36	17	43	1117782	0
11	42	18	43	1114524	0
-3	18	21	21	1121976	0

10	48	15	42	1115919	0
13	36	21	42	1125657	0
10	30	13	22	1108827	0
6	30	5	22	1099314	0
3	30	17	42	1088802	0
7	36	3	22	1081755	0
2	30	16	43	1086291	0
6	36	2	22	1084671	0
2	30	14	42	1081539	0
4	36	21	43	1080216	0
9	48	16	43	1068795	1
-2	12	25	21	1058436	0
12	48	20	43	1041435	0
9	30	12	22	1025685	0
12	36	19	43	1001196	0
9	30	11	22	992763	0
5	30	3	22	983223	0
9	36	8	41	984114	0
4	29	21	42	983835	0
1	30	13	22	985068	0
4	36	20	43	985662	0
1	30	11	21	990054	0
9	42	12	43	989442	0
0	24	10	22	988317	0
8	42	11	43	988290	0
11	36	18	43	989568	0
8	30	9	21	989973	0
4	30	1	22	987984	0
7	36	7	42	986553	0
4	30	20	43	991461	0
-1	30	11	21	993117	0

3	36	18	43	991218	0
0	30	9	21	991767	0
1	35	16	42	996753	0
9	42	16	42	997626	0
13	36	2	22	1000740	0
7	30	15	43	995574	0
4	29	7	21	1001073	0
8	36	13	42	1006005	0
4	30	5	22	1001316	0
1	30	17	42	1003665	0
4	36	3	22	1003080	0
0	30	15	42	1004871	0
-3	30	7	22	995925	0
0	36	13	42	993369	0
-4	30	4	21	997500	0
11	48	19	63	1000011	0
14	36	4	21	999912	0
9	30	16	42	994278	0
7	30	7	21	996384	0
9	36	14	43	995844	0
5	30	5	21	1001154	0
2	29	18	42	998175	0
0	30	11	23	995610	0
1	36	17	42	990363	0
4	36	3	22	984261	0
-2	30	18	45	992631	0
-3	30	9	21	1004241	0
13	48	4	43	1001163	0
10	30	17	43	1016796	0
11	36	2	21	1013313	0

8	30	15	43	1013880	0
5	30	6	21	1036326	0
6	36	13	43	1051014	0
3	30	4	21	1069410	0
0	30	16	42	1089183	0
2	36	2	22	1093566	0
-1	30	14	42	1100460	0
-4	30	5	21	1102197	0
10	48	21	64	1108686	0
13	36	6	21	1100586	0
10	30	17	41	1111728	0
6	29	10	22	1119045	0
8	36	17	43	1104969	0
5	30	8	21	1103196	0
7	36	14	42	1106598	0
3	30	6	22	1107696	0
1	30	19	43	1101216	0
-3	30	10	21	1104276	0
0	36	17	43	1109055	0
-3	30	8	21	1104780	0
11	48	3	43	1098372	0
8	30	15	42	1106229	0
11	36	20	41	1104321	0
7	29	13	22	1111557	0
3	30	5	22	1107507	0
6	36	12	43	1110450	0
2	30	3	21	1106841	0
4	35	11	43	1108857	0
1	30	3	22	1105365	0

16	48	18	63	1095456	0
12	30	11	23	1095222	0
15	36	18	43	1083351	0
10	30	11	23	1092162	0
7	30	3	22	1084998	0
11	36	9	42	1091406	0
7	30	1	22	1089255	0
4	30	14	43	1083981	0
7	36	21	43	1084998	0
3	30	12	21	1083684	0
-1	30	3	21	1085340	0
3	36	9	42	1083027	0
-1	30	21	42	1089390	0
13	48	14	41	1087617	0
11	30	5	21	1086960	0
12	35	13	43	1088814	0
9	30	6	23	1090263	0
6	30	18	42	1090650	0
8	36	3	21	1092801	0
5	30	15	42	1083315	0
2	30	6	21	1084629	0
4	36	12	42	1095933	0
1	30	3	21	1089021	0
-2	30	16	43	1087770	0
11	47	11	42	1092000	0
14	36	17	42	1089435	0
11	30	10	23	1090776	0
7	30	2	22	1097679	0
4	30	14	42	1095105	0
6	35	1	22	1095789	0
2	29	14	42	1087401	0

-2	30	5	21	1102683	0
1	36	15	46	1097094	0
14	48	10	43	1097454	0
18	36	17	43	1097238	0
14	30	9	22	1100397	0
11	30	21	42	1089561	0
8	30	13	22	1100361	0
11	36	20	43	1105437	0
7	30	10	20	1108623	0
4	29	3	22	1101630	0
7	36	10	43	1109640	0
2	30	1	21	1096689	0
6	36	7	42	1101045	0
3	30	20	43	1107687	0
16	48	15	43	1106067	0
13	30	7	22	1100532	0
10	30	19	42	1101342	0
12	36	4	21	1097769	0
9	30	17	43	1098759	0
7	30	8	21	1108974	0
8	36	14	42	1101477	0
6	30	6	22	1105797	0
2	30	19	43	1099047	0
4	36	4	21	1104753	0
0	29	16	41	1096743	0
-2	30	7	21	1100919	0
-1	36	14	43	1108020	0
14	48	8	42	1107210	0
12	30	20	42	1101918	0
7	30	12	22	1104528	0

10	36	19	43	1106157	0
7	30	11	22	1101846	0
3	30	2	21	1098084	0
6	36	8	42	1098768	0
3	30	21	43	1102656	0
-1	30	12	21	1104087	0
-4	30	3	21	1096104	0
-1	36	9	42	1106985	0
13	48	4	43	1101252	0
9	29	17	42	1102971	0
13	36	2	21	1098624	0
8	30	15	43	1104780	0
6	30	6	21	1101486	0
3	30	19	43	1100757	0
5	36	4	21	1102161	0
1	30	16	42	1109361	0
4	36	2	22	1090965	0
0	30	15	43	1099551	0
-3	30	8	23	1094583	0
1	36	14	42	1095834	0
14	48	8	42	1098939	0
11	30	20	42	1107462	0
8	30	13	23	1097247	0
10	36	18	41	1098282	0
6	29	18	29	1097328	0
4	30	9	21	1094457	0
4	35	18	44	1093179	0
2	30	10	22	1096491	0
-2	30	1	21	1104114	0
0	36	7	42	1104204	0

-3	30	20	43	1108893	0
12	48	18	46	1093521	0
8	30	10	22	1104168	0
35	60	13	63	1105923	1
9	6	29	22	1095519	0
4	30	20	21	1096482	0
7	36	5	21	1098021	0
4	30	18	43	1105275	0
6	36	4	22	1102998	0
3	30	17	43	1099254	0
0	30	8	21	1114752	0
13	47	3	42	1103916	0
10	30	16	43	1103646	0
13	36	2	22	1103169	0
9	30	15	43	1108254	0
6	30	6	21	1101486	0
9	36	12	42	1098354	0
6	30	4	22	1103673	0
2	30	16	42	1103178	0
5	36	1	21	1096293	0
1	30	14	43	1102170	0
4	36	21	43	1103007	0
1	30	12	21	1097832	0
14	48	8	44	1100253	0
11	29	20	41	1109109	0
9	30	12	22	1099524	0
11	36	18	42	1113141	0
8	30	9	21	1101513	0
5	30	1	22	1099884	0
6	36	9	44	1099713	0
3	30	1	22	1110936	0

6	36	7	42	1094808	0
0	29	20	42	1097742	0
-2	30	12	22	1095825	0
-5	30	4	22	1095096	0
13	53	15	64	1105752	0
11	30	8	23	1105482	0
8	30	20	42	1101648	0
10	36	6	22	1105203	0
7	30	19	43	1103961	0
3	29	10	20	1101756	0
5	36	16	42	1099011	0
3	30	7	21	1105041	0
0	30	20	43	1098435	0
2	36	5	21	1096374	0
10	42	6	43	1106274	0
-5	18	10	22	1100964	0
9	48	5	43	1103304	0
6	30	17	42	1092324	0
9	36	2	21	1104969	0
6	31	14	43	1102620	0
3	30	6	22	1099551	0
6	36	11	41	1103376	0
1	29	4	22	1095906	0
-2	30	17	43	1100613	0
0	36	3	22	1104690	0
9	42	3	42	1103007	0
11	36	11	44	1108389	0
9	30	2	21	1108353	0
11	36	9	43	1092153	0
8	30	1	22	1096779	0

5	30	14	43	1099992	0
7	36	20	42	1099947	0
4	30	12	22	1092441	0
7	36	19	43	1115004	0
3	30	11	22	1121331	0
0	30	3	22	1110792	0
-3	30	15	42	1093854	0
-1	36	21	42	1072974	0
14	48	16	43	1063686	0
11	30	8	22	1074432	0
7	30	20	42	1062831	0
10	36	5	21	1041132	0
7	30	18	43	1024626	0
2	28	10	20	1015257	0
5	36	16	42	1017552	0
3	30	8	22	1010487	0
-2	30	20	42	1005501	0
1	36	5	21	1001838	0
-2	30	17	42	1002315	0
12	48	12	43	1013259	0
9	30	3	21	993630	0
7	30	15	42	1007706	0
8	36	1	22	1010820	0
5	30	13	42	1007967	0
2	30	5	22	1003854	0
4	36	11	42	1004196	0
0	30	3	22	996771	0
4	36	9	42	1006788	0
-1	30	1	22	1008066	0
-4	30	12	41	1017858	0

-1	35	20	43	1026264	0
12	48	14	42	1055991	0
10	30	6	22	1072929	0
7	30	18	42	1083729	0
9	36	3	21	1084089	0
6	30	16	43	1095195	0
9	36	2	22	1107372	0
4	30	14	42	1114248	0
2	30	5	21	1115454	0
-1	30	17	42	1109712	0
0	36	3	22	1112484	0
15	48	19	64	1102386	0
12	30	11	22	1114401	0
8	30	2	21	1102926	0
11	36	8	42	1109892	0
9	30	20	42	1101450	0
4	29	12	21	1098534	0
7	36	18	42	1101000	0
4	30	9	21	1097526	0
0	31	1	23	1095870	0
2	36	7	42	1089219	0
0	30	19	42	1095564	0
14	48	13	42	1091514	0
11	30	5	22	1098930	0
8	30	18	43	1095816	0
10	36	4	22	1091685	0
7	30	16	42	1089705	0
10	36	1	21	1091010	0
6	30	14	43	1092522	0
8	36	19	41	1092693	0

5	29	12	22	1089894	0
1	30	4	22	1094484	0
5	36	11	43	1092216	0
1	30	3	22	1085187	0
9	42	4	43	1088598	0
6	30	17	43	1084215	0
9	36	3	22	1082370	0
11	36	10	43	1082793	0
9	30	1	21	1087563	0
13	48	16	63	1080813	0
23	36	2	22	1073343	0
21	30	15	43	1081101	0
6	18	18	21	1076664	0
3	30	9	21	1079976	0
-2	29	1	21	1079202	0
-3	30	13	42	1080768	0
10	48	8	43	1087050	0
12	36	14	42	1078203	0
10	30	5	21	1081767	0
6	30	18	43	1089948	0
9	36	3	21	1086114	0
6	30	15	42	1079400	0
1	30	6	21	1081596	0
4	36	13	43	1092333	0
2	30	4	21	1083180	0
-2	30	15	41	1083279	0
1	35	2	22	1078563	0
-2	30	15	43	1087041	0
11	48	11	44	1078338	0
9	30	3	22	1097481	0

5	30	15	42	1087365	0
6	36	1	22	1083783	0
5	30	13	42	1086915	0
7	36	19	42	1091577	0
3	30	10	21	1087365	0
6	36	17	43	1100658	0
3	30	9	22	1089183	0
-2	30	1	22	1087806	0
14	48	16	63	1078104	0
10	30	8	22	1080354	0
13	36	15	43	1088310	0
9	30	8	23	1092072	0
7	30	19	41	1085925	0
3	29	11	21	1088364	0
4	36	17	42	1096824	0
9	36	2	21	1092963	0
4	30	15	43	1096041	0
1	30	6	21	1087509	0
-1	30	18	42	1085808	0
13	54	7	43	1092981	0
13	30	20	43	1088085	0
11	30	12	22	1078986	0
13	36	18	42	1086312	0
11	30	9	21	1084926	0
8	30	1	22	1083423	0
8	35	8	42	1098822	0
7	31	20	43	1087464	0
4	30	11	21	1080084	0
6	36	17	42	1087536	0
3	30	8	21	1095132	0
6	36	14	42	1088499	0

2	31	6	23	1083657	0
12	43	5	42	1089480	0
14	36	12	43	1086474	0
11	30	3	21	1086609	0
14	36	10	43	1087743	0
11	30	1	21	1092117	0
6	30	13	42	1082352	0
5	30	5	22	1085115	0
8	36	12	43	1088166	0
1	28	5	21	1085691	0
4	36	11	42	1094853	0
1	30	3	22	1087950	0
3	35	10	42	1089822	0
17	48	5	43	1096698	0
15	31	17	43	1076295	0
12	31	8	22	1091172	0
9	30	20	42	1094511	0
6	30	13	23	1089705	0
16	44	11	42	1088409	0
7	24	9	22	1087725	0
4	30	20	41	1084485	0
5	35	7	22	1095519	0
2	30	20	43	1087995	0
0	30	12	22	1100451	0
12	47	7	42	1091361	0
8	30	19	42	1091019	0
12	36	5	22	1083819	0
8	30	17	42	1094610	0
8	33	9	25	1082775	0
4	30	21	42	1094520	0

7	36	13	28	1086186	0
4	30	4	21	1088553	0
1	30	16	42	1091145	0
27	60	0	44	1091001	0
-1	6	16	22	1098795	0
-3	30	7	21	1092927	0
11	48	1	42	1094655	0
14	36	7	42	1077744	0
11	30	20	43	1090218	0
7	30	13	23	1084296	0
9	36	18	41	1083189	0
6	29	11	22	1094322	0
9	36	18	43	1088994	0
6	30	12	24	1093638	0
3	30	3	21	1091280	0
-3	30	15	42	1082334	0
2	36	21	42	1089372	0
-1	30	13	22	1097049	0
13	48	7	42	1092612	0
14	33	17	43	1091136	0
11	30	8	21	1087347	0
13	36	14	42	1090587	0
2	24	12	22	1088067	0
6	36	19	43	1092099	0
3	30	10	21	1088922	0
-1	30	2	22	1083594	0
2	36	8	42	1086708	0
-2	30	20	42	1091361	0
1	36	5	21	1091469	0
-2	30	17	42	1094178	0

10	47	12	42	1086069	0
14	36	19	43	1086924	0
4	24	16	21	1087041	0
7	35	3	22	1088022	0
4	30	15	42	1093179	0
7	36	21	42	1080471	0
3	30	12	21	1087392	0
6	36	19	43	1094790	0
3	30	10	21	1086888	0
-2	30	1	21	1089435	0
13	48	16	63	1085241	0
10	30	7	21	1089606	0
11	36	13	42	1101783	0
9	30	5	22	1090254	0
6	30	17	42	1090479	0
8	36	2	21	1088490	0
5	30	14	42	1087392	0
1	30	5	21	1085853	0
3	35	13	43	1091001	0
1	30	3	20	1086780	0
-2	30	15	42	1087779	0
-1	36	21	42	1089264	0
15	48	16	43	1093746	0
12	30	8	22	1089336	0
7	30	20	42	1094367	0
10	36	5	21	1086915	0
6	30	16	41	1085493	0
8	35	3	22	1091946	0
4	30	15	42	1089129	0
2	30	8	23	1090146	0

-3	30	20	42	1090299	0
0	36	6	22	1077825	0
16	48	21	63	1095069	0
11	29	13	21	1089606	0
15	36	19	42	1097760	0
12	30	11	22	1081407	0
7	30	2	21	1086141	0
4	30	14	42	1092153	0
7	36	20	42	1088220	0
3	30	12	22	1094178	0
0	30	3	21	1089093	0
3	36	9	42	1086636	0
-1	30	21	42	1090119	0
14	48	15	42	1090911	0
11	30	6	21	1092360	0
7	30	18	42	1084134	0
10	36	3	21	1091685	0
6	30	16	43	1098669	0
9	36	1	21	1093305	0
6	30	13	42	1084953	0
3	30	4	21	1085502	0
5	36	11	43	1094889	0
2	30	2	21	1095060	0
-1	30	14	42	1086942	0
1	36	20	42	1088886	0
-2	30	12	22	1089678	0
12	47	6	41	1088760	0
6	29	18	41	1088994	0
11	36	3	21	1076664	0
7	30	16	43	1086402	0
10	36	1	21	1092054	0

7	30	13	42	1089426	0
4	30	4	21	1084656	0
5	36	11	43	1089786	0
2	30	2	21	1091874	0
-1	30	14	42	1087968	0
1	36	20	42	1096347	0
11	42	21	43	1088994	0
14	36	6	21	1097436	0
9	30	18	42	1088976	0
6	30	10	22	1095240	0
9	36	15	41	1094349	0
5	29	7	21	1090083	0
2	30	19	42	1087842	0
5	36	4	21	1083828	0
0	30	16	42	1095789	0
3	36	1	21	1085781	0
1	30	13	42	1093089	0
8	42	14	43	1092234	0
11	36	20	42	1090272	0
15	36	6	22	1099803	0
10	30	18	42	1092657	0
7	30	10	22	1089336	0
4	30	1	21	1088130	0
6	36	7	42	1086213	0
3	30	19	42	1095627	0
1	30	10	21	1080975	0
2	36	17	43	1099623	0
-1	30	8	21	1074846	0
2	36	14	42	1085241	0
8	41	15	42	1088301	0

12	36	21	42	1085304	0
9	30	13	22	1092567	0
11	36	20	43	1081308	0
8	30	12	22	1096968	0
5	30	3	21	1092747	0
30	59	7	63	1089543	1
3	6	22	21	1099965	0
-1	29	14	21	1093278	0
1	36	20	42	1091937	0
-2	30	12	22	1093800	0
13	48	7	43	1097148	0
9	30	20	43	1085196	0
11	36	6	22	1094664	0
9	30	18	42	1089831	0
5	30	9	21	1089129	0
2	30	21	42	1087599	0
5	36	6	21	1091460	0
7	36	13	43	1088490	0
4	30	4	21	1087995	0
4	33	13	42	1099272	0
-1	30	4	21	1094862	0
15	48	19	63	1089525	0
11	29	10	20	1091955	0
8	30	2	22	1092729	0
10	36	8	42	1091550	0
8	30	20	42	1094862	0
4	30	11	21	1089471	0
7	36	18	43	1097319	0
4	30	10	22	1090290	0
5	36	16	42	1082388	0

3	30	7	21	1081893	0
0	30	19	42	1094916	0
1	36	4	21	1091010	0
-1	30	16	42	1091667	0
13	48	10	42	1103349	0
9	30	1	21	1095465	0
6	30	13	42	1093170	0
9	36	19	42	1097022	0
5	30	10	21	1086375	0
2	30	1	21	1100649	0
6	36	7	42	1090974	0
1	29	20	42	1088328	0
-2	30	12	22	1092036	0
1	36	18	42	1088688	0
-3	30	9	21	1087869	0
11	48	3	42	1088958	0
9	30	15	42	1092945	0
10	36	21	42	1079607	0
8	30	12	21	1089687	0
5	30	3	21	1081677	0
6	36	10	43	1091955	0
3	30	2	22	1089516	0
1	30	14	42	1088337	0
2	36	21	43	1078509	0
-1	30	12	21	1098471	0
2	36	17	41	1085772	0
16	47	13	43	1100514	0
13	30	5	22	1088130	0
9	30	17	42	1090173	0
5	30	8	21	1092252	0

2	30	20	42	1089444	0
5	36	5	21	1090668	0
1	30	18	43	1096716	0
5	36	3	21	1090425	0
2	30	15	42	1089192	0
-3	30	6	21	1081704	0
1	36	12	42	1085916	0
15	48	7	43	1093683	0
11	30	20	43	1089399	0
14	36	5	21	1092954	0
11	30	17	42	1090281	0
7	30	8	21	1097535	0
8	34	17	43	1088472	0
4	30	8	21	1096995	0
0	30	21	43	1104672	0
-3	30	13	22	1105752	0
1	36	19	42	1107210	0
-3	30	10	21	1105023	0
0	36	16	42	1098012	0
17	50	8	42	1109496	0
12	30	20	42	1125768	0
9	30	11	21	1124058	0
7	30	2	21	1119747	0
1	29	16	43	1123788	0
5	36	2	22	1120845	0
2	30	14	42	1122987	0
2	35	20	41	1114221	0
1	30	11	21	1116984	0
4	36	18	43	1113798	0
11	42	19	43	1116588	0
8	30	11	22	1125174	0

11	36	17	42	1124283	0
7	30	9	22	1118523	0
11	36	16	43	1099056	0
8	30	7	21	1069077	0
3	30	19	42	1055442	0
1	30	10	21	1038108	0
4	36	16	42	1024401	0
11	48	10	42	1010892	0
14	30	1	21	998634	0
-1	18	4	21	989958	0
-5	30	16	42	992460	0
10	48	10	42	988302	0
7	30	1	21	987213	0
9	35	8	42	989130	0
6	30	20	42	989067	0
3	30	11	21	988905	0
5	36	17	42	992244	0
2	30	8	21	988662	0
-1	30	20	42	990957	0
0	36	5	21	993459	0
-2	30	17	42	990183	0
1	36	2	21	995727	0
8	42	2	42	988140	0
11	36	8	42	988239	0
9	30	21	43	982110	0
10	36	6	21	987951	0
6	29	18	41	987384	0
4	30	9	21	988527	0
6	36	15	42	984090	0
3	30	6	21	984837	0

0	30	18	42	983442	0
-4	30	9	21	984999	0
-1	36	15	42	984279	0
-4	30	6	21	980499	0
10	48	21	63	979410	0
7	30	13	22	978753	0
10	36	19	42	988851	0
5	30	10	21	991497	0
2	30	1	21	995925	0
6	36	7	42	996753	0
1	30	20	43	998526	0
-2	30	11	21	989094	0
1	35	17	41	1003107	0
-3	30	8	21	1016166	0
0	36	14	42	1019496	0
9	42	14	42	1021719	0
11	36	20	42	1026948	0
8	30	11	21	1032132	0
5	30	2	21	1040826	0
7	36	8	42	1048998	0
3	30	21	43	1053498	0
7	36	6	21	1052319	0
3	30	18	42	1066881	0
0	30	9	21	1060122	0
3	36	15	42	1050555	0
16	48	9	42	1055541	0
13	30	21	42	1047261	0
10	30	12	21	1043832	0
6	30	3	21	1049007	0
9	36	9	42	1051986	0

6	30	20	41	1060617	0
2	29	12	21	1051311	0
5	36	18	42	1071633	0
2	30	9	21	1083477	0
4	36	15	42	1091136	0
1	30	7	22	1096122	0
-3	30	19	42	1097175	0
-1	36	4	21	1096536	0
14	48	19	63	1098318	0
11	30	11	22	1102071	0
7	30	3	22	1098840	0
4	30	15	42	1100667	0
8	36	21	42	1098705	0
3	30	12	21	1099200	0
6	36	17	41	1100028	0
2	29	9	21	1101000	0
-1	30	21	42	1102026	0
2	36	6	21	1097508	0
-1	30	18	42	1093332	0
12	48	12	42	1097409	0
9	30	3	21	1097949	0
11	35	11	43	1104465	0
8	30	2	21	1095843	0
11	36	8	42	1090380	0
8	30	20	42	1095807	0
4	30	12	22	1091514	0
1	30	3	21	1089129	0
3	36	9	42	1103520	0
-1	30	21	42	1098498	0
2	36	8	23	1100775	0

-1	30	19	41	1102350	0
12	47	14	42	1103979	0
10	30	5	21	1102440	0
6	30	17	42	1116453	0
9	36	2	21	1098579	0
5	30	14	42	1103034	0
9	36	20	42	1101882	0
5	30	11	21	1101549	0
1	30	2	21	1098102	0
-1	30	14	42	1099182	0
1	36	20	42	1103529	0
-2	30	13	23	1100622	0
12	48	7	42	1096077	0
8	30	19	42	1094187	0
11	36	4	21	1099677	0
8	30	16	42	1094043	0
10	36	1	21	1099830	0
7	30	13	42	1099137	0
4	29	4	20	1099182	0
7	37	9	42	1103718	0
4	30	21	42	1109199	0
1	30	12	21	1110414	0
-3	30	3	21	1112340	0
0	36	9	42	1115976	0
14	48	4	43	1119117	0
10	30	16	42	1119585	0
7	30	7	21	1117686	0
10	36	14	43	1116543	0
6	30	6	22	1112664	0
3	30	19	43	1105311	0
6	36	4	21	1094160	0

2	30	16	42	1094457	0
-1	30	8	22	1100190	0
3	36	14	42	1084134	0
-2	30	6	22	1050690	0
14	48	21	63	1028829	0
11	30	12	21	1043508	0
6	29	4	21	1040025	0
9	36	11	43	1045056	0
6	30	2	21	1051059	0
1	30	14	42	1058358	0
5	36	20	42	1067034	0
2	30	11	21	1065873	0
4	36	17	42	1076727	0
1	30	9	22	1075107	0
-3	30	1	22	1081794	0
12	48	16	63	1089354	0
9	30	7	21	1093440	0
12	36	13	42	1100586	0
8	30	4	21	1111575	0
5	30	16	42	1101342	0
8	36	2	22	1102440	0
3	30	14	42	1095816	0
1	30	5	21	1098714	0
4	36	11	42	1096014	0
-1	30	3	22	1104303	0
-3	30	15	42	1097643	0
-1	36	20	41	1094025	0
13	47	16	43	1102314	0
10	30	9	23	1093404	0

7	30	21	42	1101612	0
9	36	7	22	1095087	0
6	30	20	43	1083081	0
3	30	11	21	1078968	0
5	36	17	42	1076466	0
2	30	8	21	1074234	0
-1	30	20	42	1065873	0
-1	35	6	21	1060914	0
15	48	21	63	1056144	0
12	30	13	22	1050969	0
8	30	4	21	1042374	0
4	30	16	42	1013835	0
9	36	1	21	991857	0
4	30	14	43	991074	0
13	42	14	42	1001883	0
4	24	11	21	1043778	0
5	36	17	42	1050744	0
3	30	8	21	1053111	0
-1	30	20	42	1050069	0
-5	30	11	21	1055352	0
16	53	20	62	1058412	0
13	30	11	21	1056720	0
9	30	2	21	1047702	0
6	30	14	42	1038963	0
4	30	5	21	1039314	0
6	36	11	42	1031304	0
3	30	2	21	1034301	0
5	36	8	42	1030233	0
1	30	20	42	1028622	0
-2	30	11	21	1024266	0
-5	30	2	21	1020027	0

-3	36	9	43	1032546	0
12	48	4	43	1021539	0
9	30	16	42	1026381	0
11	36	1	21	1016805	0
8	30	13	42	1020594	0
11	36	20	43	1016841	0
7	30	12	22	1021881	0
4	30	3	21	1025841	0
1	30	16	43	1028721	0
3	36	1	21	1030620	0
0	30	13	42	1030881	0
3	36	18	41	1040106	0
-2	29	11	22	1038846	0
13	48	5	42	1039818	0
9	30	17	42	1052193	0
7	31	8	22	1050726	0
10	36	14	42	1055181	0
8	30	5	21	1053453	0
2	29	18	42	1065450	0
5	36	3	21	1055055	0
2	30	15	42	1060716	0
3	35	2	22	1074603	0
0	30	14	42	1089561	0
14	48	8	42	1103187	0
10	29	21	42	1125039	0
7	30	12	21	1112457	0
10	36	18	42	1125174	0
5	29	10	21	1124976	0
2	30	1	21	1122555	0
6	36	7	42	1125372	0

7	36	14	43	1124049	0
4	30	6	22	1126596	0
1	30	18	42	1118964	0
-3	30	9	21	1114302	0
12	48	3	42	1113069	0
8	30	15	42	1115832	0
11	36	21	42	1113546	0
7	30	11	20	1107381	0
10	35	19	43	1105977	0
7	30	11	22	1096563	0
4	30	2	21	1105284	0
7	36	8	42	1118424	0
2	30	21	43	1106130	0
-1	30	12	21	1104348	0
3	36	18	42	1108002	0
-2	30	10	22	1113555	0
-5	30	1	21	1104645	0
10	48	17	64	1097382	0
12	36	2	21	1114023	0
9	30	14	42	1109802	0
6	30	5	21	1107462	0
2	30	17	42	1103151	0
5	36	3	22	1106580	0
2	30	16	43	1101036	0
-3	30	8	22	1116012	0
1	36	14	42	1107012	0
-2	30	5	21	1106904	0
11	48	20	63	1099335	0
9	30	12	22	1108074	0
11	36	18	42	1110702	0

6	29	10	21	1107948	0
11	36	16	42	1115877	0
8	30	7	21	1107813	0
3	30	20	43	1100523	0
1	30	11	21	1114617	0
4	36	17	42	1112961	0
-1	30	8	21	1109667	0
-4	30	21	43	1114284	0
-1	36	6	21	1103448	0
25	60	9	63	1110873	0
3	12	18	21	1113087	0
8	36	3	21	1108695	0
9	36	9	42	1102773	0
6	30	1	22	1107309	0
9	36	8	43	1112043	0
6	31	20	43	1106985	0
3	30	11	21	1104690	0
0	30	3	22	1105338	0
7	42	3	42	1104618	0
10	36	9	42	1106850	0
13	35	15	41	1103898	0
10	30	6	21	1105374	0
12	36	13	43	1111350	0
9	30	5	22	1109217	0
5	30	18	43	1106103	0
8	36	4	22	1114230	0
6	30	16	42	1107507	0
1	30	8	22	1100145	0
5	36	14	42	1105725	0
2	30	6	22	1097310	0

14	48	21	63	1101405	0
11	30	12	21	1107255	0
9	30	3	21	1109370	0
11	36	9	42	1105401	0
9	30	1	22	1108929	0
11	36	7	42	1109829	0
7	30	19	42	1112646	0
4	30	10	21	1104690	0
7	36	16	42	1101153	0
3	30	7	21	1109487	0
0	30	19	42	1108758	0
3	36	4	21	1104105	0
-2	30	16	42	1105392	0
13	48	11	43	1110027	0
10	29	2	20	1108281	0
12	36	8	42	1097922	0
10	30	20	42	1104726	0
7	30	11	21	1104915	0
8	36	17	42	1108353	0
10	34	4	21	1103529	0
6	30	16	42	1106292	0
3	30	7	21	1105032	0
0	30	19	42	1106022	0
2	36	4	21	1108992	0
-2	30	16	42	1111764	0
12	48	11	43	1108389	0
15	36	18	43	1107210	0
12	30	9	21	1111728	0
9	30	1	22	1109325	0
6	30	13	42	1112610	0

8	36	20	43	1110513	0
5	30	11	21	1113312	0
2	30	3	22	1108128	0
-2	30	15	42	1105959	0
1	36	21	42	1103331	0
-2	29	13	21	1108047	0
0	36	19	42	1111053	0
8	47	14	42	1110621	0
11	30	5	21	1103736	0
12	36	12	43	1097445	0
9	30	3	21	1108632	0
7	30	15	42	1106571	0
3	30	7	22	1110225	0
5	36	13	42	1103196	0
2	30	4	21	1103826	0
-2	30	16	42	1102890	0
1	36	2	22	1118226	0
-1	30	14	42	1100136	0
12	48	8	42	1109685	0
9	30	21	43	1108281	0
12	36	7	22	1102404	0
8	30	19	42	1110171	0
5	30	11	22	1108488	0
8	36	17	42	1109073	0
4	30	8	21	1108326	0
7	36	14	42	1106490	0
4	30	6	22	1108281	0
6	36	12	42	1109064	0
-4	24	10	22	1098966	0

174	209	11	210	1105041	1
145	6	26	21	1108551	4
118	6	42	22	1108677	4
92	6	58	22	1107741	4
63	6	74	22	1109685	4
36	6	89	21	1107525	3
8	6	104	21	1107102	3
5	30	95	21	1108119	2
2	30	86	21	1108344	2
-1	30	77	21	1110558	2
2	36	62	21	1109172	2
5	36	47	21	1106571	1
-4	24	44	21	1110630	0
9	48	17	21	1113645	0
12	36	2	21	1115958	0
9	30	14	42	1105734	0
8	35	1	22	1109496	0
6	30	13	42	1100262	0
7	36	20	43	1111017	0
4	30	14	24	1111080	0
0	30	6	22	1099704	0
3	36	13	43	1108281	0
9	54	7	48	1112574	0
7	24	4	21	1117182	0
13	30	16	42	1108731	0
10	30	7	21	1104690	0
7	30	18	41	1105176	0
9	35	4	21	1102692	0
5	30	16	42	1103295	0
9	36	1	21	1101144	0
6	30	13	42	1098003	0
8	36	20	43	1099299	0

4	30	11	21	1108758	0
1	30	2	21	1106373	0
-3	30	14	42	1103385	0
12	48	8	42	1103052	0
9	30	20	42	1104231	0
10	36	5	21	1098714	0
8	30	17	42	1102008	0
11	36	2	21	1111143	0
7	30	14	42	1097553	0
3	30	5	21	1103880	0
1	30	17	42	1102611	0
3	36	2	21	1109046	0
0	30	14	42	1105185	0
-3	30	6	22	1103340	0
-1	36	12	42	1107615	0
14	48	6	42	1109523	0
11	30	19	43	1108767	0
11	36	5	22	1111746	0
9	30	16	41	1111161	0
7	29	8	21	1119234	0
2	30	21	43	1114887	0
6	36	8	23	1106139	0
0	30	21	43	1104447	0
5	36	6	21	1106418	0
1	30	18	42	1101279	0
-1	30	11	23	1109343	0
12	48	5	42	1107381	0
9	30	18	43	1109676	0
12	36	3	21	1105662	0
8	30	15	42	1102116	0

5	30	6	21	1103997	0
8	36	13	43	1106643	0
4	30	5	22	1105932	0
1	30	17	42	1103331	0
4	36	2	21	1104105	0
0	30	14	42	1110504	0
-3	30	5	21	1109532	0
0	36	11	42	1108011	0
14	48	5	42	1114428	0
11	30	17	42	1105086	0
7	30	8	21	1104492	0
176	203	14	209	1105077	2
150	6	29	21	1111323	4
123	6	45	22	1119450	3
95	6	61	22	1105743	4
68	6	78	23	1109091	4
41	6	93	21	1106562	3
36	30	84	21	1108866	3
10	6	99	21	1112088	2
2	24	96	21	1104186	2
9	42	75	21	1100010	2
12	36	60	21	1107012	1
15	36	45	21	1107741	1
10	30	36	21	1103808	1
8	30	27	21	1105905	0
5	30	18	21	1118694	0
7	36	3	21	1107471	0
4	30	15	42	1107966	0
1	29	7	21	1106706	0
2	36	13	42	1103196	0
-2	30	4	21	1110621	0

14	48	19	63	1109352	0
10	30	10	21	1105491	0
13	36	16	42	1111809	0
10	30	8	22	1110081	0
4	29	20	41	1108992	0
9	36	5	21	1100496	0
5	30	17	42	1110234	0
1	30	9	22	1110630	0
4	36	15	42	1105365	0
1	30	6	21	1108758	0
-3	30	18	42	1103313	0
-1	36	3	21	1099020	0
-3	30	15	42	1105968	0
10	48	9	42	1103844	0
8	30	21	42	1107048	0
11	36	6	21	1106454	0
6	30	19	43	1110693	0
10	36	5	22	1107039	0
6	30	17	42	1109388	0
2	30	8	21	1104753	0
5	36	15	43	1101738	0
2	30	7	22	1106625	0
-2	30	19	42	1103367	0
-5	30	10	21	1109478	0
-2	36	16	42	1109118	0
10	47	12	43	1106895	0
9	30	4	22	1111602	0
6	30	17	43	1109028	0
8	36	2	21	1107957	0

5	30	14	42	1106535	0
8	36	20	42	1111782	0
4	30	12	22	1106688	0
-1	30	4	22	1109442	0
-2	30	16	42	1108650	0
11	48	11	43	1111665	0
14	36	17	42	1104573	0
11	30	8	21	1116957	0
6	30	20	42	1105662	0
10	36	5	21	1109487	0
7	30	19	44	1110036	0
9	36	4	21	1116183	0
6	30	16	42	1107570	0
4	30	7	21	1109640	0
-1	30	20	43	1106463	0
2	36	5	21	1103862	0
-1	30	17	42	1108875	0
12	48	12	43	1108272	0
10	30	3	21	1116120	0
12	35	11	43	1108290	0
9	30	2	21	1110414	0
6	30	14	42	1110027	0
9	36	20	42	1106346	0
4	30	11	21	1105788	0
1	30	2	21	1109856	0
5	36	9	43	1104807	0
0	30	2	23	1113213	0
-2	30	14	42	1093908	0
1	36	20	42	1111485	0
-3	30	12	22	1106130	0
12	48	6	42	1104780	0

9	30	18	42	1107570	0
10	35	4	21	1118271	0
6	30	17	43	1109289	0
4	30	9	22	1110846	0
5	36	16	43	1115058	0
3	30	8	22	1119081	0
6	36	13	41	1110684	0
1	29	5	21	1108299	0
-2	30	17	42	1098948	0
13	48	12	43	1108317	0
10	30	4	22	1110585	0
10	35	13	44	1106778	0
9	30	4	21	1106175	0
4	30	16	42	1107705	0
7	36	1	21	1110693	0
4	30	13	42	1108893	0
0	30	5	22	1114545	0
3	36	11	42	1109154	0
0	30	2	21	1102521	0
1	36	8	42	1110045	0
-1	30	20	42	1110450	0
1	36	6	22	1117092	0
9	42	7	43	1121970	0
11	35	14	42	1113699	0
8	30	5	21	1104429	0
2	30	19	44	1110450	0
7	36	5	22	1107534	0
4	30	16	41	1107381	0
0	29	9	22	1106157	0
3	36	15	42	1107174	0

1	30	6	21	1113420	0
-4	30	18	42	1109586	0
11	48	13	43	1106661	0
13	36	19	42	1109775	0
10	30	10	21	1104825	0
7	30	1	21	1108551	0
10	36	7	42	1107579	0
5	30	19	42	1101378	0
2	30	11	22	1104195	0
5	36	17	42	1107435	0
1	30	9	22	1102017	0
-1	30	21	42	1106301	0
2	36	7	22	1107903	0
16	48	1	42	1102215	0
35	54	10	63	1109091	0
16	12	20	22	1111476	0
11	30	12	22	1099506	0
7	30	3	21	1101828	0
11	36	9	42	1111899	0
6	29	2	22	1102296	0
3	30	13	41	1110954	0
6	35	20	42	1104663	0
2	30	12	22	1104978	0
-1	30	4	22	1103295	0
2	36	10	42	1104834	0
15	48	5	43	1105167	0
12	30	17	42	1107849	0
10	30	10	23	1111530	0
6	30	1	21	1108830	0
8	36	8	43	1099137	0

5	30	20	42	1104294	0
6	36	5	21	1105293	0
4	30	18	43	1109289	0
2	30	9	21	1101576	0
-2	30	21	42	1098993	0
1	36	6	21	1099947	0
-3	30	18	42	1099065	0
10	47	14	43	1106031	0

-15	10725	10	10721	449661	1

-23	6	25	21	449832	0
-20	36	10	21	450300	0
-23	30	1	21	450246	0
-20	36	7	42	449967	0
-24	30	19	42	449643	0
-21	36	4	21	449940	0
-24	30	16	42	450156	0
-29	30	7	21	450102	0
-25	36	13	42	450048	0
-28	29	4	20	450003	0
-32	30	16	42	450219	0
-17	48	10	42	449697	0
-32	18	13	21	449508	0
-30	36	19	42	449247	0
-15	48	13	42	448914	0
-19	30	4	21	449049	0
-22	30	16	42	448734	0
-19	36	1	21	447465	0
-23	30	13	42	445134	0
-32	24	10	21	442092	0
-29	36	16	42	438654	0
-32	30	7	21	433335	0
-30	36	13	42	427215	0
-15	48	7	42	420483	0
-30	18	10	21	412464	0
-34	30	1	21	403581	0
-19	48	16	63	393546	0
-22	30	7	21	384690	0
-20	36	13	42	376194	0
-24	30	4	21	369363	0
-20	36	10	42	362361	0

-24	30	1	21	355296	0
-27	30	13	42	350787	0
-31	30	4	21	350373	0
-29	35	10	41	344028	0
-31	30	1	21	329889	0
-24	48	16	63	310890	0
-21	30	7	21	292395	0
-24	30	19	42	272163	0
-20	36	4	21	251949	0
-24	30	16	42	235506	0
-27	30	7	21	229512	0
-24	36	13	42	228837	0
-29	30	4	21	231321	0
-31	30	16	42	234012	0
-28	36	1	21	240420	0
-33	30	13	42	253812	0
-30	36	19	42	267015	0
-33	30	10	21	277950	0
-25	42	10	42	289164	0
-22	36	16	42	302844	0
-26	29	8	21	320232	0
-24	36	14	42	335181	0
-21	36	20	42	350067	0
-30	24	17	21	364260	0
-28	36	2	21	375807	0
-26	36	8	42	384033	0
-28	30	20	42	391512	0
-33	29	11	20	400935	0
-30	36	17	42	408630	0
-33	30	8	21	418044	0

-20	48	2	42	422571	0
-22	30	14	42	420771	0
-25	30	5	21	416874	0
-23	36	11	42	397776	0
-26	30	2	21	418575	0
-29	30	14	42	430005	0
-33	30	5	21	434352	0
-30	36	11	42	439374	0
-27	36	17	42	446385	0
-31	30	8	21	450525	0
-35	30	20	42	454611	0
-14	54	8	42	458049	0
-18	30	20	42	462198	0
-21	30	11	21	466032	0
-24	30	2	21	468822	0
-21	36	8	42	470199	0
-25	30	20	42	470397	0
-29	29	11	20	469425	0
-27	36	17	42	468048	0
-29	30	8	21	466023	0
-32	30	20	42	464151	0
-18	48	14	42	462099	0
-15	36	20	42	460515	0
-18	30	11	21	459246	0
-22	30	2	21	457545	0
-19	36	8	42	455124	0
-22	30	20	42	452154	0
-26	30	11	21	448320	0
-23	36	17	42	445593	0
-32	24	14	21	442947	0

-30	36	20	42	437808	0
-27	36	5	21	441732	0
-30	30	17	42	446556	0
-29	36	2	21	451110	0
-32	30	14	42	455844	0
-17	48	8	42	459948	0
-21	30	20	42	463674	0
-19	35	5	20	466734	0
-21	30	17	42	469812	0
-31	24	14	21	472512	0
-28	36	20	42	475032	0
-31	30	11	21	477795	0
-29	36	17	42	480963	0
-26	36	2	21	484653	0
-29	30	14	42	487704	0
-21	42	14	42	490494	0
-18	36	20	42	493977	0
-15	36	5	21	496875	0
-19	30	17	42	499593	0
-28	24	14	21	503175	0
-26	36	20	42	506883	0
-24	36	5	21	511986	0
-26	30	17	42	517503	0
-29	30	8	21	525567	0
-28	36	14	42	533316	0
-31	30	5	21	543180	0
-28	36	11	42	554655	0
-32	30	2	21	568965	0
-17	48	17	63	583257	0
-20	30	8	21	599025	0

-25	29	20	41	613416	0
-28	30	11	21	625935	0
-24	36	17	42	635169	0
-23	36	2	21	641019	0
-25	30	14	42	643377	0
-28	30	5	21	644124	0
-27	36	11	42	643611	0
-30	30	2	21	641820	0
-15	48	17	63	638760	0
-19	30	8	21	636006	0
-22	30	20	42	570567	0
-19	36	5	21	566499	0
-23	30	17	42	563088	0
-26	30	8	21	559452	0
-22	36	14	42	553179	0
-27	30	5	21	545376	0
-24	36	11	42	538581	0
-27	30	2	21	530292	0
-13	48	17	63	521247	0
-28	18	20	21	511266	0
-31	30	11	21	500457	0
-17	47	5	41	490179	0
-20	30	17	42	479361	0
-23	30	8	21	469731	0
-28	30	20	42	461154	0
-24	36	5	21	454071	0
-28	30	17	42	448491	0
-25	36	2	21	444027	0
-28	30	14	42	440445	0
-31	30	5	21	437529	0

-17	48	20	63	436233	1
-32	18	23	21	435252	0
-29	36	8	21	435288	0
-21	42	8	42	436521	0
-19	36	14	42	437187	0
-27	24	11	21	440427	0
-27	35	18	42	442947	0
-30	30	9	21	445827	0
-27	36	15	42	448230	0
-31	30	6	21	450750	0
-28	36	12	42	453747	0
-31	30	3	21	456528	0
-30	35	9	41	458076	0
-31	30	21	42	459606	0
-23	42	21	42	459939	0
-27	30	12	21	459318	0
-19	42	12	42	455826	0
-21	30	3	21	453225	0
-32	24	21	42	450237	0
-28	36	6	21	447618	0
-26	36	12	42	447222	0
-29	30	3	21	449508	0
-27	35	10	42	453270	0
-30	30	1	21	456069	0
-28	36	7	42	456492	0
-31	30	19	42	456375	0
-22	42	19	42	452469	0
-21	36	4	21	449256	0
-23	30	16	42	442551	0
-20	36	1	21	435477	0
-31	24	19	42	428043	0

-28	36	4	21	421905	0
-24	36	10	42	419016	0
-29	30	1	21	419169	0
-32	30	13	42	446313	0
-29	36	18	41	458868	0
-31	31	8	21	471108	0
-32	32	18	42	478542	0
-17	48	12	42	485274	0
-22	30	3	21	488073	0
-19	36	9	42	488829	0
-21	30	21	42	490521	0
-26	30	12	21	492888	0
-28	30	3	21	497325	0
-31	30	15	42	500025	0
-29	36	21	42	501825	0
-32	30	12	21	504255	0
-29	36	18	42	504588	0
-33	30	9	21	503211	0
-18	48	3	42	502527	0
-21	30	15	42	504678	0
-26	30	6	21	506433	0
-23	36	12	42	510861	0
-26	29	4	21	516927	0
-25	36	10	42	520158	0
-28	30	1	21	520347	0
-31	30	13	42	517251	0
-29	36	19	42	513309	0
-22	40	21	42	508755	0
-31	24	17	20	509880	0
-18	47	12	42	511662	0

-15	36	18	42	511077	0
-17	30	9	21	511482	0
-22	30	21	42	509277	0
-25	30	12	21	504048	0
-27	30	3	21	496677	0
-25	36	9	42	490296	0
-28	30	21	42	485580	0
-25	36	6	21	483339	0
-29	30	18	42	478776	0
-14	48	12	42	476904	0
-29	18	15	21	476022	0
-33	30	6	21	475005	0
-30	36	12	42	397866	0
-21	42	12	42	396660	0
-26	30	3	21	396381	0
-22	36	9	42	397884	0
-25	30	21	42	400611	0
-29	30	12	21	403086	0
-27	36	17	41	406533	0
-30	29	9	21	411042	0
-29	36	15	42	415245	0
-31	30	6	21	413463	0
-16	48	21	63	409332	0
-21	30	12	21	405642	0
-23	30	3	21	402411	0
-21	36	9	42	399387	0
-24	30	21	42	396012	0
-27	30	12	21	392106	0
-24	36	18	42	388002	0
-28	30	9	21	384096	0

-25	36	15	42	377949	0
-34	24	12	21	372846	0
-32	36	18	42	366393	0
-29	36	3	21	358221	0
-32	30	15	42	347916	0
-18	48	9	42	334353	0
-21	30	21	42	320799	0
-18	36	6	21	363171	0
-22	30	18	42	299514	0
-31	24	15	21	291513	0
-28	36	20	41	283395	0
-27	35	6	21	346251	0
-29	30	18	42	341670	0
-26	36	3	21	338826	0
-31	30	15	42	336639	0
-28	36	21	42	332895	0
-19	42	0	21	329133	0
-23	30	12	42	325749	0
-19	36	18	42	320088	0
-22	30	9	21	315714	0
-27	30	21	42	310476	0
-30	30	12	21	305868	0
-32	30	3	21	302187	0
-31	36	9	42	298290	0
-28	36	15	42	296139	0
-31	30	6	21	294195	0
-29	36	12	42	292341	0
-32	30	3	21	290172	0
-35	30	15	42	289038	0
-22	47	10	42	286905	0
-25	30	1	21	285024	0

-22	35	7	41	283413	0
-26	30	19	42	281514	0
-23	36	4	21	280344	0
-26	30	16	42	277194	0
-30	30	7	21	274908	0
-28	36	13	42	272226	0
-31	30	4	21	269031	0
-29	36	10	42	265071	0
-32	30	1	21	264027	0
-35	30	13	42	261777	0
-21	48	7	42	259896	0
-24	30	19	42	257259	0
-27	30	10	21	256602	0
-25	36	16	42	254910	0
-28	30	7	21	253767	0
-31	30	19	42	251679	0
-29	36	4	21	250437	0
-32	30	16	42	249627	0
-29	36	1	21	249402	0
-33	29	13	41	249276	0
-36	30	4	21	248367	0
-21	48	19	63	247548	0
-25	30	10	21	247287	0
-22	36	16	42	177024	0
-25	30	7	21	175791	0
-23	36	13	42	174882	0
-26	30	4	21	242292	0
-29	30	16	42	242409	0
-28	36	1	21	240186	0
-31	30	13	42	172299	0

-34	30	4	21	239736	0
-20	48	19	63	240006	0
-17	36	4	21	240159	0
-21	29	17	42	240168	0
-25	30	8	21	240762	0
-27	30	20	42	240492	0
-26	35	6	21	240852	0
-30	30	18	42	242373	0
-27	36	3	21	240996	0
-30	30	15	42	242139	0
-28	36	21	42	243525	0
-31	30	12	21	245361	0
-34	30	3	21	246207	0
-33	35	9	41	246819	0
-23	42	9	42	247611	0
-20	36	15	42	248295	0
-25	30	6	21	250410	0
-27	30	18	42	251958	0
-24	36	3	21	253839	0
-28	30	15	42	255072	0
-32	30	6	21	258024	0
-29	36	12	42	259761	0
-33	30	3	21	262839	0
-30	36	9	42	264999	0
-33	30	21	42	267213	0
-19	48	15	42	270084	0
-22	30	6	21	272721	0
-19	36	12	42	275700	0
-23	30	3	21	279084	0
-26	30	15	42	282513	0

-29	30	6	21	287256	0
-27	36	12	42	290865	0
-31	30	3	21	295392	0
-28	35	10	42	299100	0
-21	48	4	42	302385	0
-30	18	7	21	307146	0
-32	30	18	41	312096	0
-19	47	13	42	315327	0
-21	30	4	21	318324	0
-24	30	16	42	320880	0
-22	36	1	21	322401	0
-25	30	13	42	325065	0
-29	30	4	21	328071	0
-27	36	10	42	331356	0
-30	30	1	21	335037	0
-33	30	13	42	338754	0
-31	36	19	42	342957	0
-34	30	10	21	344388	0
-31	36	16	42	344352	0
-17	48	10	42	343272	0
-20	30	1	21	342543	0
-23	30	13	42	342039	0
-27	30	4	21	342615	0
-24	36	9	41	342741	0
-27	29	1	21	345810	0
-32	30	13	42	350004	0
-28	36	19	42	356970	0
-32	30	10	21	357933	0
-30	36	16	42	361623	0
-33	30	7	21	366528	0

-18	48	1	42	370137	0
-22	30	13	42	376923	0
-19	36	19	42	386589	0
-22	30	10	21	399360	0
-26	30	1	21	413076	0
-23	36	7	42	420501	0
-26	30	19	42	425649	0
-30	30	10	21	428295	0
-27	36	16	42	435612	0
-24	36	1	21	445233	0
-34	24	19	42	452901	0
-19	48	13	42	457599	0
-34	18	16	21	462477	0
-20	48	10	42	466707	0
-24	30	1	21	473322	0
-27	30	12	41	478965	0
-26	35	19	42	480702	0
-23	36	5	22	480765	0
-25	30	17	42	480810	0
-29	30	8	21	481989	0
-32	30	20	42	482583	0
-29	36	5	21	483888	0
-15	48	20	63	484833	0
-18	30	11	21	487092	0
-23	29	3	21	488235	0
-20	36	9	42	484725	0
-23	30	21	42	481233	0
-22	34	8	21	478029	0
-26	30	20	42	478695	0
-23	36	5	21	480117	0

-26	30	17	42	479802	0
-31	30	8	21	478884	0
-27	36	14	42	476598	0
-30	30	5	21	477489	0
-17	48	20	63	481071	0
-20	30	11	21	483843	0
-23	30	2	21	486651	0
-21	36	8	42	488748	0
-24	30	20	42	490233	0
-27	30	11	21	494364	0
-25	36	17	42	495804	0
-28	30	7	20	498594	0
-31	29	20	42	503022	0
-30	36	5	21	507378	0
-32	30	17	42	509682	0
-36	30	8	21	509376	0
-33	36	14	42	508989	0
-18	48	8	42	506991	0
-22	30	20	42	504480	0
-20	36	5	21	500475	0
-23	30	17	42	497793	0
-26	30	8	21	496173	0
-30	30	19	41	492996	0
-27	35	5	21	491862	0
-30	30	17	42	490998	0
-28	36	2	21	490161	0
-31	30	14	42	489279	0
-16	48	8	42	489495	0
-21	30	20	42	488874	0
-23	30	11	21	489612	0

-20	36	17	42	492717	0
-25	30	8	21	496596	0
-21	36	14	42	501744	0
-24	30	5	21	506946	0
-28	30	17	42	512769	0
-26	36	2	21	518682	0
-29	30	14	42	525603	0
-33	30	5	21	533433	0
-18	48	20	63	541155	0
-15	36	5	21	547086	0
-19	30	17	42	549255	0
-22	30	8	21	547725	0
-26	29	21	42	545682	0
-24	36	6	21	541218	0
-28	29	19	42	531903	0
-25	36	4	21	519546	0
-29	30	16	42	505011	0
-25	36	1	21	489765	0
-28	30	13	42	475419	0
-33	30	4	21	460587	0
-30	36	10	42	448689	0
-33	30	1	21	440292	0
-19	48	16	63	430383	0
-23	29	7	20	419718	0
-25	30	19	42	408945	0
-29	30	10	21	387615	0
-26	36	16	42	361200	0
-29	30	7	21	336207	0
-27	36	13	42	317352	0
-30	30	4	21	299064	0
-33	30	16	42	286806	0

-31	36	1	21	279858	0
-34	30	13	42	277167	0
-30	36	18	41	276024	0
-23	42	18	42	272523	0
-26	30	9	21	267978	0
-23	36	15	42	260805	0
-27	30	6	21	251274	0
-23	36	12	42	243084	0
-27	30	2	20	236154	0
-31	29	15	42	230772	0
-34	30	6	21	227127	0
-31	36	12	42	224121	0
-17	48	6	42	222645	0
-33	18	9	21	222312	0
-17	48	3	42	224661	0
-21	30	15	42	228864	0
-24	30	6	21	233931	0
-27	30	18	42	239700	0
-26	36	3	21	246468	0
-28	30	15	42	254064	0
-32	30	6	21	262074	0
-30	36	12	42	270570	0
-33	30	3	21	279498	0
-30	36	9	42	289920	0
-17	47	4	42	300792	0
-20	30	16	42	313338	0
-23	30	7	21	326550	0
-21	36	13	42	338952	0
-24	30	4	21	352362	0
-27	30	15	41	367005	0

-26	35	1	21	383574	0
-29	30	13	42	400980	0
-32	30	4	21	420060	0
-31	36	10	42	439293	0
-33	30	1	21	455430	0
-30	36	7	42	470514	0
-23	42	7	42	482880	0
-20	36	13	42	492339	0
-23	30	4	21	500124	0
-27	30	16	42	502770	0
-24	36	1	21	492798	0
-26	30	13	42	483735	0
-25	36	19	42	472044	0
-28	30	10	21	453792	0
-31	30	1	21	438735	0
-29	35	7	41	425100	0
-32	30	19	42	416271	0
-35	30	10	21	407469	0
-22	48	4	42	402249	0
-18	36	10	42	397137	0
-21	30	1	21	391692	0
-25	30	13	42	389244	0
-28	30	4	21	385383	0
-25	36	10	42	382440	0
-29	30	1	21	382305	0
-32	30	13	42	380721	0
-29	36	19	42	378300	0
-33	30	10	21	376590	0
-36	30	1	21	375690	0
-15	54	10	63	374169	0

-25	24	7	21	374322	0
-22	36	13	42	374763	0
-25	30	4	21	374079	0
-24	36	10	42	375645	0
-28	29	2	21	373368	0
-30	30	14	42	376932	0
-28	36	20	42	376779	0
-31	30	11	21	377157	0
-29	35	18	42	377247	0
-33	30	9	21	377031	0
-18	48	3	42	375960	0
-33	18	6	21	373836	0
-21	47	0	41	373377	0
-23	30	12	42	371730	0
-26	30	3	21	371397	0
-24	36	9	42	369354	0
-27	30	21	42	369687	0
-30	30	12	21	367770	0
-28	36	18	42	366870	0
-31	30	9	21	366159	0
-28	36	15	42	365925	0
-32	30	6	21	365583	0
-24	41	7	42	365619	0
-21	36	13	42	365448	0
-25	30	4	21	365250	0
-22	36	10	42	363945	0
-25	30	1	21	364386	0
-27	32	11	42	366519	0
-30	30	2	21	367563	0
-27	36	8	42	367230	0

-33	29	21	42	366294	0
-35	30	12	21	368022	0
-32	35	18	41	369201	0
-19	48	12	42	369597	0
-22	30	3	21	371685	0
-19	36	9	42	371379	0
-23	30	0	21	373008	0
-26	30	12	42	371811	0
-23	36	18	42	373350	0
-28	30	9	21	374187	0
-31	30	21	42	372918	0
-27	36	6	21	372603	0
-32	30	17	41	373116	0
-29	35	3	21	373746	0
-20	42	3	42	375321	0
-18	36	9	42	375087	0
-21	30	21	42	376248	0
-24	30	12	21	375789	0
-24	36	18	42	376833	0
-26	30	9	21	375834	0
-29	30	21	42	376842	0
-28	35	7	21	377139	0
-30	30	19	42	378426	0
-27	36	4	21	380127	0
-32	30	16	42	378804	0
-35	30	7	21	379326	0
-19	48	1	42	380793	0
-22	32	10	41	380496	0
-24	30	1	21	382044	0
-27	30	13	42	381540	0

-27	35	21	43	380865	0
-30	30	12	21	383367	0
-26	36	18	42	386130	0
-31	30	9	21	386472	0
-29	35	16	42	388641	0
-15	48	10	42	391566	0
-19	29	2	21	391638	0
-21	30	14	42	392610	0
-25	30	5	21	395148	0
-23	36	11	42	394563	0
-27	29	3	21	398874	0
-24	36	9	42	395013	0
-29	29	1	21	400431	0
-29	63	4	66	392205	0
-12	30	16	42	398946	1
-24	12	25	21	398991	0
-27	30	16	21	399396	0
-24	36	1	21	399270	0
-29	29	13	41	399909	0
-32	30	4	21	395544	0
-28	36	10	42	396804	0
-33	30	1	21	399477	0
-30	35	8	42	398496	0
-34	30	20	42	398091	0
-14	54	8	42	400449	0
-23	24	5	21	402879	0
-20	36	11	42	410016	0
-25	29	3	21	420978	0
-22	36	9	42	430158	0
-24	30	0	21	441768	0

-30	30	12	42	453009	0
-32	30	3	21	460785	0
-29	36	9	42	470478	0
-33	30	0	21	479046	0
-31	35	7	42	479721	0
-33	30	19	42	478497	0
-21	47	14	42	477048	0
-24	30	5	21	475356	0
-21	36	11	42	470163	0
-26	29	3	21	465240	0
-29	30	15	42	458688	0
-26	36	0	21	451686	0
-30	30	12	42	444891	0
-33	30	3	21	439293	0
-29	36	9	42	432291	0
-34	30	20	41	425667	0
-31	35	6	21	418368	0
-35	30	18	42	411204	0
-20	48	12	42	404400	0
-24	30	3	21	398010	0
-20	36	9	42	391620	0
-25	30	21	42	386616	0
-28	30	12	21	381828	0
-24	36	18	42	376914	0
-29	30	9	21	371883	0
-31	30	0	21	367572	0
-28	36	6	42	363000	0
-32	30	17	41	358500	0
-30	35	3	21	353298	0
-33	30	15	42	348762	0

-21	47	9	41	343695	0
-23	30	1	22	338304	0
-26	30	13	42	333489	0
-25	35	20	42	328377	0
-31	36	5	21	323913	0
-25	30	17	42	319971	0
-29	30	8	21	316011	0
-27	35	15	42	312663	0
-30	30	6	21	309108	0
-28	36	11	41	305508	0
-31	30	2	21	301548	0
-17	47	18	63	298119	0
-21	30	9	21	294204	0
-18	36	15	42	289362	0
-27	24	12	21	284412	0
-26	35	19	42	280695	0
-29	30	10	21	276177	0
-26	36	16	42	274026	0
-36	24	13	21	265683	0
-28	41	14	42	257673	0
-31	30	5	21	254055	0
-29	36	10	41	264207	0
-33	29	2	21	263910	0
-30	36	8	42	257187	0
-22	42	8	42	250662	0
-20	36	14	42	253965	0
-22	30	5	21	256062	0
-27	29	17	41	254901	0
-30	30	8	21	253686	0
-27	36	14	42	253569	0
-31	30	5	21	254739	0

-29	35	12	42	256188	0
-32	30	3	21	257016	0
-36	30	14	41	257763	0
-34	35	21	42	258906	0
-19	48	15	42	256989	0
-23	30	6	21	257988	0
-26	30	18	42	258465	0
-23	36	3	21	257781	0
-27	30	15	42	257277	0
-24	36	21	42	256458	0
-27	30	12	21	258141	0
-31	30	3	21	257268	0
-28	35	9	41	256566	0
-31	30	21	42	254550	0
-35	31	11	21	253704	0
-31	36	17	42	253461	0
-35	30	9	22	251508	0
-21	48	3	42	248160	0
-24	30	15	42	242517	0
-28	30	6	21	235551	0
-25	36	12	42	227649	0
-28	30	3	21	223302	0
-30	30	15	42	222204	0
-28	36	21	42	223131	0
-32	30	12	21	225696	0
-29	36	18	42	230880	0
-33	30	9	21	239196	0
-36	30	0	21	248952	0
-33	36	6	42	256107	0

-20	48	21	63	260787	0
-22	30	12	21	263541	0
-25	30	3	21	265899	0
-23	36	9	42	266835	0
-27	29	1	21	266331	0
-30	30	13	42	266781	0
-28	36	19	42	268536	0
-31	30	10	21	269895	0
-34	30	1	21	271047	0
-32	36	7	42	271506	0
-17	48	1	42	271164	0
-32	18	4	21	270975	0
-25	41	4	41	269742	0
-27	30	15	41	268554	0
-24	36	0	21	267879	0
-29	30	12	42	267150	0
-25	36	18	42	266232	0
-28	30	9	21	264837	0
-32	30	21	42	263658	0
-29	36	6	21	263316	0
-32	30	19	43	263316	0
-31	36	4	21	263343	0
-34	30	16	42	262866	0
-24	42	16	42	263082	0
-23	36	1	21	262803	0
-20	36	7	42	262407	0
-23	30	18	41	263541	0
-27	30	9	21	265314	0
-30	30	21	42	268293	0
-27	36	6	21	270750	0
-31	30	18	42	272523	0

-34	30	9	21	275160	0
-31	36	16	43	274044	0
-17	48	10	42	271614	0
-20	30	2	22	270444	0
-23	30	14	42	270552	0
-21	36	20	42	270165	0
-24	30	11	21	270705	0
-27	30	2	21	271110	0
-26	35	9	42	270687	0
-29	30	21	42	270471	0
-32	30	12	21	270552	0
-30	35	18	41	270282	0
-33	30	9	21	270399	0
-30	36	16	43	269562	0
-17	48	10	42	268662	0
-19	30	1	21	267213	0
-22	30	13	42	264576	0
-27	30	4	21	261849	0
-24	36	10	42	258906	0
-27	30	1	21	257295	0
-25	36	7	42	255936	0
-27	30	19	42	255207	0
-31	30	10	21	254397	0
-29	36	16	42	254613	0
-32	30	7	21	254730	0
-17	48	1	42	253938	0
-21	30	13	42	252237	0
-18	36	19	42	250707	0
-21	30	10	21	247953	0
-25	30	1	21	243678	0

-28	30	13	42	234759	0
-31	30	4	21	225381	0
-29	36	10	42	217002	0
-32	30	1	21	211062	0
-29	36	7	42	208380	0
-33	30	19	42	206877	0
-36	30	10	21	208461	0
-21	48	4	42	211269	0
-19	36	10	42	214950	0
-22	30	0	20	219036	0
-25	29	13	42	224166	0
-29	30	4	21	228432	0
-26	36	10	42	231402	0
-29	30	1	21	235659	0
-27	36	7	42	240717	0
-30	30	19	42	246009	0
-34	30	10	21	251391	0
-32	36	17	43	257097	0
-35	30	8	21	262578	0
-20	48	2	42	269427	0
-24	30	14	42	275079	0
-21	36	20	42	280596	0
-24	30	11	21	286869	0
-22	36	17	42	290001	0
-31	24	14	21	292845	0
-28	36	20	42	285663	0
-32	30	10	20	275871	0
-29	35	17	42	270228	0
-32	30	8	21	273126	0
-31	36	14	42	275331	0
-33	30	5	21	275349	0

-36	30	17	42	274710	0
-22	48	11	42	277356	0
-25	30	2	21	280704	0
-23	36	8	42	285564	0
-27	29	21	42	291072	0
-25	36	6	21	295734	0
-27	30	18	42	299235	0
-32	30	9	21	302088	0
-29	36	15	42	304194	0
-32	30	6	21	305958	0
-18	48	20	62	307497	1
-33	17	24	21	310431	0
-18	48	18	42	313113	0
-22	30	9	21	315651	0
-25	30	21	42	318036	0
-22	36	6	21	319917	0
-27	30	18	42	321681	0
-30	30	9	21	322824	0
-27	36	15	42	324318	0
-31	30	6	21	325488	0
-34	30	18	42	326559	0
-25	42	18	42	327684	0
-17	42	18	42	329349	0
-20	30	9	21	331437	0
-23	30	21	42	333255	0
-21	36	6	21	335577	0
-24	30	18	42	338088	0
-27	30	9	21	340617	0
-27	35	15	41	342804	0
-29	30	6	21	344307	0

-31	30	18	42	345441	0
-30	36	3	21	346710	0
-33	30	15	42	347907	0
-30	36	21	42	348105	0
-16	48	15	42	348447	0
-19	30	6	21	348438	0
-21	30	17	41	347547	0
-21	35	3	21	346872	0
-24	30	15	42	344964	0
-27	30	6	21	343650	0
-31	30	18	42	342624	0
-28	36	3	21	340968	0
-31	30	15	42	340599	0
-29	36	21	42	340095	0
-32	30	12	21	339204	0
-35	30	3	21	337872	0
-21	48	18	63	337251	0
-18	36	3	21	336396	0
-21	30	15	42	335685	0
-25	30	6	21	334119	0
-28	30	18	42	333516	0
-25	36	2	20	333183	0
-30	29	15	42	332607	0
-26	36	21	42	332598	0
-29	30	12	21	330834	0
-28	36	18	42	330753	0
-30	30	9	21	330339	0
-15	48	3	42	330393	0
-21	29	16	42	329790	0
-24	30	7	21	328737	0

-21	36	13	42	328323	0
-25	30	4	21	328071	0
-28	30	16	42	327135	0
-25	36	1	21	326586	0
-29	30	13	42	325884	0
-32	30	4	21	325038	0
-29	36	10	42	324021	0
-33	30	1	21	322977	0
-18	48	16	63	322464	0
-33	18	19	21	322023	0
-19	48	13	42	321690	0
-22	30	4	21	320925	0
-25	30	16	42	320556	0
-30	30	7	21	320187	0
-27	35	13	41	319413	0
-29	30	4	21	318819	0
-28	36	10	42	318882	0
-31	30	1	21	318675	0
-33	30	13	42	317676	0
-32	36	19	42	317820	0
-34	30	10	21	317415	0
-20	48	4	42	316992	0
-23	30	16	42	317010	0
-21	36	1	21	317064	0
-24	30	13	42	316650	0
-28	30	4	21	316398	0
-31	30	16	42	316272	0
-28	36	1	21	315786	0
-32	30	13	42	314940	0
-29	36	19	42	315147	0

-32	30	10	21	314265	0
-18	48	4	42	314148	0
-33	18	7	21	313113	0
-24	42	7	42	312618	0
-23	35	14	42	311925	0
-26	30	5	21	311178	0
-23	36	10	41	310242	0
-27	30	1	21	310170	0
-24	36	7	42	309036	0
-27	30	19	42	307938	0
-31	30	10	21	307074	0
-28	36	16	42	306579	0
-31	30	7	21	305985	0
-35	30	19	42	304995	0
-20	48	12	41	304680	0
-17	35	19	42	303978	0
-22	30	10	21	303663	0
-24	30	1	21	302511	0
-27	30	13	42	302385	0
-25	36	19	42	301710	0
-28	30	10	21	300180	0
-32	30	1	21	299469	0
-30	36	7	42	299262	0
-33	30	19	42	298695	0
-35	30	10	21	298533	0
-34	36	16	42	298083	0
-19	48	10	42	298524	0
-20	32	20	42	298470	0
-25	29	12	21	298137	0
-27	30	2	20	298020	0

-24	36	8	42	297759	0
-28	30	3	25	297714	0
-25	36	9	42	298020	0
-28	30	21	42	299424	0
-33	30	12	21	299775	0
-30	36	18	42	299424	0
-32	30	9	21	298281	0
-19	48	3	42	298272	0
-22	30	15	42	298308	0
-24	30	6	21	297984	0
-22	36	12	42	298020	0
-25	30	3	21	298056	0
-29	30	15	42	297705	0
-27	36	0	21	297714	0
-30	30	12	42	297822	0
-28	35	18	41	298047	0
-32	30	9	21	298623	0
-34	30	0	21	297633	0
-20	48	15	63	296634	0
-24	30	6	21	296085	0
-20	36	12	42	295671	0
-24	30	3	21	295824	0
-27	30	15	42	296193	0
-24	36	21	42	295941	0
-27	30	12	21	295212	0
-26	36	18	42	294564	0
-29	30	9	21	294249	0
-32	30	21	42	293592	0
-30	36	6	21	293808	0
-33	30	18	42	294600	0
-36	30	9	21	294816	0

-23	47	3	41	294546	0
-20	36	9	42	293718	0
-22	42	9	42	293664	0
-27	18	12	21	293484	0
-30	30	3	21	293502	0
-26	36	9	42	293547	0
-31	30	21	42	293466	0
-28	36	6	21	292152	0
-31	30	18	42	290181	0
-30	36	3	21	289578	0
-20	42	3	42	289227	0
-23	30	15	42	289416	0
-21	36	21	42	289434	0
-24	30	12	21	289578	0
-27	30	3	21	288921	0
-26	35	9	41	288732	0
-28	30	21	42	288120	0
-26	36	6	21	288525	0
-30	30	18	42	288669	0
-33	30	9	21	288957	0
-30	36	15	42	288075	0
-16	48	9	42	286752	0
-19	30	21	42	286050	0
-22	30	12	21	286050	0
-20	36	18	42	285339	0
-23	30	9	21	286068	0
-26	30	21	42	286527	0
-31	30	12	21	286626	0
-27	36	18	42	288489	0
-30	30	8	20	291378	0

-29	35	15	42	293493	0
-31	30	6	21	295113	0
-34	30	18	42	295383	0
-21	48	12	42	295941	0
-24	30	3	21	296229	0
-20	36	9	42	293844	0
-25	30	0	21	291387	0
-22	36	6	42	289389	0
-24	30	18	42	285222	0
-29	30	9	21	279453	0
-31	30	21	42	275538	0
-29	36	6	21	273009	0
-33	30	18	42	270660	0
-30	36	3	21	269850	0
-33	30	15	42	269175	0
-20	47	9	41	269634	0
-22	30	21	42	270291	0
-19	36	6	21	271020	0
-23	30	18	42	271713	0
-26	30	9	21	272550	0
-29	30	21	42	273027	0
-16	48	15	42	273027	0
-30	18	18	21	273432	0
-34	30	9	21	273558	0
-32	36	15	42	273774	0
-35	30	6	21	273468	0
-32	36	12	42	274332	0
-25	42	12	42	273918	0
-21	36	18	42	273981	0
-24	30	9	21	274899	0

-28	30	0	21	275358	0
-25	36	6	42	274809	0
-28	30	18	42	275088	0
-26	36	3	21	275547	0
-29	30	15	42	275871	0
-32	30	6	21	275853	0
-30	36	12	42	276150	0
-33	30	3	21	276681	0
-18	48	18	63	276564	0
-23	29	9	20	277005	0
-26	30	21	42	277599	0
-22	36	6	21	277365	0
-27	30	18	42	277923	0
-30	30	9	21	277563	0
-26	36	15	42	277824	0
-31	30	6	21	277617	0
-34	30	19	43	277725	0
-31	36	4	21	277428	0
-35	30	16	42	278292	0
-20	48	10	42	278499	0
-23	30	1	21	278454	0
-21	36	7	42	278427	0
-24	30	19	42	278607	0
-22	35	5	21	278859	0
-26	30	17	42	278922	0
-29	30	8	21	279174	0
-26	36	14	42	279255	0
-31	30	5	21	279120	0
-33	30	17	42	278976	0
-30	36	2	21	279147	0

-17	47	17	62	279219	0
-32	18	20	21	279444	0
-22	42	20	42	279822	0
-21	36	5	21	280065	0
-25	29	18	42	280128	0
-28	30	9	21	279714	0
-26	36	15	42	280362	0
-29	30	6	21	280308	0
-32	30	18	42	280533	0
-30	36	3	21	280803	0
-33	30	15	42	280668	0
-36	30	6	21	280047	0
-34	36	12	42	277959	0
-19	48	6	42	275304	0
-22	30	18	42	272793	0
-20	36	3	21	272496	0
-23	30	15	42	275655	0
-27	29	6	20	277500	0
-30	30	18	42	279867	0
-27	36	3	21	280893	0
-30	30	15	42	281667	0
-29	36	21	42	282126	0
-31	30	12	21	282234	0
-35	30	3	21	281928	0
-21	48	18	63	282324	0
-24	30	9	21	281730	0
-21	36	15	42	281622	0
-26	30	6	21	281217	0
-28	30	18	42	280002	0
-25	36	3	21	278634	0

-29	30	15	42	278949	0
-26	36	0	21	278355	0
-29	30	12	42	277221	0
-33	30	3	21	275241	0
-30	36	9	42	273351	0
-33	30	21	42	270732	0
-19	48	15	42	268392	0
-22	30	6	21	266538	0
-25	30	18	42	264081	0
-23	36	3	21	262110	0
-26	29	15	41	259446	0
-29	30	6	21	255432	0
-27	36	12	42	250806	0
-30	30	3	21	246396	0
-27	36	9	42	241833	0
-31	30	21	42	237378	0
-35	30	12	21	233076	0
-20	48	6	42	229206	0
-24	30	19	43	224652	0
-26	30	10	21	220098	0
-23	36	16	42	215445	0
-27	30	7	21	210702	0
-25	36	13	42	206544	0
-27	30	4	21	201477	0
-32	30	16	42	196554	0
-29	36	1	21	192315	0
-32	30	13	42	188850	0
-36	30	4	21	185547	0
-33	36	10	42	182541	0
-36	30	1	21	180147	0

-22	48	16	63	176583	0
-25	30	7	21	172254	0
-27	30	19	42	167601	0
-26	36	4	21	162804	0
-29	30	16	42	158862	0
-32	30	7	21	155613	0
-30	36	13	42	153102	0
-33	30	4	21	151554	0
-30	36	10	42	151212	0
-34	30	1	21	152103	0
-31	35	7	41	153210	0
-22	42	7	42	154794	0
-21	36	13	42	157818	0
-23	30	4	21	161130	0
-26	30	16	42	165990	0
-30	30	7	21	171192	0
-27	36	13	42	177105	0
-30	30	4	21	183153	0
-28	36	10	42	188148	0
-31	30	1	21	192675	0
-28	36	7	42	195951	0
-33	30	19	42	198480	0
-18	48	13	42	200388	0
-21	30	4	21	201351	0
-25	30	16	42	201756	0
-27	30	7	21	200802	0
-24	36	13	42	200064	0
-29	30	4	21	199803	0
-32	30	16	42	199623	0
-28	36	1	21	200649	0
-33	30	13	42	201423	0

-30	36	19	42	202017	0
-33	30	10	21	201531	0
-31	36	16	42	199722	0
-22	42	16	42	196779	0
-25	30	7	21	194709	0
-23	36	13	42	193170	0
-26	30	4	21	191604	0
-23	36	10	42	190020	0
-27	30	1	21	188526	0
-30	30	13	42	186663	0
-32	30	3	20	185007	0
-31	35	10	42	183090	0
-28	36	16	42	182028	0
-31	30	7	21	180957	0
-17	48	1	42	180048	0
-33	18	4	21	179328	0
-24	42	4	42	179643	0
-22	36	10	42	180390	0
-24	30	1	21	181713	0
-27	30	13	42	183567	0
-32	30	4	21	184845	0
-29	36	10	42	186420	0
-31	30	1	21	188778	0
-30	36	7	42	188823	0
-32	30	19	42	189867	0
-30	36	4	21	191739	0
-17	47	20	63	194511	0
-20	30	11	21	197643	0
-23	30	2	21	202521	0
-27	30	14	42	207246	0

-24	36	20	42	213114	0
-27	30	11	21	220854	0
-31	30	2	21	228333	0
-28	36	8	42	235821	0
-31	30	20	42	243192	0
-29	35	5	20	249546	0
-32	30	17	42	255333	0
-35	30	8	21	261165	0
-21	48	2	42	265422	0
-18	36	8	42	268734	0
-21	30	20	42	272163	0
-25	30	11	21	273864	0
-23	36	17	42	274872	0
-25	30	8	21	274575	0
-30	30	20	42	273990	0
-27	36	5	21	272622	0
-29	30	17	42	270678	0
-34	30	8	21	268905	0
-31	36	14	42	267213	0
-34	30	5	21	265638	0
-32	36	11	42	265305	0
-23	42	11	42	265845	0
-26	29	2	20	266187	0
-25	36	8	42	268104	0
-27	30	20	42	270012	0
-24	36	5	21	273639	0
-29	30	17	42	276609	0
-32	30	8	21	280515	0
-29	36	14	42	283737	0
-33	30	5	21	287382	0

-35	30	17	42	291837	0
-21	48	11	42	296400	0
-25	30	2	21	291018	0
-22	36	8	42	296886	0
-25	30	20	42	304635	0
-23	36	5	21	314949	0
-26	30	17	42	328584	0
-29	30	8	21	342759	0
-28	36	14	42	356763	0
-24	36	20	42	373548	0
-27	30	11	21	391350	0
-33	29	2	20	408369	0
-36	29	15	42	424614	0
-21	48	9	42	439014	0
-19	36	15	42	454044	0
-22	30	6	21	443037	0
-25	30	18	42	436566	0
-29	30	9	21	430446	0
-26	36	15	42	418611	0
-29	30	6	21	375537	0
-33	30	18	42	329889	0
-30	36	3	21	256143	0
-33	30	15	42	212430	0
-31	36	21	42	215832	0
-23	41	21	41	219594	0
-25	30	12	21	177609	0
-23	36	18	42	122520	0
-26	30	9	21	118497	0

-31	6596	13	6600	266421	0
-28	36	19	42	263019	0
-32	30	10	21	260544	0
-35	30	1	21	259932	0
-32	36	6	41	254703	0
-18	48	21	63	250833	0
-21	30	12	21	247413	0
-24	30	3	21	241392	0
-22	36	8	41	237414	0
-25	29	21	42	238548	0
-28	30	12	21	239808	0
-32	30	3	21	242319	0
-29	36	9	42	245226	0
-33	30	21	42	247422	0
-31	36	6	21	248943	0
-34	30	19	43	249771	0

-19	48	13	42	249078	0
-23	30	4	21	246792	0
-25	30	16	42	243984	0
-23	36	1	21	241140	0
-27	30	13	42	238449	0
-29	30	4	21	235740	0
-26	36	10	42	232995	0
-31	30	1	21	229854	0
-28	36	7	42	226029	0
-31	30	19	42	222042	0
-35	30	10	21	218964	0
-20	48	4	42	215958	0
-35	18	7	21	212961	0
-21	48	1	42	209802	0
-25	29	13	41	206940	0
-21	36	19	42	204501	0
-25	30	10	21	202467	0
-28	30	1	21	200379	0
-31	30	13	42	198957	0
-29	36	19	42	196977	0
-32	30	10	21	195843	0
-35	30	1	21	194772	0
-33	36	7	42	193710	0
-19	48	1	42	192900	0
-33	18	4	21	192270	0
-26	42	3	41	191964	0
-23	36	9	42	191613	0
-26	30	21	42	191577	0
-30	30	12	21	191658	0
-27	36	18	42	191955	0

-29	30	9	21	191712	0
-28	36	15	42	192243	0
-30	30	6	21	192702	0
-33	30	18	42	193350	0
-20	48	12	42	194619	0
-35	18	15	21	195672	0
-20	48	9	42	196338	0
-24	30	21	42	197346	0
-27	30	12	21	198336	0
-24	36	18	42	199092	0
-28	30	9	21	200064	0
-25	36	15	42	201531	0
-28	30	6	21	203160	0
-32	30	18	42	204636	0
-30	35	3	20	205608	0
-32	30	15	42	206778	0
-18	48	9	42	207885	0
-33	18	12	21	209055	0
-24	42	12	42	210216	0
-22	36	18	42	211989	0
-25	30	9	21	213996	0
-28	30	1	22	215382	0
-26	36	7	42	217227	0
-29	30	19	42	218703	0
-26	36	4	21	220998	0
-31	30	16	42	223185	0
-33	30	7	21	225588	0
-36	30	19	42	227352	0
-35	36	4	21	229161	0
-20	48	19	63	231528	0

-23	30	10	21	232311	0
-27	30	1	21	233238	0
-24	36	7	42	234273	0
-27	30	19	42	234795	0
-31	30	9	20	235425	0
-28	35	16	42	236226	0
-31	30	7	21	236559	0
-29	36	13	42	237612	0
-32	30	4	21	239664	0
-18	48	19	63	241608	0
-22	30	10	21	244056	0
-19	36	16	42	247557	0
-22	30	7	21	251778	0
-26	30	19	42	255459	0
-29	30	10	21	258699	0
-26	36	16	42	261948	0
-30	30	7	21	264720	0
-27	36	12	41	265683	0
-30	29	4	21	266133	0
-34	30	16	42	266367	0
-31	36	1	21	265971	0
-16	48	16	63	265350	0
-21	30	7	21	264837	0
-24	30	19	42	263982	0
-26	30	10	21	262470	0
-25	36	16	42	260778	0
-28	30	7	21	259608	0
-31	30	19	42	258582	0
-29	36	4	21	258321	0
-32	30	16	42	258078	0
-30	35	1	20	258618	0

-33	30	13	42	258573	0
-30	36	19	42	258438	0
-21	42	19	42	258222	0
-25	30	10	21	258555	0
-23	36	16	42	259383	0
-25	30	7	21	261156	0
-29	30	19	42	261849	0
-27	36	4	21	263028	0
-30	30	16	42	263586	0
-28	36	1	21	265206	0
-31	30	13	42	268158	0
-34	30	4	21	270669	0
-32	36	10	42	272136	0
-17	48	4	42	273693	0
-20	30	16	42	277023	0
-25	29	7	20	281118	0
-22	35	14	42	285087	0
-25	30	5	21	288462	0
-29	30	17	42	290838	0
-27	36	2	21	293871	0
-30	30	14	42	298344	0
-34	30	5	21	303276	0
-31	36	11	42	307506	0
-34	30	2	21	312789	0
-21	48	17	63	317802	0
-23	30	8	21	322473	0
-20	36	14	42	328152	0
-24	30	5	21	334353	0
-27	30	17	42	340383	0
-24	36	2	21	344145	0

-22	36	8	42	345468	0
-30	29	20	41	345558	0
-29	30	11	21	344721	0
-33	30	2	21	344559	0
-18	48	17	63	343767	0
-33	18	20	21	342786	0
-19	48	13	41	342192	0
-22	30	4	21	341544	0
-19	36	10	42	341787	0
-23	30	0	20	339105	0
-26	30	12	42	335694	0
-29	30	3	21	334506	0
-27	36	9	42	334794	0
-30	30	21	42	334974	0
-27	36	6	21	335010	0
-31	30	18	42	335451	0
-34	30	9	21	335838	0
-20	47	4	42	337080	0
-18	36	10	42	337764	0
-21	30	1	21	337647	0
-24	30	13	42	336090	0
-28	30	4	21	333435	0
-25	36	10	42	333597	0
-28	30	1	21	332787	0
-27	36	7	42	332634	0
-29	30	18	41	332769	0
-26	35	4	21	332922	0
-30	30	16	42	332832	0
-34	30	7	21	332481	0
-20	47	2	42	331167	0

-24	30	14	42	330636	0
-27	30	5	21	328089	0
-24	36	11	42	328710	0
-28	30	2	21	330735	0
-31	30	14	42	333417	0
-27	36	20	42	335541	0
-32	30	11	21	337071	0
-29	36	17	42	339078	0
-32	30	8	21	340977	0
-30	36	14	42	340428	0
-21	42	14	42	339618	0
-18	36	20	42	339033	0
-22	30	11	21	337494	0
-25	30	2	21	333768	0
-28	30	14	42	328989	0
-27	35	0	21	329520	0
-30	30	12	42	328881	0
-27	36	18	42	326613	0
-31	30	9	21	325488	0
-29	35	16	42	326055	0
-32	30	7	21	329403	0
-18	48	1	42	331608	0
-33	18	4	21	334146	0
-24	42	4	42	335109	0
-22	36	10	42	336081	0
-25	30	1	21	337404	0
-23	35	7	41	337935	0
-26	30	19	42	339114	0
-30	30	10	21	340410	0
-33	30	1	21	342543	0

-31	36	7	42	340779	0
-28	36	13	42	337584	0
-31	30	4	21	333669	0
-35	30	16	42	326748	0
-20	48	10	42	321708	0
-23	30	1	21	324381	0
-27	30	13	42	327441	0
-24	36	19	42	327261	0
-27	30	10	21	324480	0
-25	36	16	42	307785	0
-28	30	7	21	299190	0
-31	30	19	42	295824	0
-30	35	4	20	293835	0
-32	30	16	42	291729	0
-35	30	7	21	291720	0
-21	48	1	42	292719	0
-19	36	7	42	295500	0
-21	30	19	42	299361	0
-20	36	4	21	304815	0
-23	30	16	42	312510	0
-25	30	7	21	316902	0
-30	30	19	42	319503	0
-27	36	4	21	321609	0
-30	30	16	42	325605	0
-28	36	1	21	329988	0
-31	30	13	42	332562	0
-34	30	4	21	332661	0
-20	48	19	63	330969	0
-17	36	4	21	327054	0
-20	30	16	42	322581	0

-25	29	7	20	318891	0
-28	30	19	42	314841	0
-25	36	4	21	309999	0
-28	30	16	42	306957	0
-32	30	7	21	303015	0
-29	36	13	42	298245	0
-33	30	4	21	298425	0
-36	30	16	42	299307	0
-21	48	10	42	301251	0
-13	42	10	42	301638	0
-22	24	7	21	302790	0
-26	29	20	42	305400	0
-24	36	5	21	306795	0
-27	30	17	42	307416	0
-30	30	8	21	307335	0
-28	36	14	42	306714	0
-31	30	5	21	306039	0
-28	36	11	42	304275	0
-32	30	2	21	302907	0
-17	48	17	63	302763	0
-32	18	20	21	302763	0
-19	48	14	42	302286	0
-21	30	5	21	301341	0
-24	30	17	42	299991	0
-29	30	8	21	299721	0
-25	35	14	41	300801	0
-28	30	5	21	301359	0
-32	30	17	42	300630	0
-29	36	2	21	300855	0
-32	30	14	42	301782	0

-30	36	20	42	302826	0
-21	42	20	42	304905	0
-19	36	5	21	305967	0
-23	30	17	42	306984	0
-21	35	3	21	307911	0
-24	30	15	42	309702	0
-28	30	6	21	311700	0
-25	36	12	42	313896	0
-28	30	3	21	316326	0
-32	30	15	42	318729	0
-30	36	20	41	320547	0
-33	29	12	21	320889	0
-18	48	6	42	318837	0
-22	30	18	42	315777	0
-25	30	9	21	312294	0
-22	36	15	42	309045	0
-26	30	6	21	307272	0
-29	30	18	42	306390	0
-27	36	3	21	305940	0
-30	30	15	42	305211	0
-27	36	21	42	302727	0
-31	30	12	21	300279	0
-34	30	3	21	298767	0
-30	36	9	42	292944	0
-17	48	3	42	289146	0
-20	30	15	42	285465	0
-24	29	6	20	279381	0
-27	30	18	42	274764	0
-25	36	3	21	270660	0
-28	29	15	41	267798	0

-26	36	21	42	266925	0
-29	30	12	21	269463	0
-32	30	3	21	275277	0
-32	35	10	42	281721	0
-29	36	16	42	286671	0
-32	30	7	21	289785	0
-24	42	7	42	293664	0
-21	36	13	42	299613	0
-24	30	4	21	303591	0
-22	36	10	42	304707	0
-25	30	1	21	306714	0
-28	30	13	42	307704	0
-27	35	20	42	310368	0
-30	30	11	21	313842	0
-32	30	2	21	316254	0
-31	36	7	41	318981	0
-35	29	20	42	319746	0
-32	36	5	21	320448	0
-24	42	5	42	321429	0
-21	36	11	42	322986	0
-25	29	3	21	324309	0
-29	30	15	42	326559	0
-26	36	21	42	334200	0
-29	30	12	21	343182	0
-27	36	18	42	355269	0
-30	30	9	21	369048	0
-27	36	15	42	380469	0
-28	33	3	21	390036	0
-33	29	16	42	400458	0
-18	48	10	42	410376	0
-22	30	1	21	419862	0

-25	29	13	41	426270	0
-28	30	4	21	430572	0
-26	36	10	42	432912	0
-23	36	16	42	432012	0
-26	30	7	21	428502	0
-30	30	19	42	422598	0
-33	30	10	21	414966	0
-30	36	16	42	406614	0
-18	47	11	42	397713	0
-20	30	2	21	450210	0
-17	36	8	42	455250	0
-21	30	20	42	450309	0
-24	30	11	21	436350	0
-27	30	2	21	423084	0
-25	36	8	42	407901	0
-28	30	20	42	391386	0
-31	30	11	21	373692	0
-29	36	17	42	356007	0
-33	29	9	21	335523	0
-29	36	15	42	313104	0
-16	48	9	42	290775	0
-19	30	0	21	273720	0
-22	30	12	42	265539	0
-26	30	3	21	266943	0
-23	36	9	42	274809	0
-26	30	21	42	283161	0
-22	38	4	21	289740	0
-31	24	1	21	295671	0
-28	35	7	41	298479	0
-33	30	19	42	298227	0

-30	36	4	21	298173	0
-32	30	16	42	299712	0
-19	48	10	42	304707	0
-22	30	1	21	310962	0
-25	30	13	42	316308	0
-24	35	20	42	318711	0
-27	30	11	21	317766	0
-24	36	17	42	315039	0
-28	30	8	21	310278	0
-31	30	20	42	306291	0
-28	36	5	21	304401	0
-32	30	17	42	308262	0
-35	30	8	21	316497	0
-32	36	14	42	329106	0
-18	48	8	42	356853	0
-21	30	20	42	390621	0
-24	30	11	21	405894	0
-22	36	17	42	413013	0
-25	30	8	21	429033	0
-28	30	20	42	442362	0
-27	36	5	21	454773	0
-30	30	17	42	462279	0
-27	36	2	21	466860	0
-32	30	16	44	471360	0
-34	30	7	21	475131	0
-13	54	16	63	479352	0
-18	30	7	21	483717	0
-20	30	19	42	485724	0
-23	30	10	21	486975	0
-27	30	1	21	486822	0

-30	30	13	42	485139	0
-27	36	19	42	481917	0
-31	30	10	21	477525	0
-29	35	16	41	472197	0
-31	30	7	21	465609	0
-29	36	13	42	459714	0
-16	47	8	42	455583	0
-31	18	12	22	451992	0
-18	47	6	41	447996	0
-20	30	18	42	443712	0
-23	30	9	21	436926	0
-28	30	21	42	428799	0
-24	36	6	21	420483	0
-27	30	18	42	411744	0
-31	30	9	21	403095	0
-29	36	15	42	395040	0
-31	30	6	21	388956	0
-18	48	21	63	383961	0
-21	30	12	21	380019	0
-17	36	18	42	377589	0
-21	30	9	21	376203	0
-24	30	21	42	374781	0
-27	30	12	21	373773	0
-26	36	18	42	372783	0
-29	30	9	21	372252	0
-31	30	21	42	371577	0
-29	36	6	21	370101	0
-33	30	17	41	368868	0
-31	35	3	21	368139	0
-33	30	15	42	367977	0

-19	48	9	42	368562	0
-21	30	21	42	368823	0
-26	30	12	21	369561	0
-23	36	18	42	370110	0
-26	30	9	21	370965	0
-30	30	21	42	371550	0
-27	36	6	21	372414	0
-30	30	18	42	373359	0
-28	36	3	21	373440	0
-32	30	15	42	373944	0
-28	36	21	42	373764	0

