DelayToEnqueue	DeltaEnqueue	QueueDelay	DeltaDequeue	FrameSize	Buffer	RemotePort	LocalPort
10	0	3	0	1093994	0	51335	48004
4	11	6	14	1092419	0	51335	48004
7	33	3	30	1100051	0	51335	48004
6	31	2	30	1095677	0	51335	48004
1	30	2	30	1094138	0	51335	48004
2	34	4	36	1092815	0	51335	48004
1	31	3	30	1091978	0	51335	48004
0	33	6	36	1093166	0	51335	48004
-1	32	4	30	1092860	0	51335	48004
-1	33	1	30	1091006	0	51335	48004
-6	30	1	30	1092374	0	51335	48004
9	48	1	48	1095470	0	51335	48004
7	31	6	36	1085705	0	51335	48004
7	34	2	30	1096019	0	51335	48004
6	31	1	30	1092338	0	51335	48004
3	31	5	35	1096181	0	51335	48004
1	30	5	30	1094282	0	51335	48004
0	33	2	30	1090718	0	51335	48004
-1	31	1	30	1094795	0	51335	48004
-4	33	4	36	1096217	0	51335	48004
-1	34	6	36	1092275	0	51335	48004
-2	33	3	30	1091411	0	51335	48004
-4	32	1	30	1084931	0	51335	48004
9	46	3	48	1089944	0	51335	48004
8	32	1	30	1090367	0	51335	48004
5	32	5	36	1083851	0	51335	48004
4	31	4	30	1090772	0	51335	48004
2	32	2	30	1090754	0	51335	48004
1	33	5	36	1094813	0	51335	48004
0	31	4	30	1094408	0	51335	48004

-1	32	2	30	1089143	0	51335	48004
-1	35	3	36	1083806	0	51335	48004
-4	30	3	30	1091501	0	51335	48004
-5	31	2	30	1088531	0	51335	48004
9	49	1	48	1093526	0	51335	48004
-5	19	6	24	1081025	0	51335	48004
7	45	2	41	1095164	0	51335	48004
4	30	2	30	1091636	0	51335	48004
6	35	3	36	1092473	0	51335	48004
5	32	1	30	1090790	0	51335	48004
0	29	2	30	1091123	0	51335	48004
-1	32	6	36	1088549	0	51335	48004
0	34	2	30	1101572	0	51335	48004
-1	33	5	36	1096469	0	51335	48004
-4	30	5	30	1087928	0	51335	48004
1	38	3	36	1093202	0	51335	48004
8	42	3	42	1095902	0	51335	48004
9	33	6	36	1090790	0	51335	48004
7	31	5	30	1095326	0	51335	48004
5	33	2	30	1092059	0	51335	48004
6	33	5	36	1087388	0	51335	48004
-5	31	4	30	1097243	0	51335	48004
1	32	2	30	1095470	0	51335	48004
-1	31	1	30	1086839	0	51335	48004
-1	32	5	36	1095281	0	51335	48004
-3	33	2	30	1090862	0	51335	48004
-4	32	6	36	1095677	0	51335	48004
9	45	2	41	1092293	0	51335	48004
6	32	6	36	1084661	0	51335	48004
7	33	3	30	1090736	0	51335	48004

6	32	1	30	1091069	0	51335	48004
4	32	5	36	1085516	0	51335	48004
2	31	4	30	1092635	0	51335	48004
1	32	2	30	1090313	0	51335	48004
1	34	4	36	1081835	0	51335	48004
-2	31	3	30	1087649	0	51335	48004
-1	33	6	36	1092176	0	51335	48004
-5	30	6	30	1098494	0	51335	48004
-1	37	5	36	1089701	0	51335	48004
11	45	2	42	1095731	0	51335	48004
8	31	1	30	1094597	0	51335	48004
6	31	6	36	1093769	0	51335	48004
6	33	3	30	1106027	0	51335	48004
4	32	1	30	1093553	0	51335	48004
2	31	6	36	1093787	0	51335	48004
4	35	1	30	1101167	0	51335	48004
0	30	1	30	1095137	0	51335	48004
-1	32	5	36	1094624	0	51335	48004
-3	31	4	30	1091735	0	51335	48004
-6	32	2	30	1093625	0	51335	48004
-1	37	6	41	1088324	0	51335	48004
-6	29	1	24	1090547	0	51335	48004
6	46	3	48	1086047	0	51335	48004
7	34	5	36	1094372	0	51335	48004
3	29	6	30	1096181	0	51335	48004
6	36	6	36	1091591	0	51335	48004
3	31	4	29	1092005	0	51335	48004
3	31	3	30	1091834	0	51335	48004
0	32	1	30	1093508	0	51335	48004
1	33	4	36	1088351	0	51335	48004

-3	30	4	30	1105127	0	51335	48004
-2	35	5	36	1092437	0	51335	48004
-5	31	3	29	1101464	0	51335	48004
-5	32	1	30	1094804	0	51335	48004
8	47	2	48	1091744	0	51335	48004
6	32	6	36	1101716	0	51335	48004
5	31	5	30	1095326	0	51335	48004
2	31	4	30	1095362	0	51335	48004
2	33	1	30	1087721	0	51335	48004
-1	30	1	30	1091555	0	51335	48004
-1	34	3	36	1088270	0	51335	48004
-1	33	1	31	1094687	0	51335	48004
-1	33	4	36	1098260	0	51335	48004
-4	32	2	30	1093481	0	51335	48004
-5	31	1	30	1094354	0	51335	48004
8	46	3	48	1087955	0	51335	48004
7	34	4	35	1096388	0	51335	48004
5	30	4	30	1088999	0	51335	48004
4	32	2	30	1095470	0	51335	48004
2	32	6	36	1094660	0	51335	48004
3	34	2	30	1091753	0	51335	48004
1	31	1	30	1091060	0	51335	48004
-2	32	5	36	1103183	0	51335	48004
-3	31	4	30	1093292	0	51335	48004
-5	31	3	30	1090763	0	51335	48004
9	48	3	48	1091006	0	51335	48004
6	31	2	30	1093886	0	51335	48004
7	33	5	36	1095533	0	51335	48004
6	33	1	29	1097693	0	51335	48004
2	29	2	30	1090196	0	51335	48004

2	33	5	36	1090295	0	51335	48004
2	34	1	30	1094237	0	51335	48004
1	32	5	36	1091609	0	51335	48004
0	31	4	30	1087928	0	51335	48004
-1	34	6	36	1095245	0	51335	48004
-4	30	6	30	1085489	0	51335	48004
-5	32	4	30	1094435	0	51335	48004
8	47	5	48	1090466	0	51335	48004
8	33	2	30	1088936	0	51335	48004
7	32	6	36	1087847	0	51335	48004
5	32	4	30	1088765	0	51335	48004
3	32	2	30	1095749	0	51335	48004
1	31	1	30	1101554	0	51335	48004
1	33	3	35	1094336	0	51335	48004
0	32	1	30	1088639	0	51335	48004
-1	32	5	36	1094363	0	51335	48004
-2	33	2	30	1098422	0	51335	48004
-5	31	1	30	1086821	0	51335	48004
-4	33	4	36	1097072	0	51335	48004
6	45	1	42	1092689	0	51335	48004
8	34	3	36	1092653	0	51335	48004
7	32	1	30	1093814	0	51335	48004
3	30	1	30	1093427	0	51335	48004
2	33	4	36	1092671	0	51335	48004
2	32	2	30	1095272	0	51335	48004
1	33	5	36	1082717	0	51335	48004
-3	30	5	30	1092770	0	51335	48004
-2	33	2	30	1090583	0	51335	48004
-6	31	6	35	1090304	0	51335	48004
9	47	1	42	1098539	0	51335	48004

7	31	6	36	1094210	0	51335	48004
7	34	2	30	1099898	0	51335	48004
5	31	1	30	1095758	0	51335	48004
4	32	5	36	1087100	0	51335	48004
4	34	1	30	1092428	0	51335	48004
1	30	1	30	1089089	0	51335	48004
0	32	5	36	1090214	0	51335	48004
0	34	1	30	1100384	0	51335	48004
0	33	4	36	1092977	0	51335	48004
-2	31	3	30	1095443	0	51335	48004
10	47	4	48	1093157	0	51335	48004
11	33	1	30	1093157	0	51335	48004
-4	18	1	18	1093913	0	51335	48004
7	46	3	48	1101221	0	51335	48004
5	31	2	30	1093787	0	51335	48004
4	32	5	35	1088297	0	51335	48004
3	32	3	30	1094111	0	51335	48004
1	31	2	30	1096127	0	51335	48004
-1	31	1	30	1096937	0	51335	48004
-1	34	3	36	1090745	0	51335	48004
-3	31	2	30	1093517	0	51335	48004
-6	30	2	30	1109879	0	51335	48004
8	48	2	48	1094651	0	51335	48004
7	32	6	36	1093868	0	51335	48004
7	33	3	30	1088855	0	51335	48004
6	33	6	36	1100663	0	51335	48004
3	30	6	30	1088990	0	51335	48004
4	34	2	30	1084310	0	51335	48004
1	32	5	35	1079864	0	51335	48004
0	32	3	30	1074122	0	51335	48004
-3	29	3	29	1075040	0	51335	48004

-2	35	4	36	1079558	0	51335	48004
-4	31	3	30	1065797	0	51335	48004
-5	32	1	30	1080071	0	51335	48004
7	46	3	48	1073303	0	51335	48004
7	34	5	36	1073762	0	51335	48004
5	31	4	30	1068281	0	51335	48004
3	32	2	30	1070999	0	51335	48004
1	31	1	30	1070036	0	51335	48004
3	34	3	36	1065356	0	51335	48004
-1	30	2	29	1063331	0	51335	48004
-1	33	5	36	1057391	0	51335	48004
-2	32	3	30	1056014	0	51335	48004
-6	30	3	30	1050461	0	51335	48004
9	48	3	48	1048400	0	51335	48004
-4	20	1	18	1052621	0	51335	48004
7	45	4	48	1047356	0	51335	48004
6	32	2	30	1047113	0	51335	48004
6	33	5	36	1046933	0	51335	48004
2	31	4	30	1051928	0	51335	48004
2	33	1	30	1046897	0	51335	48004
-2	29	1	29	1049714	0	51335	48004
-2	33	4	36	1042919	0	51335	48004
-5	31	3	30	1046672	0	51335	48004
-6	32	1	30	1041389	0	51335	48004
-6	33	4	36	1044773	0	51335	48004
9	48	4	48	1049102	0	51335	48004
7	31	3	30	1043468	0	51335	48004
6	34	5	36	1044449	0	51335	48004
5	31	4	30	1056869	0	51335	48004

1	30	4	30	1048751	0	51335	48004
1	34	4	34	1051784	0	51335	48004
0	32	2	30	1048643	0	51335	48004
0	32	6	36	1048454	0	51335	48004
-1	33	3	30	1053539	0	51335	48004
-4	31	2	30	1046987	0	51335	48004
-3	34	4	36	1049075	0	51335	48004
-6	31	2	29	1055222	0	51335	48004
9	47	3	48	1043666	0	51335	48004
6	32	1	30	1055717	0	51335	48004
7	34	3	36	1045304	0	51335	48004
7	32	1	30	1049669	0	51335	48004
6	32	5	36	1045241	0	51335	48004
2	31	4	30	1049147	0	51335	48004
2	32	2	30	1052423	0	51335	48004
0	31	1	30	1052252	0	51335	48004
-3	31	5	35	1050767	0	51335	48004
-5	31	4	30	1046294	0	51335	48004
-4	34	6	36	1049363	0	51335	48004
8	46	2	42	1042532	0	51335	48004
8	33	5	36	1053917	0	51335	48004
6	31	4	30	1049588	0	51335	48004
5	33	1	30	1043405	0	51335	48004
4	33	4	36	1053116	0	51335	48004
1	30	4	30	1051352	0	51335	48004
1	34	6	36	1054754	0	51335	48004
1	33	3	30	1046843	0	51335	48004
-1	30	3	30	1042757	0	51335	48004
-2	34	5	36	1051982	0	51335	48004
-3	32	3	30	1061126	0	51335	48004
-4	32	1	30	1051316	0	51335	48004

9	47	2	48	1063943	0	51335	48004
7	31	1	30	1046996	0	51335	48004
7	33	4	36	1052522	0	51335	48004
5	32	1	29	1047590	0	51335	48004
1	29	2	30	1052630	0	51335	48004
2	33	5	36	1052360	0	51335	48004
-1	32	3	30	1052540	0	51335	48004
-1	32	1	30	1049408	0	51335	48004
-3	32	5	36	1053278	0	51335	48004
-4	33	2	30	1043504	0	51335	48004
-6	31	1	30	1050947	0	51335	48004
10	49	6	54	1048706	0	51335	48004
6	30	6	30	1049192	0	51335	48004
7	34	2	30	1048958	0	51335	48004
5	31	1	30	1049057	0	51335	48004
4	33	2	34	1050407	0	51335	48004
2	31	1	30	1051829	0	51335	48004
-1	29	2	30	1053764	0	51335	48004
-2	34	4	36	1050857	0	51335	48004
-2	32	2	30	1051208	0	51335	48004
-1	34	4	36	1056113	0	51335	48004
-3	33	1	30	1050713	0	51335	48004
9	45	4	48	1046654	0	51335	48004
7	31	3	30	1044386	0	51335	48004
6	33	6	36	1052405	0	51335	48004
5	32	4	30	1048112	0	51335	48004
4	33	1	30	1050920	0	51335	48004
2	32	5	36	1049075	0	51335	48004
1	31	4	30	1050488	0	51335	48004
0	32	2	30	1045007	0	51335	48004

-1	33	5	36	1051586	0	51335	48004
-2	32	3	30	1050101	0	51335	48004
-5	30	2	29	1050767	0	51335	48004
-6	33	5	36	1053467	0	51335	48004
9	48	5	48	1056374	0	51335	48004
7	31	4	30	1059335	0	51335	48004
5	32	2	30	1055609	0	51335	48004
6	34	4	36	1052306	0	51335	48004
4	31	3	30	1052648	0	51335	48004
2	32	1	30	1060127	0	51335	48004
0	30	1	30	1057256	0	51335	48004
0	34	3	36	1058525	0	51335	48004
-3	31	2	30	1057589	0	51335	48004
-4	32	6	36	1052009	0	51335	48004
-4	33	3	30	1060082	0	51335	48004
9	48	3	48	1053836	0	51335	48004
8	31	2	30	1053215	0	51335	48004
7	33	5	36	1052360	0	51335	48004
5	31	4	30	1055456	0	51335	48004
4	32	2	30	1055240	0	51335	48004
3	32	6	36	1061180	0	51335	48004
1	32	4	30	1070531	0	51335	48004
0	32	2	30	1066121	0	51335	48004
0	33	5	36	1067417	0	51335	48004
-2	32	3	30	1066562	0	51335	48004
-4	31	2	30	1063502	0	51335	48004
-5	33	5	36	1064762	0	51335	48004
8	46	1	42	1063610	0	51335	48004
7	33	4	36	1067696	0	51335	48004
6	31	3	30	1060946	0	51335	48004

5	34	5	36	1064987	0	51335	48004
3	31	4	30	1072385	0	51335	48004
2	30	3	29	1069856	0	51335	48004
1	34	5	36	1060595	0	51335	48004
1	32	3	30	1062449	0	51335	48004
-1	31	2	30	1064798	0	51335	48004
-3	33	5	36	1064969	0	51335	48004
-5	31	4	30	1058687	0	51335	48004
9	47	5	48	1061117	0	51335	48004
9	34	1	30	1076849	0	51335	48004
6	30	1	30	1065356	0	51335	48004
7	34	3	36	1069388	0	51335	48004
5	32	1	30	1056527	0	51335	48004
4	32	5	36	1065149	0	51335	48004
3	32	3	30	1067561	0	51335	48004
0	32	1	30	1059857	0	51335	48004
-1	31	6	36	1063889	0	51335	48004
-1	33	3	30	1058291	0	51335	48004
-2	33	6	36	1062593	0	51335	48004
-4	31	5	30	1066418	0	51335	48004
9	46	7	48	1064987	0	51335	48004
7	31	5	29	1068344	0	51335	48004
8	35	6	36	1065770	0	51335	48004
6	31	5	30	1062521	0	51335	48004
3	31	4	30	1069577	0	51335	48004
2	31	3	30	1069658	0	51335	48004
2	33	6	36	1072673	0	51335	48004
-1	31	5	30	1065905	0	51335	48004
1	35	6	36	1064456	0	51335	48004
-2	31	5	30	1069343	0	51335	48004

-6	30	5	30	1073438	0	51335	48004
-6	34	2	31	1064744	0	51335	48004
-5	32	0	30	1064492	0	51335	48004
8	48	6	54	1061648	0	51335	48004
6	31	5	30	1071530	0	51335	48004
5	31	4	30	1065545	0	51335	48004
4	34	6	36	1066715	0	51335	48004
4	32	4	30	1063583	0	51335	48004
0	30	4	30	1060928	0	51335	48004
-1	33	1	30	1070099	0	51335	48004
0	34	3	36	1062233	0	51335	48004
-2	31	2	30	1066301	0	51335	48004
-7	29	2	29	1070378	0	51335	48004
8	48	2	48	1068011	0	51335	48004
9	33	5	36	1068497	0	51335	48004
5	31	4	30	1069775	0	51335	48004
7	34	6	36	1072826	0	51335	48004
6	32	4	30	1070504	0	51335	48004
3	32	2	30	1071674	0	51335	48004
2	32	6	36	1066418	0	51335	48004
1	32	4	30	1064897	0	51335	48004
13	65	4	65	1071980	0	51335	48004
2	5	5	6	1070774	0	51334	48003
-2	27	2	24	1066292	0	51335	48004
9	45	5	48	1071638	0	51335	48004
7	31	4	30	1066679	0	51335	48004
9	34	6	36	1069037	0	51335	48004
6	32	4	30	1066634	0	51335	48004
3	30	4	30	1068866	0	51335	48004
5	35	5	36	1062323	0	51335	48004

1	30	5	30	1061747	0	51335	48004
1	33	2	30	1069505	0	51335	48004
1	33	4	35	1067624	0	51335	48004
-1	31	3	30	1061495	0	51335	48004
-3	32	1	30	1070315	0	51335	48004
-3	32	5	36	1066247	0	51335	48004
8	46	1	42	1070324	0	51335	48004
10	34	3	36	1067291	0	51335	48004
6	30	3	30	1065644	0	51335	48004
6	34	5	36	1067507	0	51335	48004
5	32	3	30	1072016	0	51335	48004
5	32	1	30	1071998	0	51335	48004
1	30	1	30	1066886	0	51335	48004
1	33	4	36	1069811	0	51335	48004
0	32	2	30	1064609	0	51335	48004
-3	32	6	36	1074806	0	51335	48004
-4	31	5	30	1067651	0	51335	48004
-4	33	2	30	1058831	0	51335	48004
8	48	2	48	1070414	0	51335	48004
8	32	5	35	1070099	0	51335	48004
7	31	4	30	1070801	0	51335	48004
3	30	4	30	1069568	0	51335	48004
1	34	6	36	1067264	0	51335	48004
2	31	5	30	1072997	0	51335	48004
30	63	2	60	1063403	0	51335	48004
10	19	1	18	1074968	0	51335	48004
14	31	6	36	1076039	0	51335	48004
10	30	6	30	1072250	0	51335	48004
10	33	3	30	1068434	0	51335	48004
9	32	1	30	1068461	0	51335	48004

5	31	6	36	1069865	0	51335	48004
8	35	1	30	1074545	0	51335	48004
6	31	6	36	1066895	0	51335	48004
5	33	3	30	1075013	0	51335	48004
3	31	2	30	1066931	0	51335	48004
1	31	1	30	1066499	0	51335	48004
-2	32	5	36	1074842	0	51335	48004
-1	33	2	30	1071593	0	51335	48004
-2	31	1	30	1066796	0	51335	48004
9	46	3	48	1071935	0	51335	48004
8	32	1	30	1077758	0	51335	48004
9	34	3	36	1072637	0	51335	48004
7	32	1	30	1075778	0	51335	48004
6	32	5	36	1064852	0	51335	48004
5	32	3	30	1074428	0	51335	48004
2	31	2	30	1073294	0	51335	48004
2	33	5	36	1072709	0	51335	48004
2	32	3	30	1081142	0	51335	48004
-1	32	1	30	1080332	0	51335	48004
-2	32	5	36	1068443	0	51335	48004
-5	30	5	30	1067615	0	51335	48004
-1	38	3	36	1073933	0	51335	48004
7	42	3	42	1079090	0	51335	48004
9	34	5	36	1079297	0	51335	48004
6	31	4	30	1091447	0	51335	48004
4	31	3	30	1076066	0	51335	48004
3	32	6	35	1077650	0	51335	48004
3	33	3	30	1071458	0	51335	48004
2	32	1	30	1074140	0	51335	48004
-1	30	1	30	1080440	0	51335	48004
-1	34	3	36	1076075	0	51335	48004

-5	30	3	30	1070540	0	51335	48004
-4	33	6	36	1069883	0	51335	48004
8	47	1	42	1075886	0	51335	48004
9	34	3	36	1076894	0	51335	48004
8	31	1	29	1071782	0	51335	48004
7	34	3	36	1079306	0	51335	48004
4	29	4	30	1075949	0	51335	48004
5	34	6	36	1072079	0	51335	48004
2	32	4	30	1077272	0	51335	48004
2	32	2	30	1074581	0	51335	48004
-1	31	1	30	1071971	0	51335	48004
-2	33	3	35	1069946	0	51335	48004
-3	31	2	30	1078271	0	51335	48004
-2	34	4	36	1074122	0	51335	48004
9	46	6	48	1070324	0	51335	48004
9	32	4	30	1075553	0	51335	48004
7	31	3	30	1070018	0	51335	48004
3	31	2	30	1078730	0	51335	48004
4	33	5	36	1078703	0	51335	48004
2	31	4	30	1063997	0	51335	48004
4	36	4	36	1074041	0	51335	48004
0	29	5	30	1076507	0	51335	48004
-2	32	3	30	1078010	0	51335	48004
-1	35	4	36	1076183	0	51335	48004
-5	29	5	30	1080314	0	51335	48004
10	48	5	48	1080539	0	51335	48004
9	32	3	30	1080548	0	51335	48004
8	33	6	36	1082429	0	51335	48004
8	32	4	30	1077164	0	51335	48004
4	31	3	30	1074986	0	51335	48004

2	31	2	30	1080890	0	51335	48004
3	33	5	36	1071917	0	51335	48004
0	31	4	30	1076786	0	51335	48004
1	35	5	36	1075634	0	51335	48004
-1	31	4	30	1070333	0	51335	48004
-5	30	3	29	1082879	0	51335	48004
10	49	2	48	1077497	0	51335	48004
9	31	1	30	1071179	0	51335	48004
7	33	4	36	1076327	0	51335	48004
7	32	2	30	1083095	0	51335	48004
4	30	2	30	1076687	0	51335	48004
4	34	4	36	1079828	0	51335	48004
3	32	2	30	1073033	0	51335	48004
3	33	4	35	1076651	0	51335	48004
0	31	3	30	1077110	0	51335	48004
-1	32	1	30	1079972	0	51335	48004
-4	30	1	30	1076282	0	51335	48004
-6	32	4	35	1069055	0	51335	48004
134	174	4	174	1082789	0	51335	48004
108	6	4	6	1083464	0	51335	48004
79	5	5	6	1093346	0	51335	48004
51	5	6	6	1077830	0	51335	48004
24	6	6	6	1079567	0	51335	48004
16	27	3	24	1082240	0	51335	48004
16	32	1	30	1082978	0	51335	48004
0	17	2	18	1076246	0	51335	48004
-3	32	6	36	1073762	0	51335	48004
-4	31	5	30	1080953	0	51335	48004
-4	33	2	30	1080683	0	51335	48004
10	48	2	48	1069946	0	51335	48004

8	31	1	30	1076084	0	51335	48004
9	34	3	36	1079126	0	51335	48004
5	30	3	30	1074662	0	51335	48004
6	34	4	35	1083554	0	51335	48004
6	33	1	30	1089476	0	51335	48004
2	30	1	30	1078055	0	51335	48004
-1	29	1	29	1082834	0	51335	48004
-1	33	4	36	1077209	0	51335	48004
-3	32	2	30	1076534	0	51335	48004
-3	33	5	36	1081898	0	51335	48004
-4	32	3	30	1076705	0	51335	48004
9	48	3	48	1083779	0	51335	48004
8	31	2	30	1070954	0	51335	48004
7	33	5	36	1074185	0	51335	48004
5	32	3	30	1085651	0	51335	48004
2	30	2	29	1076444	0	51335	48004
5	36	2	36	1082393	0	51335	48004
1	31	1	30	1079675	0	51335	48004
1	32	5	36	1074950	0	51335	48004
1	33	2	30	1073159	0	51335	48004
-3	30	2	30	1083140	0	51335	48004
-5	31	1	30	1071917	0	51335	48004
-6	33	4	36	1080503	0	51335	48004
8	48	4	48	1079495	0	51335	48004
7	31	3	30	1078316	0	51335	48004
6	32	1	30	1078451	0	51335	48004
12	40	3	42	1084760	0	51335	48004
3	25	2	24	1077776	0	51335	48004
2	30	1	29	1070828	0	51335	48004
1	33	4	36	1081025	0	51335	48004

-2	31	3	30	1081646	0	51335	48004
0	34	5	36	1079090	0	51335	48004
-5	30	5	30	1082267	0	51335	48004
-5	33	2	30	1070396	0	51335	48004
10	48	2	48	1083419	0	51335	48004
7	31	1	30	1079963	0	51335	48004
6	32	5	36	1081448	0	51335	48004
5	32	3	30	1082195	0	51335	48004
4	33	6	36	1083914	0	51335	48004
3	31	5	30	1082546	0	51335	48004
0	31	4	30	1078343	0	51335	48004
-1	32	2	30	1079405	0	51335	48004
-2	32	6	36	1079720	0	51335	48004
-2	33	3	30	1086740	0	51335	48004
-4	33	6	36	1071899	0	51335	48004
-5	32	4	30	1083599	0	51335	48004
10	47	4	47	1077614	0	51335	48004
7	32	2	30	1086209	0	51335	48004
6	31	1	30	1080800	0	51335	48004
5	33	4	36	1076678	0	51335	48004
4	32	2	30	1077650	0	51335	48004
1	30	2	30	1079603	0	51335	48004
2	34	4	36	1081646	0	51335	48004
-2	31	3	30	1086812	0	51335	48004
-1	34	5	36	1083230	0	51335	48004
-1	32	3	30	1080080	0	51335	48004
8	44	6	47	1074365	0	51335	48004
8	33	3	30	1075643	0	51335	48004
7	31	2	30	1080062	0	51335	48004
7	34	4	36	1074995	0	51335	48004

5	31	3	30	1085480	0	51335	48004
3	31	2	30	1077353	0	51335	48004
1	33	5	36	1078937	0	51335	48004
1	33	2	30	1079162	0	51335	48004
1	32	6	36	1075157	0	51335	48004
-2	32	4	30	1075967	0	51335	48004
-3	32	2	30	1085687	0	51335	48004
-5	31	1	30	1079558	0	51335	48004
-6	33	4	36	1077524	0	51335	48004
10	48	4	48	1081682	0	51335	48004
7	31	3	30	1068884	0	51335	48004
5	32	1	30	1084562	0	51335	48004
6	34	3	36	1073447	0	51335	48004
4	31	2	30	1075418	0	51335	48004
2	32	6	36	1078244	0	51335	48004
0	31	5	30	1068353	0	51335	48004
-2	31	4	30	1075787	0	51335	48004
-2	34	6	36	1069433	0	51335	48004
-3	32	4	30	1063520	0	51335	48004
-4	32	2	30	1073798	0	51335	48004
10	48	2	48	1071863	0	51335	48004
6	30	1	29	1075409	0	51335	48004
10	35	2	36	1082699	0	51335	48004
6	30	2	30	1070054	0	51335	48004
5	32	6	36	1080350	0	51335	48004
3	31	5	30	1082312	0	51335	48004
1	32	3	30	1072475	0	51335	48004
0	32	1	30	1079819	0	51335	48004
0	33	4	36	1082015	0	51335	48004
-2	32	2	30	1073186	0	51335	48004
-4	32	0	30	1071755	0	51335	48004

-3	33	3	36	1072808	0	51335	48004
-5	32	1	30	1078910	0	51335	48004
7	46	3	48	1072673	0	51335	48004
7	32	1	30	1076552	0	51335	48004
5	34	3	36	1067075	0	51335	48004
2	29	3	29	1082015	0	51335	48004
3	33	6	36	1076813	0	51335	48004
1	32	4	30	1074698	0	51335	48004
0	32	2	30	1078190	0	51335	48004
-1	32	6	36	1076093	0	51335	48004
-2	34	2	30	1076075	0	51335	48004
9	45	5	48	1076426	0	51335	48004
9	33	2	30	1077236	0	51335	48004
6	30	2	30	1079333	0	51335	48004
9	36	1	35	1075229	0	51335	48004
7	31	6	36	1076759	0	51335	48004
4	31	5	30	1070180	0	51335	48004
2	32	3	30	1083689	0	51335	48004
1	32	1	30	1081205	0	51335	48004
0	31	5	35	1082294	0	51335	48004
0	33	2	30	1081430	0	51335	48004
-1	32	6	36	1082276	0	51335	48004
-4	31	5	30	1074077	0	51335	48004
10	47	6	48	1090547	0	51335	48004
8	31	5	30	1074680	0	51335	48004
7	34	1	30	1082267	0	51335	48004
4	30	1	30	1080179	0	51335	48004
3	32	5	36	1076237	0	51335	48004
5	35	6	36	1079522	0	51335	48004
0	29	1	24	1076759	0	51335	48004

0	33	4	36	1072682	0	51335	48004
-2	33	1	30	1086506	0	51335	48004
-1	33	4	36	1080548	0	51335	48004
-2	32	2	30	1076336	0	51335	48004
-5	31	1	30	1081646	0	51335	48004
-5	33	4	36	1079657	0	51335	48004
7	45	1	42	1077893	0	51335	48004
4	32	5	36	1078649	0	51335	48004
5	33	1	29	1077542	0	51335	48004
6	34	3	36	1085030	0	51335	48004
4	32	1	30	1083734	0	51335	48004
2	31	0	30	1078370	0	51335	48004
1	32	4	36	1076813	0	51335	48004
-3	30	3	29	1079720	0	51335	48004
-4	31	2	30	1086326	0	51335	48004
10	47	3	48	1084751	0	51335	48004
12	40	5	42	1069793	0	51335	48004
12	32	3	30	1085849	0	51335	48004
9	31	2	30	1072592	0	51335	48004
8	32	5	35	1081907	0	51335	48004
8	33	2	30	1089116	0	51335	48004
7	32	6	36	1080557	0	51335	48004
6	33	3	30	1077641	0	51335	48004
2	29	4	30	1080368	0	51335	48004
-1	31	3	30	1089818	0	51335	48004
0	35	4	36	1075337	0	51335	48004
12	46	6	48	1079333	0	51335	48004
8	28	2	24	1085795	0	51335	48004
6	30	2	30	1095020	0	51335	48004
8	34	4	36	1086632	0	51335	48004

6	31	2	29	1090961	0	51335	48004
3	30	2	30	1098746	0	51335	48004
2	32	6	36	1098323	0	51335	48004
3	34	2	30	1098332	0	51335	48004
1	32	6	36	1104398	0	51335	48004
0	32	4	30	1107350	0	51335	48004
0	33	1	30	1108106	0	51335	48004
-4	31	6	36	1117790	0	51335	48004
10	47	1	42	1114532	0	51335	48004
-4	18	1	18	1121984	0	51335	48004
7	46	3	48	1115927	0	51335	48004
8	34	5	36	1125665	0	51335	48004
6	31	4	30	1108835	0	51335	48004
4	32	2	30	1099322	0	51335	48004
1	30	2	30	1088810	0	51335	48004
3	34	4	36	1081763	0	51335	48004
-1	31	3	30	1086299	0	51335	48004
1	34	5	36	1084679	0	51335	48004
-1	32	3	30	1081547	0	51335	48004
-2	33	6	36	1080224	0	51335	48004
4	49	5	48	1068803	0	51335	48004
-5	14	3	12	1058444	0	51335	48004
6	45	6	48	1041443	0	51335	48004
7	34	2	30	1025693	0	51335	48004
6	32	6	36	1001204	0	51335	48004
6	33	3	30	992771	0	51335	48004
1	29	4	30	983231	0	51335	48004
3	34	6	36	984122	0	51335	48004
-1	30	5	29	983843	0	51335	48004
-4	30	5	30	985076	0	51335	48004

-2	35	6	36	985670	0	51335	48004
-4	31	5	30	990062	0	51335	48004
8	46	1	42	989450	0	51335	48004
-5	20	5	24	988325	0	51335	48004
4	43	4	42	988298	0	51335	48004
6	35	5	36	989576	0	51335	48004
5	32	3	30	989981	0	51335	48004
2	31	2	30	987992	0	51335	48004
1	32	6	36	986561	0	51335	48004
1	33	3	30	991469	0	51335	48004
-3	31	2	30	993125	0	51335	48004
-2	33	5	36	991226	0	51335	48004
-4	31	4	30	991775	0	51335	48004
-5	33	6	35	996761	0	51335	48004
8	47	1	42	997634	0	51335	48004
9	33	4	36	1000748	0	51335	48004
3	30	4	30	995582	0	51335	48004
3	32	1	29	1001081	0	51335	48004
3	32	5	36	1006013	0	51335	48004
2	33	2	30	1001324	0	51335	48004
0	31	1	30	1003673	0	51335	48004
1	34	3	36	1003088	0	51335	48004
-3	30	3	30	1004879	0	51335	48004
-4	32	1	30	995933	0	51335	48004
-6	31	6	36	993377	0	51335	48004
-6	34	2	30	997508	0	51335	48004
9	48	2	48	1000019	0	51335	48004
9	33	5	36	999920	0	51335	48004
3	29	6	30	994286	0	51335	48004
5	34	2	30	996392	0	51335	48004

3	32	6	36	995852	0	51335	48004
1	32	4	30	1001162	0	51335	48004
-2	29	4	29	998183	0	51335	48004
-1	33	1	30	995618	0	51335	48004
-5	31	6	36	990371	0	51335	48004
-2	36	6	36	984269	0	51335	48004
-7	31	5	30	992639	0	51335	48004
-7	31	4	30	1004249	0	51335	48004
8	47	5	48	1001171	0	51335	48004
8	33	2	30	1016804	0	51335	48004
5	32	6	36	1013321	0	51335	48004
2	30	6	30	1013888	0	51335	48004
3	34	2	30	1036334	0	51335	48004
1	33	5	36	1051022	0	51335	48004
0	32	3	30	1069418	0	51335	48004
-2	31	2	30	1089191	0	51335	48004
-3	33	5	36	1093574	0	51335	48004
-4	32	3	30	1100468	0	51335	48004
-5	32	1	30	1102205	0	51335	48004
8	47	2	48	1108694	0	51335	48004
7	32	6	36	1100594	0	51335	48004
5	31	5	30	1111736	0	51335	48004
3	31	3	29	1119053	0	51335	48004
2	33	6	36	1104977	0	51335	48004
2	33	3	30	1103204	0	51335	48004
1	33	6	36	1106606	0	51335	48004
-1	32	4	30	1107704	0	51335	48004
-1	32	2	30	1101224	0	51335	48004
-6	29	3	30	1104284	0	51335	48004
-5	34	5	36	1109063	0	51335	48004
-6	32	3	30	1104788	0	51335	48004

8	48	3	48	1098380	0	51335	48004
6	31	2	30	1106237	0	51335	48004
6	33	5	36	1104329	0	51335	48004
4	31	3	29	1111565	0	51335	48004
2	32	1	30	1107515	0	51335	48004
1	32	5	36	1110458	0	51335	48004
-1	32	3	30	1106849	0	51335	48004
-2	32	6	35	1108865	0	51335	48004
-4	31	5	30	1105373	0	51335	48004
10	47	6	48	1095464	0	51335	48004
8	32	4	30	1095230	0	51335	48004
9	34	6	36	1083359	0	51335	48004
5	31	5	30	1092170	0	51335	48004
6	34	1	30	1085006	0	51335	48004
5	31	6	36	1091414	0	51335	48004
3	32	4	30	1089263	0	51335	48004
3	33	1	30	1083989	0	51335	48004
1	31	6	36	1085006	0	51335	48004
-3	30	6	30	1083692	0	51335	48004
-4	33	3	30	1085348	0	51335	48004
0	36	3	36	1083035	0	51335	48004
-5	29	4	30	1089398	0	51335	48004
8	47	5	48	1087625	0	51335	48004
10	34	1	30	1086968	0	51335	48004
6	30	6	35	1088822	0	51335	48004
4	31	5	30	1090271	0	51335	48004
3	32	3	30	1090658	0	51335	48004
2	33	6	36	1092809	0	51335	48004
1	32	4	30	1083323	0	51335	48004
0	32	2	30	1084637	0	51335	48004

-2	32	6	36	1095941	0	51335	48004
-3	32	4	30	1089029	0	51335	48004
-5	31	3	30	1087778	0	51335	48004
9	48	2	47	1092008	0	51335	48004
8	32	6	36	1089443	0	51335	48004
6	31	5	30	1090784	0	51335	48004
5	33	2	30	1097687	0	51335	48004
1	29	3	30	1095113	0	51335	48004
1	33	5	35	1095797	0	51335	48004
-1	31	3	29	1087409	0	51335	48004
-3	32	1	30	1102691	0	51335	48004
-2	34	3	36	1097102	0	51335	48004
10	47	4	48	1097462	0	51335	48004
12	34	6	36	1097246	0	51335	48004
8	30	6	30	1100405	0	51335	48004
7	32	4	30	1089569	0	51335	48004
5	31	3	30	1100369	0	51335	48004
6	34	5	36	1105445	0	51335	48004
4	32	3	30	1108631	0	51335	48004
2	30	2	29	1101638	0	51335	48004
7	38	0	36	1109648	0	51335	48004
0	28	2	30	1096697	0	51335	48004
1	33	5	36	1101053	0	51335	48004
-2	30	5	30	1107695	0	51335	48004
10	47	6	48	1106075	0	51335	48004
8	31	5	30	1100540	0	51335	48004
9	34	1	30	1101350	0	51335	48004
6	31	6	36	1097777	0	51335	48004
6	33	3	30	1098767	0	51335	48004
5	31	2	30	1108982	0	51335	48004

4	34	4	36	1101485	0	51335	48004
2	30	4	30	1105805	0	51335	48004
0	32	2	30	1099055	0	51335	48004
-1	33	5	36	1104761	0	51335	48004
-4	30	4	29	1096751	0	51335	48004
-3	33	1	30	1100927	0	51335	48004
-6	32	5	36	1108028	0	51335	48004
9	48	5	48	1107218	0	51335	48004
8	31	4	30	1101926	0	51335	48004
5	32	2	30	1104536	0	51335	48004
4	32	6	36	1106165	0	51335	48004
5	34	2	30	1101854	0	51335	48004
1	30	2	30	1098092	0	51335	48004
2	34	4	36	1098776	0	51335	48004
-2	29	5	30	1102664	0	51335	48004
-3	33	2	30	1104095	0	51335	48004
-5	31	1	30	1096112	0	51335	48004
-4	34	3	36	1106993	0	51335	48004
10	48	3	48	1101260	0	51335	48004
8	31	1	29	1102979	0	51335	48004
12	36	1	36	1098632	0	51335	48004
4	27	4	30	1104788	0	51335	48004
3	31	3	30	1101494	0	51335	48004
3	33	0	30	1100765	0	51335	48004
1	32	4	36	1102169	0	51335	48004
-1	32	2	30	1109369	0	51335	48004
-2	32	6	36	1090973	0	51335	48004
-4	32	4	30	1099559	0	51335	48004
-5	32	2	30	1094591	0	51335	48004
-5	32	6	36	1095842	0	51335	48004

8	48	6	48	1098947	0	51335	48004
7	32	4	30	1107470	0	51335	48004
7	33	1	30	1097255	0	51335	48004
4	31	6	36	1098290	0	51335	48004
2	31	4	29	1097336	0	51335	48004
3	33	1	30	1094465	0	51335	48004
0	32	4	35	1093187	0	51335	48004
1	33	1	30	1096499	0	51335	48004
-2	31	0	30	1104122	0	51335	48004
-4	32	4	36	1104212	0	51335	48004
-4	33	1	30	1108901	0	51335	48004
9	46	3	48	1093529	0	51335	48004
6	31	2	30	1104176	0	51335	48004
31	58	4	60	1105931	0	51335	48004
4	5	5	6	1095527	0	51334	48003
2	33	2	30	1096490	0	51335	48004
2	33	5	36	1098029	0	51335	48004
1	32	3	30	1105283	0	51335	48004
0	33	6	36	1103006	0	51335	48004
-2	31	5	30	1099262	0	51335	48004
-2	33	2	30	1114760	0	51335	48004
10	46	3	47	1103924	0	51335	48004
8	31	2	30	1103654	0	51335	48004
8	33	5	36	1103177	0	51335	48004
5	31	4	30	1108262	0	51335	48004
3	31	3	30	1101494	0	51335	48004
5	35	4	36	1098362	0	51335	48004
2	30	4	30	1103681	0	51335	48004
1	33	1	30	1103186	0	51335	48004
0	32	5	36	1096301	0	51335	48004

-1	33	2	30	1102178	0	51335	48004
-2	32	6	36	1103015	0	51335	48004
-4	31	5	30	1097840	0	51335	48004
8	47	6	48	1100261	0	51335	48004
8	32	3	29	1109117	0	51335	48004
8	32	1	30	1099532	0	51335	48004
5	31	6	36	1113149	0	51335	48004
4	32	4	30	1101521	0	51335	48004
3	32	2	30	1099892	0	51335	48004
1	33	5	36	1099721	0	51335	48004
0	32	3	30	1110944	0	51335	48004
0	33	6	36	1094816	0	51335	48004
-4	31	4	29	1097750	0	51335	48004
-4	32	2	30	1095833	0	51335	48004
-6	31	1	30	1095104	0	51335	48004
7	48	6	53	1105760	0	51335	48004
6	31	5	30	1105490	0	51335	48004
4	31	4	30	1101656	0	51335	48004
5	35	5	36	1105211	0	51335	48004
4	32	3	30	1103969	0	51335	48004
1	30	2	29	1101764	0	51335	48004
0	33	5	36	1099019	0	51335	48004
0	32	3	30	1105049	0	51335	48004
-2	31	2	30	1098443	0	51335	48004
-4	32	6	36	1096382	0	51335	48004
7	45	3	42	1106282	0	51335	48004
-6	20	1	18	1100972	0	51335	48004
6	46	3	48	1103312	0	51335	48004
4	31	2	30	1092332	0	51335	48004
5	34	4	36	1104977	0	51335	48004

2	31	3	30	1102628	0	51335	48004
2	33	1	31	1099559	0	51335	48004
0	31	6	36	1103384	0	51335	48004
-2	32	3	29	1095914	0	51335	48004
-4	31	2	30	1100621	0	51335	48004
-5	33	5	36	1104698	0	51335	48004
7	45	2	42	1103015	0	51335	48004
7	34	4	36	1108397	0	51335	48004
6	31	3	30	1108361	0	51335	48004
5	33	6	36	1092161	0	51335	48004
3	31	5	30	1096787	0	51335	48004
3	33	2	30	1100000	0	51335	48004
2	33	5	36	1099955	0	51335	48004
1	32	3	30	1092449	0	51335	48004
1	33	6	36	1115012	0	51335	48004
-1	32	4	30	1121339	0	51335	48004
-3	31	3	30	1110800	0	51335	48004
-5	31	2	30	1093862	0	51335	48004
-5	34	4	36	1072982	0	51335	48004
8	46	6	48	1063694	0	51335	48004
8	33	3	30	1074440	0	51335	48004
5	31	2	30	1062839	0	51335	48004
4	32	6	36	1041140	0	51335	48004
1	30	6	30	1024634	0	51335	48004
1	33	1	28	1015265	0	51335	48004
0	32	5	36	1017560	0	51335	48004
-2	30	5	30	1010495	0	51335	48004
-4	33	2	30	1005509	0	51335	48004
-3	34	4	36	1001846	0	51335	48004
-5	31	3	30	1002323	0	51335	48004

8	47	4	48	1013267	0	51335	48004
6	31	3	30	993638	0	51335	48004
5	31	2	30	1007714	0	51335	48004
4	34	4	36	1010828	0	51335	48004
3	32	2	30	1007975	0	51335	48004
0	30	2	30	1003862	0	51335	48004
-1	33	5	36	1004204	0	51335	48004
-1	34	1	30	996779	0	51335	48004
-2	31	6	36	1006796	0	51335	48004
-6	31	5	30	1008074	0	51335	48004
-6	33	2	30	1017866	0	51335	48004
-6	32	5	35	1026272	0	51335	48004
7	48	5	48	1055999	0	51335	48004
6	31	4	30	1072937	0	51335	48004
5	32	2	30	1083737	0	51335	48004
3	32	6	36	1084097	0	51335	48004
2	32	4	30	1095203	0	51335	48004
3	34	6	36	1107380	0	51335	48004
-1	31	5	30	1114256	0	51335	48004
-1	32	3	30	1115462	0	51335	48004
-3	31	2	30	1109720	0	51335	48004
-1	37	1	36	1112492	0	51335	48004
9	43	6	48	1102394	0	51335	48004
9	33	3	30	1114409	0	51335	48004
6	31	2	30	1102934	0	51335	48004
6	33	5	36	1109900	0	51335	48004
6	32	3	30	1101458	0	51335	48004
2	30	2	29	1098542	0	51335	48004
2	33	5	36	1101008	0	51335	48004
1	32	3	30	1097534	0	51335	48004
-1	33	1	31	1095878	0	51335	48004

-3	32	5	36	1089227	0	51335	48004
-3	32	3	30	1095572	0	51335	48004
8	45	6	48	1091522	0	51335	48004
9	34	2	30	1098938	0	51335	48004
7	31	1	30	1095824	0	51335	48004
7	34	3	36	1091693	0	51335	48004
5	31	2	30	1089713	0	51335	48004
4	32	6	36	1091018	0	51335	48004
2	32	4	30	1092530	0	51335	48004
2	34	6	36	1092701	0	51335	48004
1	31	4	29	1089902	0	51335	48004
-4	29	5	30	1094492	0	51335	48004
-1	35	6	36	1092224	0	51335	48004
-4	31	5	30	1085195	0	51335	48004
7	45	2	42	1088606	0	51335	48004
5	31	1	30	1084223	0	51335	48004
5	33	4	36	1082378	0	51335	48004
5	34	6	36	1082801	0	51335	48004
8	35	1	30	1087571	0	51335	48004
10	46	3	48	1080821	0	51335	48004
17	33	6	36	1073351	0	51335	48004
18	33	3	30	1081109	0	51335	48004
0	15	6	18	1076672	0	51335	48004
-2	31	5	30	1079984	0	51335	48004
-6	30	4	29	1079210	0	51335	48004
-4	33	1	30	1080776	0	51335	48004
7	46	3	48	1087058	0	51335	48004
7	34	5	36	1078211	0	51335	48004
6	31	4	30	1081775	0	51335	48004
4	32	2	30	1089956	0	51335	48004

3	32	6	36	1086122	0	51335	48004
2	32	4	30	1079408	0	51335	48004
0	33	1	30	1081604	0	51335	48004
-2	31	6	36	1092341	0	51335	48004
-1	33	3	30	1083188	0	51335	48004
-3	32	1	30	1083287	0	51335	48004
-4	31	5	35	1078571	0	51335	48004
-5	32	3	30	1087049	0	51335	48004
8	48	3	48	1078346	0	51335	48004
6	30	3	30	1097489	0	51335	48004
3	31	2	30	1087373	0	51335	48004
1	33	5	36	1083791	0	51335	48004
1	31	4	30	1086923	0	51335	48004
2	35	5	36	1091585	0	51335	48004
-1	31	4	30	1087373	0	51335	48004
0	34	6	36	1100666	0	51335	48004
1	34	2	30	1089191	0	51335	48004
-3	31	1	30	1087814	0	51335	48004
10	45	4	48	1078112	0	51335	48004
8	32	2	30	1080362	0	51335	48004
13	38	0	36	1088318	0	51335	48004
7	28	2	30	1092080	0	51335	48004
4	29	3	30	1085933	0	51335	48004
2	31	1	29	1088372	0	51335	48004
1	34	3	36	1096832	0	51335	48004
3	33	6	36	1092971	0	51335	48004
-1	31	5	30	1096049	0	51335	48004
-2	32	3	30	1087517	0	51335	48004
-2	32	1	30	1085816	0	51335	48004
7	49	6	54	1092989	0	51335	48004

10	33	3	30	1088093	0	51335	48004
9	31	2	30	1078994	0	51335	48004
7	32	6	36	1086320	0	51335	48004
6	31	5	30	1084934	0	51335	48004
5	32	3	30	1083431	0	51335	48004
6	36	2	35	1098830	0	51335	48004
2	28	5	31	1087472	0	51335	48004
2	33	2	30	1080092	0	51335	48004
3	35	3	36	1087544	0	51335	48004
1	31	2	30	1095140	0	51335	48004
3	35	3	36	1088507	0	51335	48004
-4	28	6	31	1083665	0	51335	48004
11	48	1	43	1089488	0	51335	48004
8	31	6	36	1086482	0	51335	48004
7	32	4	30	1086617	0	51335	48004
8	34	6	36	1087751	0	51335	48004
8	33	3	30	1092125	0	51335	48004
2	29	4	30	1082360	0	51335	48004
2	31	3	30	1085123	0	51335	48004
3	34	5	36	1088174	0	51335	48004
0	32	1	28	1085699	0	51335	48004
-1	32	5	36	1094861	0	51335	48004
-3	31	4	30	1087958	0	51335	48004
-3	33	6	35	1089830	0	51335	48004
11	48	6	48	1096706	0	51335	48004
8	30	7	31	1076303	0	51335	48004
10	36	2	31	1091180	0	51335	48004
5	28	4	30	1094519	0	51335	48004
5	33	1	30	1089713	0	51335	48004
9	38	7	44	1088417	0	51335	48004

1	25	6	24	1087733	0	51335	48004
1	33	3	30	1084493	0	51335	48004
-1	32	6	35	1095527	0	51335	48004
-4	30	6	30	1088003	0	51335	48004
-3	33	3	30	1100459	0	51335	48004
11	49	1	47	1091369	0	51335	48004
6	29	2	30	1091027	0	51335	48004
6	32	6	36	1083827	0	51335	48004
5	33	3	30	1094618	0	51335	48004
3	31	5	33	1082783	0	51335	48004
3	34	1	30	1094528	0	51335	48004
3	33	4	36	1086194	0	51335	48004
-1	29	5	30	1088561	0	51335	48004
0	34	1	30	1091153	0	51335	48004
21	55	6	60	1091009	0	51335	48004
-3	10	2	6	1098803	0	51335	48004
-4	31	1	30	1092935	0	51335	48004
8	46	3	48	1094663	0	51335	48004
8	33	6	36	1077752	0	51335	48004
6	31	5	30	1090226	0	51335	48004
6	34	1	30	1084304	0	51335	48004
6	34	3	36	1083197	0	51335	48004
2	28	4	29	1094330	0	51335	48004
4	35	5	36	1089002	0	51335	48004
1	30	5	30	1093646	0	51335	48004
1	33	2	30	1091288	0	51335	48004
-5	30	2	30	1082342	0	51335	48004
-4	32	6	36	1089380	0	51335	48004
-4	33	3	30	1097057	0	51335	48004
8	46	5	48	1092620	0	51335	48004

7	31	4	30	1091144	0	51335	48004
5	31	6	33	1087355	0	51335	48004
12	41	1	36	1090595	0	51335	48004
1	24	1	24	1088075	0	51335	48004
1	32	5	36	1092107	0	51335	48004
0	32	3	30	1088930	0	51335	48004
-2	32	1	30	1083602	0	51335	48004
-2	33	4	36	1086716	0	51335	48004
-4	32	2	30	1091369	0	51335	48004
-5	32	6	36	1091477	0	51335	48004
-4	34	2	30	1094186	0	51335	48004
7	46	3	47	1086077	0	51335	48004
8	33	6	36	1086932	0	51335	48004
3	29	1	24	1087049	0	51335	48004
4	33	3	35	1088030	0	51335	48004
3	32	1	30	1093187	0	51335	48004
2	32	5	36	1080479	0	51335	48004
1	33	2	30	1087400	0	51335	48004
0	32	6	36	1094798	0	51335	48004
-2	31	5	30	1086896	0	51335	48004
-4	33	2	30	1089443	0	51335	48004
7	44	6	48	1085249	0	51335	48004
8	34	2	30	1089614	0	51335	48004
7	34	4	36	1101791	0	51335	48004
7	32	2	30	1090262	0	51335	48004
5	31	1	30	1090487	0	51335	48004
2	31	6	36	1088498	0	51335	48004
1	32	4	30	1087400	0	51335	48004
-2	31	3	30	1085861	0	51335	48004
-2	33	5	35	1091009	0	51335	48004
-2	32	3	30	1086788	0	51335	48004

-4	31	2	30	1087787	0	51335	48004
-6	33	5	36	1089272	0	51335	48004
11	49	4	48	1093754	0	51335	48004
9	31	3	30	1089344	0	51335	48004
6	32	1	30	1094375	0	51335	48004
4	31	6	36	1086923	0	51335	48004
3	33	3	30	1085501	0	51335	48004
2	32	6	35	1091954	0	51335	48004
-1	31	5	30	1089137	0	51335	48004
0	33	2	30	1090154	0	51335	48004
-4	31	1	30	1090307	0	51335	48004
-3	34	3	36	1077833	0	51335	48004
10	45	6	48	1095077	0	51335	48004
7	31	4	29	1089614	0	51335	48004
9	34	6	36	1097768	0	51335	48004
7	31	5	30	1081415	0	51335	48004
4	32	3	30	1086149	0	51335	48004
2	31	2	30	1092161	0	51335	48004
2	33	5	36	1088228	0	51335	48004
1	33	2	30	1094186	0	51335	48004
-1	31	1	30	1089101	0	51335	48004
-3	31	6	36	1086644	0	51335	48004
-5	32	4	30	1090127	0	51335	48004
10	48	4	48	1090919	0	51335	48004
8	31	3	30	1092368	0	51335	48004
6	32	1	30	1084142	0	51335	48004
7	34	3	36	1091693	0	51335	48004
4	31	2	30	1098677	0	51335	48004
4	33	5	36	1093313	0	51335	48004
2	31	4	30	1084961	0	51335	48004

0	31	3	30	1085510	0	51335	48004
-1	33	6	36	1094897	0	51335	48004
-3	31	5	30	1095068	0	51335	48004
-2	34	1	30	1086950	0	51335	48004
-4	32	5	36	1088894	0	51335	48004
-5	32	3	30	1089686	0	51335	48004
7	45	5	47	1088768	0	51335	48004
4	32	2	29	1089002	0	51335	48004
6	33	5	36	1076672	0	51335	48004
3	31	4	30	1086410	0	51335	48004
4	34	6	36	1092062	0	51335	48004
3	32	4	30	1089434	0	51335	48004
1	31	3	30	1084664	0	51335	48004
-1	33	6	36	1089794	0	51335	48004
-2	32	4	30	1091882	0	51335	48004
-3	32	2	30	1087976	0	51335	48004
-5	32	6	36	1096355	0	51335	48004
10	47	1	42	1089002	0	51335	48004
9	32	5	36	1097444	0	51335	48004
5	31	4	30	1088984	0	51335	48004
5	33	1	30	1095248	0	51335	48004
4	32	5	36	1094357	0	51335	48004
1	30	4	29	1090091	0	51335	48004
0	32	2	30	1087850	0	51335	48004
1	34	4	36	1083836	0	51335	48004
-3	31	3	30	1095797	0	51335	48004
-3	33	6	36	1085789	0	51335	48004
-5	30	6	30	1093097	0	51335	48004
7	47	1	42	1092242	0	51335	48004
7	33	4	36	1090280	0	51335	48004

9	34	6	36	1099811	0	51335	48004
5	31	5	30	1092665	0	51335	48004
3	31	4	30	1089344	0	51335	48004
2	32	2	30	1088138	0	51335	48004
1	33	5	36	1086221	0	51335	48004
0	32	3	30	1095635	0	51335	48004
0	32	1	30	1080983	0	51335	48004
-1	34	3	36	1099631	0	51335	48004
-3	31	2	30	1074854	0	51335	48004
-2	34	4	36	1085249	0	51335	48004
6	43	2	41	1088309	0	51335	48004
8	34	4	36	1085312	0	51335	48004
6	31	3	30	1092575	0	51335	48004
5	33	6	36	1081316	0	51335	48004
3	31	5	30	1096976	0	51335	48004
2	32	3	30	1092755	0	51335	48004
29	61	1	59	1089551	0	51335	48004
1	5	2	6	1099973	0	51334	48003
-3	29	2	29	1093286	0	51335	48004
-5	32	6	36	1091945	0	51335	48004
-4	34	2	30	1093808	0	51335	48004
11	48	2	48	1097156	0	51335	48004
8	31	1	30	1085204	0	51335	48004
7	33	4	36	1094672	0	51335	48004
7	32	2	30	1089839	0	51335	48004
4	31	1	30	1089137	0	51335	48004
1	30	1	30	1087607	0	51335	48004
3	35	2	36	1091468	0	51335	48004
1	32	6	36	1088498	0	51335	48004
-2	30	6	30	1088003	0	51335	48004

-3	32	4	30	1099280	0	51335	48004
-5	33	4	33	1094870	0	51335	48004
9	46	6	48	1089533	0	51335	48004
10	34	1	29	1091963	0	51335	48004
7	30	1	30	1092737	0	51335	48004
7	34	3	36	1091558	0	51335	48004
6	31	2	30	1094870	0	51335	48004
2	30	2	30	1089479	0	51335	48004
2	33	5	36	1097327	0	51335	48004
2	33	2	30	1090298	0	51335	48004
-1	32	6	36	1082396	0	51335	48004
-1	32	4	30	1081901	0	51335	48004
-2	32	2	30	1094924	0	51335	48004
-5	32	6	36	1091018	0	51335	48004
-6	31	5	30	1091675	0	51335	48004
7	47	6	48	1103357	0	51335	48004
7	34	2	30	1095473	0	51335	48004
5	31	1	30	1093178	0	51335	48004
5	33	4	36	1097030	0	51335	48004
3	32	2	30	1086383	0	51335	48004
1	31	1	30	1100657	0	51335	48004
2	33	4	36	1090982	0	51335	48004
-2	30	3	29	1088336	0	51335	48004
-3	32	1	30	1092044	0	51335	48004
-3	33	4	36	1088696	0	51335	48004
-5	32	2	30	1087877	0	51335	48004
8	47	3	48	1088966	0	51335	48004
7	31	2	30	1092953	0	51335	48004
5	33	5	36	1079615	0	51335	48004
4	31	4	30	1089695	0	51335	48004
3	32	2	30	1081685	0	51335	48004

1	33	5	36	1091963	0	51335	48004
-1	31	4	30	1089524	0	51335	48004
0	33	1	30	1088345	0	51335	48004
-3	32	5	36	1078517	0	51335	48004
-4	32	3	30	1098479	0	51335	48004
-4	33	6	36	1085780	0	51335	48004
11	48	5	47	1100522	0	51335	48004
8	30	5	30	1088138	0	51335	48004
7	33	2	30	1090181	0	51335	48004
4	31	1	30	1092260	0	51335	48004
1	30	1	30	1089452	0	51335	48004
1	33	4	36	1090676	0	51335	48004
-1	32	2	30	1096724	0	51335	48004
-1	32	6	36	1090433	0	51335	48004
-2	32	4	30	1089200	0	51335	48004
-5	32	2	30	1081712	0	51335	48004
-4	33	5	36	1085924	0	51335	48004
9	47	6	48	1093691	0	51335	48004
6	31	5	30	1089407	0	51335	48004
8	35	6	36	1092962	0	51335	48004
6	31	5	30	1090289	0	51335	48004
4	32	3	30	1097543	0	51335	48004
3	32	5	34	1088480	0	51335	48004
1	32	3	30	1097003	0	51335	48004
-2	31	2	30	1104680	0	51335	48004
-4	31	1	30	1105760	0	51335	48004
-2	34	3	36	1107218	0	51335	48004
-4	32	1	30	1105031	0	51335	48004
-6	31	6	36	1098020	0	51335	48004

9	48	6	48	1109504	0	51335	48004
6	32	6	32	1125776	0	51335	48004
5	32	4	30	1124066	0	51335	48004
4	31	3	30	1119755	0	51335	48004
0	31	1	29	1123796	0	51335	48004
2	34	3	36	1120853	0	51335	48004
0	31	2	30	1122995	0	51335	48004
-2	33	4	35	1114229	0	51335	48004
-1	32	2	30	1116992	0	51335	48004
-1	33	5	36	1113806	0	51335	48004
7	43	4	42	1116596	0	51335	48004
7	33	1	30	1125182	0	51335	48004
7	33	4	36	1124291	0	51335	48004
5	32	2	30	1118531	0	51335	48004
6	33	5	36	1099064	0	51335	48004
4	31	4	30	1069085	0	51335	48004
0	31	3	30	1055450	0	51335	48004
1	33	0	30	1038116	0	51335	48004
-1	31	5	36	1024409	0	51335	48004
5	47	6	48	1010900	0	51335	48004
11	33	3	30	998642	0	51335	48004
-7	15	6	18	989966	0	51335	48004
-7	34	2	30	992468	0	51335	48004
8	48	2	48	988310	0	51335	48004
6	31	1	30	987221	0	51335	48004
5	32	4	35	989138	0	51335	48004
1	29	5	30	989075	0	51335	48004
0	32	3	30	988913	0	51335	48004
0	34	5	36	992252	0	51335	48004
-2	31	4	30	988670	0	51335	48004
-3	32	2	30	990965	0	51335	48004

-5	33	5	36	993467	0	51335	48004
-6	31	4	30	990191	0	51335	48004
-5	34	6	36	995735	0	51335	48004
6	46	2	42	988148	0	51335	48004
5	32	6	36	988247	0	51335	48004
6	33	3	30	982118	0	51335	48004
4	33	6	36	987959	0	51335	48004
1	30	5	29	987392	0	51335	48004
2	33	2	30	988535	0	51335	48004
1	33	5	36	984098	0	51335	48004
-2	30	5	30	984845	0	51335	48004
-2	33	2	30	983450	0	51335	48004
-5	31	1	30	985007	0	51335	48004
-7	31	6	36	984287	0	51335	48004
-7	33	3	30	980507	0	51335	48004
6	47	4	48	979418	0	51335	48004
6	33	1	30	978761	0	51335	48004
5	32	5	36	988859	0	51335	48004
3	33	2	30	991505	0	51335	48004
-1	29	3	30	995933	0	51335	48004
2	35	4	36	996761	0	51335	48004
-3	30	4	30	998534	0	51335	48004
-3	33	1	30	989102	0	51335	48004
-4	31	5	35	1003115	0	51335	48004
-5	33	2	30	1016174	0	51335	48004
-6	32	6	36	1019504	0	51335	48004
8	47	1	42	1021727	0	51335	48004
6	32	5	36	1026956	0	51335	48004
6	33	2	30	1032140	0	51335	48004
4	31	1	30	1040834	0	51335	48004

2	32	5	36	1049006	0	51335	48004
0	32	3	30	1053506	0	51335	48004
1	33	6	36	1052327	0	51335	48004
-2	31	5	30	1066889	0	51335	48004
-2	33	2	30	1060130	0	51335	48004
-3	32	6	36	1050563	0	51335	48004
10	48	6	48	1055549	0	51335	48004
8	31	5	30	1047269	0	51335	48004
9	34	1	30	1043840	0	51335	48004
5	30	1	30	1049015	0	51335	48004
5	33	4	36	1051994	0	51335	48004
3	31	3	30	1060625	0	51335	48004
1	31	1	29	1051319	0	51335	48004
1	33	4	36	1071641	0	51335	48004
-1	31	3	30	1083485	0	51335	48004
-1	34	5	36	1091144	0	51335	48004
-1	33	2	30	1096130	0	51335	48004
-4	31	1	30	1097183	0	51335	48004
-6	32	5	36	1096544	0	51335	48004
8	47	6	48	1098326	0	51335	48004
6	31	5	30	1102079	0	51335	48004
6	34	1	30	1098848	0	51335	48004
3	30	1	30	1100675	0	51335	48004
4	33	4	36	1098713	0	51335	48004
1	32	2	30	1099208	0	51335	48004
1	33	5	36	1100036	0	51335	48004
0	32	2	29	1101008	0	51335	48004
-2	31	1	30	1102034	0	51335	48004
-2	33	4	36	1097516	0	51335	48004
-5	30	4	30	1093340	0	51335	48004

7	47	5	48	1097417	0	51335	48004
6	32	3	30	1097957	0	51335	48004
6	33	5	35	1104473	0	51335	48004
4	31	4	30	1095851	0	51335	48004
5	34	6	36	1090388	0	51335	48004
3	31	5	30	1095815	0	51335	48004
2	33	2	30	1091522	0	51335	48004
0	31	1	30	1089137	0	51335	48004
-1	33	4	36	1103528	0	51335	48004
-3	32	2	30	1098506	0	51335	48004
-4	32	6	36	1100783	0	51335	48004
-5	32	4	30	1102358	0	51335	48004
7	46	5	47	1103987	0	51335	48004
6	31	4	30	1102448	0	51335	48004
4	32	2	30	1116461	0	51335	48004
5	34	4	36	1098587	0	51335	48004
3	32	2	30	1103042	0	51335	48004
3	32	6	36	1101890	0	51335	48004
1	32	4	30	1101557	0	51335	48004
-1	32	2	30	1098110	0	51335	48004
-3	30	2	30	1099190	0	51335	48004
-5	32	6	36	1103537	0	51335	48004
-3	35	1	30	1100630	0	51335	48004
9	46	3	48	1096085	0	51335	48004
6	31	2	30	1094195	0	51335	48004
6	33	5	36	1099685	0	51335	48004
4	31	4	30	1094051	0	51335	48004
4	34	6	36	1099838	0	51335	48004
2	31	5	30	1099145	0	51335	48004
0	30	4	29	1099190	0	51335	48004

1	35	5	36	1103726	0	51335	48004
-1	31	5	31	1109207	0	51335	48004
-2	32	3	30	1110422	0	51335	48004
-4	32	1	30	1112348	0	51335	48004
-5	32	5	36	1115984	0	51335	48004
9	48	5	48	1119125	0	51335	48004
7	32	3	30	1119593	0	51335	48004
5	31	2	30	1117694	0	51335	48004
6	34	4	36	1116551	0	51335	48004
1	29	5	30	1112672	0	51335	48004
0	32	3	30	1105319	0	51335	48004
1	34	5	36	1094168	0	51335	48004
-1	32	3	30	1094465	0	51335	48004
-2	32	1	30	1100198	0	51335	48004
-3	31	6	36	1084142	0	51335	48004
-5	33	3	30	1050698	0	51335	48004
8	45	6	48	1028837	0	51335	48004
8	33	3	30	1043516	0	51335	48004
4	30	2	29	1040033	0	51335	48004
4	33	5	36	1045064	0	51335	48004
5	34	1	30	1051067	0	51335	48004
0	30	1	30	1058366	0	51335	48004
1	33	4	36	1067042	0	51335	48004
0	32	2	30	1065881	0	51335	48004
-2	32	6	36	1076735	0	51335	48004
-2	33	3	30	1075115	0	51335	48004
-5	31	2	30	1081802	0	51335	48004
10	48	2	48	1089362	0	51335	48004
7	30	2	30	1093448	0	51335	48004
8	34	4	36	1100594	0	51335	48004
5	31	3	30	1111583	0	51335	48004

4	32	1	30	1101350	0	51335	48004
5	34	3	36	1102448	0	51335	48004
0	30	3	30	1095824	0	51335	48004
-1	31	2	30	1098722	0	51335	48004
1	35	3	36	1096022	0	51335	48004
-4	30	3	30	1104311	0	51335	48004
-4	32	1	30	1097651	0	51335	48004
-5	33	4	36	1094033	0	51335	48004
10	48	3	47	1102322	0	51335	48004
9	32	1	30	1093412	0	51335	48004
6	30	1	30	1101620	0	51335	48004
3	31	6	36	1095095	0	51335	48004
2	32	4	30	1083089	0	51335	48004
2	33	1	30	1078976	0	51335	48004
1	33	4	36	1076474	0	51335	48004
0	32	2	30	1074242	0	51335	48004
-2	31	1	30	1065881	0	51335	48004
-4	33	3	35	1060922	0	51335	48004
9	45	6	48	1056152	0	51335	48004
10	34	2	30	1050977	0	51335	48004
5	29	3	30	1042382	0	51335	48004
3	32	1	30	1013843	0	51335	48004
4	32	5	36	991865	0	51335	48004
2	33	2	30	991082	0	51335	48004
7	38	6	42	1001891	0	51335	48004
1	27	3	24	1043786	0	51335	48004
1	35	4	36	1050752	0	51335	48004
-1	30	4	30	1053119	0	51335	48004
-4	31	3	30	1050077	0	51335	48004
-6	32	1	30	1055360	0	51335	48004

10	48	6	53	1058420	0	51335	48004
9	32	4	30	1056728	0	51335	48004
5	30	4	30	1047710	0	51335	48004
4	32	2	30	1038971	0	51335	48004
3	31	1	30	1039322	0	51335	48004
2	33	4	36	1031312	0	51335	48004
1	32	2	30	1034309	0	51335	48004
-1	32	6	36	1030241	0	51335	48004
-2	33	3	30	1028630	0	51335	48004
-5	30	3	30	1024274	0	51335	48004
-6	32	1	30	1020035	0	51335	48004
-5	35	2	36	1032554	0	51335	48004
9	47	3	48	1021547	0	51335	48004
7	31	2	30	1026389	0	51335	48004
5	32	6	36	1016813	0	51335	48004
5	33	3	30	1020602	0	51335	48004
5	33	6	36	1016849	0	51335	48004
1	30	6	30	1021889	0	51335	48004
-1	31	5	30	1025849	0	51335	48004
-2	32	3	30	1028729	0	51335	48004
-3	33	6	36	1030628	0	51335	48004
-3	33	3	30	1030889	0	51335	48004
-3	33	6	36	1040114	0	51335	48004
-7	30	5	29	1038854	0	51335	48004
8	48	5	48	1039826	0	51335	48004
6	32	3	30	1052201	0	51335	48004
6	33	1	31	1050734	0	51335	48004
6	33	4	36	1055189	0	51335	48004
5	31	3	30	1053461	0	51335	48004
0	30	2	29	1065458	0	51335	48004

-1	32	6	36	1055063	0	51335	48004
-2	32	4	30	1060724	0	51335	48004
-2	34	5	35	1074611	0	51335	48004
-4	31	4	30	1089569	0	51335	48004
9	47	5	48	1103195	0	51335	48004
8	32	2	29	1125047	0	51335	48004
5	30	2	30	1112465	0	51335	48004
5	33	5	36	1125182	0	51335	48004
2	31	3	29	1124984	0	51335	48004
1	32	1	30	1122563	0	51335	48004
1	32	5	36	1125380	0	51335	48004
1	35	6	36	1124057	0	51335	48004
-2	30	6	30	1126604	0	51335	48004
-4	31	5	30	1118972	0	51335	48004
-5	33	2	30	1114310	0	51335	48004
11	49	1	48	1113077	0	51335	48004
7	30	1	30	1115840	0	51335	48004
9	35	2	36	1113554	0	51335	48004
5	30	2	30	1107389	0	51335	48004
4	31	6	35	1105985	0	51335	48004
3	32	4	30	1096571	0	51335	48004
2	32	2	30	1105292	0	51335	48004
1	32	6	36	1118432	0	51335	48004
-2	32	4	30	1106138	0	51335	48004
-3	32	2	30	1104356	0	51335	48004
-3	32	6	36	1108010	0	51335	48004
-5	33	3	30	1113563	0	51335	48004
-6	32	1	30	1104653	0	51335	48004
8	47	2	48	1097390	0	51335	48004
7	33	5	36	1114031	0	51335	48004

5	31	4	30	1109810	0	51335	48004
4	32	2	30	1107470	0	51335	48004
0	30	2	30	1103159	0	51335	48004
1	34	4	36	1106588	0	51335	48004
0	32	2	30	1101044	0	51335	48004
-4	31	1	30	1116020	0	51335	48004
-4	32	5	36	1107020	0	51335	48004
-4	33	2	30	1106912	0	51335	48004
9	48	2	48	1099343	0	51335	48004
9	32	0	30	1108082	0	51335	48004
8	33	3	36	1110710	0	51335	48004
5	31	1	29	1107956	0	51335	48004
6	32	5	36	1115885	0	51335	48004
5	32	3	30	1107821	0	51335	48004
1	31	2	30	1100531	0	51335	48004
0	31	1	30	1114625	0	51335	48004
1	34	3	36	1112969	0	51335	48004
-5	29	4	30	1109675	0	51335	48004
-5	33	1	30	1114292	0	51335	48004
-4	34	3	36	1103456	0	51335	48004
19	57	6	60	1110881	0	51335	48004
-3	12	6	12	1113095	0	51335	48004
6	40	2	36	1108703	0	51335	48004
5	34	4	36	1102781	0	51335	48004
4	32	2	30	1107317	0	51335	48004
4	33	5	36	1112051	0	51335	48004
1	31	5	31	1106993	0	51335	48004
0	32	3	30	1104698	0	51335	48004
-2	31	2	30	1105346	0	51335	48004
3	40	4	42	1104626	0	51335	48004

10	40	0	36	1106858	0	51335	48004
9	31	4	35	1103906	0	51335	48004
8	32	2	30	1105382	0	51335	48004
9	35	3	36	1111358	0	51335	48004
6	30	3	30	1109225	0	51335	48004
3	31	2	30	1106111	0	51335	48004
3	33	5	36	1114238	0	51335	48004
4	33	2	30	1107515	0	51335	48004
0	31	1	30	1100153	0	51335	48004
-1	31	6	36	1105733	0	51335	48004
-3	31	5	30	1097318	0	51335	48004
10	49	4	48	1101413	0	51335	48004
9	32	2	30	1107263	0	51335	48004
8	31	1	30	1109378	0	51335	48004
7	33	4	36	1105409	0	51335	48004
7	32	2	30	1108937	0	51335	48004
6	33	5	36	1109837	0	51335	48004
4	32	3	30	1112654	0	51335	48004
2	31	2	30	1104698	0	51335	48004
2	33	5	36	1101161	0	51335	48004
-1	31	4	30	1109495	0	51335	48004
-3	31	3	30	1108766	0	51335	48004
-3	33	6	36	1104113	0	51335	48004
-6	32	4	30	1105400	0	51335	48004
8	47	5	48	1110035	0	51335	48004
7	31	3	29	1108289	0	51335	48004
7	34	5	36	1097930	0	51335	48004
6	31	4	30	1104734	0	51335	48004
4	31	3	30	1104923	0	51335	48004
2	33	6	36	1108361	0	51335	48004

1	31	5	30	1103537	0	51335	48004
1	34	5	34	1106300	0	51335	48004
-1	31	4	30	1105040	0	51335	48004
-1	33	1	30	1106030	0	51335	48004
-3	32	5	36	1109000	0	51335	48004
-5	32	3	30	1111772	0	51335	48004
10	49	2	48	1108397	0	51335	48004
9	32	6	36	1107218	0	51335	48004
7	31	5	30	1111736	0	51335	48004
6	32	3	30	1109333	0	51335	48004
4	31	2	30	1112618	0	51335	48004
3	33	5	36	1110521	0	51335	48004
2	32	3	30	1113320	0	51335	48004
0	31	2	30	1108136	0	51335	48004
-3	31	1	30	1105967	0	51335	48004
-3	33	4	36	1103339	0	51335	48004
-4	31	2	29	1108055	0	51335	48004
-5	33	5	36	1111061	0	51335	48004
3	47	5	47	1110629	0	51335	48004
7	31	4	30	1103744	0	51335	48004
6	34	6	36	1097453	0	51335	48004
4	31	5	30	1108640	0	51335	48004
3	31	4	30	1106579	0	51335	48004
0	31	3	30	1110233	0	51335	48004
-1	33	6	36	1103204	0	51335	48004
0	34	2	30	1103834	0	51335	48004
-4	30	2	30	1102898	0	51335	48004
-3	34	4	36	1118234	0	51335	48004
-4	31	3	30	1100144	0	51335	48004
10	49	2	48	1109693	0	51335	48004
8	31	1	30	1108289	0	51335	48004

8	33	4	36	1102412	0	51335	48004
5	31	3	30	1110179	0	51335	48004
3	31	2	30	1108496	0	51335	48004
2	32	6	36	1109081	0	51335	48004
2	34	2	30	1108334	0	51335	48004
1	32	6	36	1106498	0	51335	48004
1	33	3	30	1108289	0	51335	48004
0	33	6	36	1109072	0	51335	48004
-5	29	1	24	1098974	0	51335	48004
173	209	1	209	1105049	0	51335	48004
144	6	1	6	1108559	0	51335	48004
117	6	1	6	1108685	0	51335	48004
90	5	2	6	1107749	0	51335	48004
60	5	3	6	1109693	0	51335	48004
32	5	4	6	1107533	0	51335	48004
4	6	4	6	1107110	0	51335	48004
1	30	4	30	1108127	0	51335	48004
-1	31	3	30	1108352	0	51335	48004
-3	31	2	30	1110566	0	51335	48004
-3	33	5	36	1109180	0	51335	48004
2	38	3	36	1106579	0	51335	48004
-5	26	1	24	1110638	0	51335	48004
8	48	1	48	1113653	0	51335	48004
8	33	4	36	1115966	0	51335	48004
7	32	2	30	1105742	0	51335	48004
3	32	5	35	1109504	0	51335	48004
4	33	2	30	1100270	0	51335	48004
1	32	6	36	1111025	0	51335	48004
2	34	2	30	1111088	0	51335	48004
-3	29	3	30	1099712	0	51335	48004

-3	33	6	36	1108289	0	51335	48004
4	55	5	54	1112582	0	51335	48004
3	25	4	24	1117190	0	51335	48004
7	28	6	30	1108739	0	51335	48004
8	34	2	30	1104698	0	51335	48004
6	31	1	30	1105184	0	51335	48004
4	31	5	35	1102700	0	51335	48004
1	31	4	30	1103303	0	51335	48004
4	35	5	36	1101152	0	51335	48004
3	32	3	30	1098011	0	51335	48004
2	33	6	36	1099307	0	51335	48004
-1	31	5	30	1108766	0	51335	48004
-4	30	5	30	1106381	0	51335	48004
-4	34	1	30	1103393	0	51335	48004
9	46	3	48	1103060	0	51335	48004
9	33	0	30	1104239	0	51335	48004
7	33	3	36	1098722	0	51335	48004
5	30	3	30	1102016	0	51335	48004
5	33	6	36	1111151	0	51335	48004
2	31	5	30	1097561	0	51335	48004
0	32	3	30	1103888	0	51335	48004
-1	31	2	30	1102619	0	51335	48004
-1	34	4	36	1109054	0	51335	48004
-3	31	3	30	1105193	0	51335	48004
-4	32	1	30	1103348	0	51335	48004
-5	33	4	36	1107623	0	51335	48004
10	48	4	48	1109531	0	51335	48004
9	32	2	30	1108775	0	51335	48004
6	33	5	36	1111754	0	51335	48004
6	32	3	30	1111169	0	51335	48004

4	29	3	29	1119242	0	51335	48004
1	32	1	30	1114895	0	51335	48004
5	36	1	36	1106147	0	51335	48004
-2	29	2	30	1104455	0	51335	48004
-1	32	6	36	1106426	0	51335	48004
-4	31	5	30	1101287	0	51335	48004
-3	33	2	30	1109351	0	51335	48004
10	48	2	48	1107389	0	51335	48004
8	31	1	30	1109684	0	51335	48004
8	33	4	36	1105670	0	51335	48004
5	31	3	30	1102124	0	51335	48004
3	31	2	30	1104005	0	51335	48004
3	33	5	36	1106651	0	51335	48004
1	32	3	30	1105940	0	51335	48004
0	32	1	30	1103339	0	51335	48004
0	33	4	36	1104113	0	51335	48004
-2	32	2	30	1110512	0	51335	48004
-4	31	1	30	1109540	0	51335	48004
-5	32	5	36	1108019	0	51335	48004
11	50	3	48	1114436	0	51335	48004
7	29	4	30	1105094	0	51335	48004
6	33	1	30	1104500	0	51335	48004
174	202	2	203	1105085	0	51335	48004
149	7	1	6	1111331	0	51335	48004
122	6	1	6	1119458	0	51335	48004
93	5	2	6	1105751	0	51335	48004
64	4	4	6	1109099	0	51335	48004
36	5	5	6	1106570	0	51335	48004
30	29	6	30	1108874	0	51335	48004
4	6	6	6	1112096	0	51334	48003

-4	24	6	24	1104194	0	51335	48004
7	46	2	42	1100018	0	51335	48004
7	33	5	36	1107020	0	51335	48004
12	38	3	36	1107749	0	51335	48004
5	28	5	30	1103816	0	51335	48004
5	32	3	30	1105913	0	51335	48004
5	33	0	30	1118702	0	51335	48004
2	31	5	36	1107479	0	51335	48004
-1	30	5	30	1107974	0	51335	48004
0	33	1	29	1106714	0	51335	48004
-3	32	5	36	1103204	0	51335	48004
-5	32	3	30	1110629	0	51335	48004
9	46	5	48	1109360	0	51335	48004
9	34	1	30	1105499	0	51335	48004
7	31	6	36	1111817	0	51335	48004
9	35	1	30	1110089	0	51335	48004
2	28	2	29	1109000	0	51335	48004
4	33	5	36	1100504	0	51335	48004
1	31	4	30	1110242	0	51335	48004
-1	32	2	30	1110638	0	51335	48004
-2	32	6	36	1105373	0	51335	48004
-1	34	2	30	1108766	0	51335	48004
-4	31	1	30	1103321	0	51335	48004
-6	32	5	36	1099028	0	51335	48004
-5	33	2	30	1105976	0	51335	48004
5	45	5	48	1103852	0	51335	48004
8	35	0	30	1107056	0	51335	48004
6	31	5	36	1106462	0	51335	48004
3	32	3	30	1110701	0	51335	48004
4	33	6	36	1107047	0	51335	48004

2	32	4	30	1109396	0	51335	48004
-3	29	5	30	1104761	0	51335	48004
-1	35	6	36	1101746	0	51335	48004
-1	33	3	30	1106633	0	51335	48004
-5	30	3	30	1103375	0	51335	48004
-6	32	1	30	1109486	0	51335	48004
-5	34	3	36	1109126	0	51335	48004
5	45	5	47	1106903	0	51335	48004
6	32	3	30	1111610	0	51335	48004
5	32	1	30	1109036	0	51335	48004
2	31	6	36	1107965	0	51335	48004
3	34	2	30	1106543	0	51335	48004
2	32	6	36	1111790	0	51335	48004
0	32	4	30	1106696	0	51335	48004
-2	33	1	30	1109450	0	51335	48004
-4	29	2	30	1108658	0	51335	48004
10	49	1	48	1111673	0	51335	48004
10	33	4	36	1104581	0	51335	48004
9	32	2	30	1116965	0	51335	48004
5	31	1	30	1105670	0	51335	48004
5	32	5	36	1109495	0	51335	48004
4	32	3	30	1110044	0	51335	48004
3	33	6	36	1116191	0	51335	48004
2	32	4	30	1107578	0	51335	48004
1	31	3	30	1109648	0	51335	48004
-2	32	1	30	1106471	0	51335	48004
-4	31	6	36	1103870	0	51335	48004
-6	31	5	30	1108883	0	51335	48004
9	50	3	48	1108280	0	51335	48004
9	32	1	30	1116128	0	51335	48004

7	31	5	35	1108298	0	51335	48004
6	32	3	30	1110422	0	51335	48004
5	32	1	30	1110035	0	51335	48004
3	31	6	36	1106354	0	51335	48004
0	32	4	30	1105796	0	51335	48004
-1	32	2	30	1109864	0	51335	48004
1	34	4	36	1104815	0	51335	48004
-3	31	3	30	1113221	0	51335	48004
-4	31	2	30	1093916	0	51335	48004
-4	33	5	36	1111493	0	51335	48004
-6	32	3	30	1106138	0	51335	48004
8	47	4	48	1104788	0	51335	48004
7	32	2	30	1107578	0	51335	48004
6	33	4	35	1118279	0	51335	48004
3	31	3	30	1109297	0	51335	48004
2	31	2	30	1110854	0	51335	48004
0	33	5	36	1115066	0	51335	48004
0	32	3	30	1119089	0	51335	48004
-1	32	7	36	1110692	0	51335	48004
-3	32	4	29	1108307	0	51335	48004
-5	31	3	30	1098956	0	51335	48004
10	48	3	48	1108325	0	51335	48004
9	32	1	30	1110593	0	51335	48004
5	31	5	35	1106786	0	51335	48004
8	34	1	30	1106183	0	51335	48004
3	30	1	30	1107713	0	51335	48004
3	33	4	36	1110701	0	51335	48004
1	31	3	30	1108901	0	51335	48004
-2	31	2	30	1114553	0	51335	48004
-1	34	4	36	1109162	0	51335	48004
-1	33	1	30	1102529	0	51335	48004

-4	32	5	36	1110053	0	51335	48004
-4	32	3	30	1110458	0	51335	48004
-4	34	5	36	1117100	0	51335	48004
7	45	2	42	1121978	0	51335	48004
6	32	5	35	1113707	0	51335	48004
5	32	3	30	1104437	0	51335	48004
1	32	1	30	1110458	0	51335	48004
1	31	6	36	1107542	0	51335	48004
0	32	4	30	1107389	0	51335	48004
-1	32	1	29	1106165	0	51335	48004
-2	32	5	36	1107182	0	51335	48004
-2	32	3	30	1113428	0	51335	48004
-6	31	2	30	1109594	0	51335	48004
8	47	3	48	1106669	0	51335	48004
7	33	6	36	1109783	0	51335	48004
7	33	3	30	1104833	0	51335	48004
6	32	1	30	1108559	0	51335	48004
4	31	6	36	1107587	0	51335	48004
2	33	3	30	1101386	0	51335	48004
1	32	1	30	1104203	0	51335	48004
1	33	4	36	1107443	0	51335	48004
-2	31	3	30	1102025	0	51335	48004
-2	32	1	30	1106309	0	51335	48004
-1	34	3	36	1107911	0	51335	48004
10	45	6	48	1102223	0	51335	48004
30	55	5	54	1109099	0	51335	48004
11	12	5	12	1111484	0	51335	48004
9	33	2	30	1099514	0	51335	48004
5	30	2	30	1101836	0	51335	48004
5	32	6	36	1111907	0	51335	48004

3	32	3	29	1102304	0	51335	48004
2	32	1	30	1110962	0	51335	48004
0	30	6	35	1104671	0	51335	48004
-2	32	4	30	1104986	0	51335	48004
-3	32	2	30	1103303	0	51335	48004
-4	32	6	36	1104842	0	51335	48004
9	48	6	48	1105175	0	51335	48004
7	31	5	30	1107857	0	51335	48004
7	32	3	30	1111538	0	51335	48004
5	32	1	30	1108838	0	51335	48004
2	31	6	36	1099145	0	51335	48004
4	35	1	30	1104302	0	51335	48004
0	31	6	36	1105301	0	51335	48004
-1	31	5	30	1109297	0	51335	48004
-1	32	3	30	1101584	0	51335	48004
-3	32	1	30	1099001	0	51335	48004
-3	33	4	36	1099955	0	51335	48004
-5	32	2	30	1099073	0	51335	48004
9	48	1	47	1106039	0	51335	48004

