DelayToEnqueue	DeltaEnqueue	QueueDelay	DeltaDequeue	FrameSize	Buffer	RemotePort	LocalPort
-20	0	5	0	449669	1	51348	48004
-32	2	9	6	449840	0	51347	48003
-21	44	1	36	450308	0	51348	48004
-25	29	2	30	450254	0	51348	48004
-23	35	3	36	449975	0	51348	48004
-25	32	1	30	449651	0	51348	48004
-26	32	5	36	449948	0	51348	48004
-30	29	6	30	450164	0	51348	48004
-33	32	4	30	450110	0	51348	48004
-30	35	5	36	450056	0	51348	48004
-34	28	6	29	450011	0	51348	48004
-34	34	2	30	450227	0	51348	48004
-19	48	2	48	449705	0	51348	48004
-34	18	2	18	449516	0	51348	48004
-34	34	4	36	449255	0	51348	48004
-21	46	6	48	448922	0	51348	48004
-23	32	4	30	449057	0	51348	48004
-28	28	6	30	448742	0	51348	48004
-25	36	6	36	447473	0	51348	48004
-29	30	6	30	445142	0	51348	48004
-33	29	1	24	442100	0	51348	48004
-34	32	5	36	438662	0	51348	48004
-33	34	1	30	433343	0	51348	48004
-35	32	5	36	427223	0	51348	48004
-21	47	6	48	420491	0	51348	48004
-35	19	5	18	412472	0	51348	48004
-36	33	2	30	403589	0	51348	48004
-21	48	2	48	393554	0	51348	48004
-23	31	1	30	384698	0	51348	48004

-26	31	6	36	376202	0	51348	48004
-26	34	2	30	369371	0	51348	48004
-26	32	6	36	362369	0	51348	48004
-28	32	4	30	355304	0	51348	48004
-33	28	6	30	350795	0	51348	48004
-31	36	0	30	350381	0	51348	48004
-33	31	4	35	344036	0	51348	48004
-33	32	2	30	329897	0	51348	48004
-26	48	2	48	310898	0	51348	48004
-27	26	6	30	292403	0	51348	48004
-28	32	4	30	272171	0	51348	48004
-25	35	5	36	251957	0	51348	48004
-29	30	5	30	235514	0	51348	48004
-30	32	3	30	229520	0	51348	48004
-29	34	5	36	228845	0	51348	48004
-34	30	5	30	231329	0	51348	48004
-32	34	1	30	234020	0	51348	48004
-31	34	3	36	240428	0	51348	48004
-34	32	1	30	253820	0	51348	48004
-34	33	4	36	267023	0	51348	48004
-37	30	4	30	277958	0	51348	48004
-26	45	1	42	289172	0	51348	48004
-23	36	1	36	302852	0	51348	48004
-28	28	2	29	320240	0	51348	48004
-26	36	2	36	335189	0	51348	48004
-27	32	6	36	350075	0	51348	48004
-31	29	1	24	364268	0	51348	48004
-34	31	6	36	375815	0	51348	48004
-32	36	6	36	384041	0	51348	48004
-31	33	3	30	391520	0	51348	48004
-37	28	4	29	400943	0	51348	48004

-35	35	5	36	408638	0	51348	48004
-35	33	2	30	418052	0	51348	48004
-24	46	4	48	422579	0	51348	48004
-23	33	1	30	420779	0	51348	48004
-27	29	2	30	416882	0	51348	48004
-28	33	5	36	397784	0	51348	48004
-28	33	2	30	418583	0	51348	48004
-30	31	1	30	430013	0	51348	48004
-35	29	2	30	434360	0	51348	48004
-32	36	2	36	439382	0	51348	48004
-31	34	4	36	446393	0	51348	48004
-32	33	1	30	450533	0	51348	48004
-36	30	1	30	454619	0	51348	48004
-20	49	6	54	458057	0	51348	48004
-22	32	4	30	462206	0	51348	48004
-26	29	5	30	466040	0	51348	48004
-26	33	2	30	468830	0	51348	48004
-27	32	6	36	470207	0	51348	48004
-28	33	3	30	470405	0	51348	48004
-31	30	2	29	469433	0	51348	48004
-32	33	5	36	468056	0	51348	48004
-31	33	2	30	466031	0	51348	48004
-34	30	2	30	464159	0	51348	48004
-19	49	1	48	462107	0	51348	48004
-19	33	4	36	460523	0	51348	48004
-22	30	4	30	459254	0	51348	48004
-23	33	1	30	457553	0	51348	48004
-23	33	4	36	455132	0	51348	48004
-25	31	3	30	452162	0	51348	48004
-27	32	1	30	448328	0	51348	48004

-29	31	6	36	445601	0	51348	48004
-33	29	1	24	442955	0	51348	48004
-31	36	1	36	437816	0	51348	48004
-31	33	4	36	441740	0	51348	48004
-34	30	4	30	446564	0	51348	48004
-34	35	5	36	451118	0	51348	48004
-36	31	4	30	455852	0	51348	48004
-23	46	6	48	459956	0	51348	48004
-24	33	3	30	463682	0	51348	48004
-25	32	6	35	466742	0	51348	48004
-25	32	4	30	469820	0	51348	48004
-33	26	2	24	472520	0	51348	48004
-30	36	2	36	475040	0	51348	48004
-34	29	3	30	477803	0	51348	48004
-32	36	3	36	480971	0	51348	48004
-32	33	6	36	484661	0	51348	48004
-33	32	4	30	487712	0	51348	48004
-24	43	3	42	490502	0	51348	48004
-21	36	3	36	493985	0	51348	48004
-20	34	5	36	496883	0	51348	48004
-25	29	6	30	499601	0	51348	48004
-29	29	1	24	503183	0	51348	48004
-28	35	2	36	506891	0	51348	48004
-29	33	5	36	511994	0	51348	48004
-28	33	2	30	517511	0	51348	48004
-31	30	2	30	525575	0	51348	48004
-34	32	6	36	533324	0	51348	48004
-32	35	1	30	543188	0	51348	48004
-34	31	6	36	554663	0	51348	48004
-34	34	2	30	568973	0	51348	48004

-22	45	5	48	583265	0	51348	48004
-24	31	4	30	599033	0	51348	48004
-28	30	3	29	613424	0	51348	48004
-31	30	3	30	625943	0	51348	48004
-27	36	3	36	635177	0	51348	48004
-29	33	6	36	641027	0	51348	48004
-31	30	6	30	643385	0	51348	48004
-34	30	6	30	644132	0	51348	48004
-32	37	5	36	643619	0	51348	48004
-33	32	3	30	641828	0	51348	48004
-19	47	4	48	638768	0	51348	48004
-21	32	2	30	636014	0	51348	48004
-24	30	2	30	570575	0	51348	48004
-24	33	5	36	566507	0	51348	48004
-24	34	1	30	563096	0	51348	48004
-27	30	1	30	559460	0	51348	48004
-26	33	4	36	553187	0	51348	48004
-30	31	3	30	545384	0	51348	48004
-30	33	6	36	538589	0	51348	48004
-31	32	4	30	530300	0	51348	48004
-18	47	5	48	521255	0	51348	48004
-34	17	6	18	511274	0	51348	48004
-34	33	3	30	500465	0	51348	48004
-21	46	4	47	490187	0	51348	48004
-23	31	3	30	479369	0	51348	48004
-26	30	3	30	469739	0	51348	48004
-30	31	2	30	461162	0	51348	48004
-28	34	4	36	454079	0	51348	48004
-33	29	5	30	448499	0	51348	48004
-29	37	4	36	444035	0	51348	48004

-32	30	4	30	440453	0	51348	48004
-35	30	4	30	437537	0	51348	48004
-22	47	5	48	436241	0	51348	48004
-34	21	2	18	435260	0	51348	48004
-34	33	5	36	435296	0	51348	48004
-22	46	1	42	436529	0	51348	48004
-25	31	6	36	437195	0	51348	48004
-28	29	1	24	440435	0	51348	48004
-28	35	1	35	442955	0	51348	48004
-33	28	3	30	445835	0	51348	48004
-30	36	3	36	448238	0	51348	48004
-34	30	3	30	450758	0	51348	48004
-31	36	3	36	453755	0	51348	48004
-32	32	1	30	456536	0	51348	48004
-35	31	5	35	458084	0	51348	48004
-35	31	4	30	459614	0	51348	48004
-26	43	3	42	459947	0	51348	48004
-28	32	1	30	459326	0	51348	48004
-25	37	6	42	455834	0	51348	48004
-24	33	3	30	453233	0	51348	48004
-33	26	1	24	450245	0	51348	48004
-32	33	4	36	447626	0	51348	48004
-31	35	5	36	447230	0	51348	48004
-32	32	3	30	449516	0	51348	48004
-32	33	5	35	453278	0	51348	48004
-32	33	2	30	456077	0	51348	48004
-34	32	6	36	456500	0	51348	48004
-35	32	4	30	456383	0	51348	48004
-25	43	3	42	452477	0	51348	48004
-25	35	4	36	449264	0	51348	48004

-24	33	1	30	442559	0	51348	48004
-24	33	4	36	435485	0	51348	48004
-33	26	2	24	428051	0	51348	48004
-31	35	3	36	421913	0	51348	48004
-30	33	6	36	419024	0	51348	48004
-32	33	3	30	419177	0	51348	48004
-34	31	2	30	446321	0	51348	48004
-33	34	4	36	458876	0	51348	48004
-34	32	3	31	471116	0	51348	48004
-36	31	4	32	478550	0	51348	48004
-22	47	5	48	485282	0	51348	48004
-24	33	2	30	488081	0	51348	48004
-25	32	6	36	488837	0	51348	48004
-27	30	6	30	490529	0	51348	48004
-29	33	3	30	492896	0	51348	48004
-29	32	1	30	497333	0	51348	48004
-33	29	2	30	500033	0	51348	48004
-32	35	3	36	501833	0	51348	48004
-33	32	1	30	504263	0	51348	48004
-33	33	4	36	504596	0	51348	48004
-35	32	2	30	503219	0	51348	48004
-21	47	3	48	502535	0	51348	48004
-25	29	4	30	504686	0	51348	48004
-27	33	1	30	506441	0	51348	48004
-25	35	2	36	510869	0	51348	48004
-27	30	1	29	516935	0	51348	48004
-31	31	6	36	520166	0	51348	48004
-29	35	1	30	520355	0	51348	48004
-35	27	4	30	517259	0	51348	48004
-35	34	6	36	513317	0	51348	48004

-32	36	6	36	508763	0	51348	48004
-33	32	2	28	509888	0	51348	48004
-21	46	3	47	511670	0	51348	48004
-21	33	6	36	511085	0	51348	48004
-23	30	6	30	511490	0	51348	48004
-24	34	2	30	509285	0	51348	48004
-26	31	1	30	504056	0	51348	48004
-29	29	2	30	496685	0	51348	48004
-30	33	5	36	490304	0	51348	48004
-30	33	2	30	485588	0	51348	48004
-30	33	5	36	483347	0	51348	48004
-32	32	3	30	478784	0	51348	48004
-19	46	5	48	476912	0	51348	48004
-34	18	5	18	476030	0	51348	48004
-35	33	2	30	475013	0	51348	48004
-36	32	6	36	397874	0	51348	48004
-24	45	3	42	396668	0	51348	48004
-31	28	5	30	396389	0	51348	48004
-27	36	5	36	397892	0	51348	48004
-29	31	4	30	400619	0	51348	48004
-34	29	5	30	403094	0	51348	48004
-33	35	6	36	406541	0	51348	48004
-32	33	2	29	411050	0	51348	48004
-34	33	5	36	415253	0	51348	48004
-35	31	4	30	413471	0	51348	48004
-19	49	3	48	409340	0	51348	48004
-23	31	2	30	405650	0	51348	48004
-24	31	1	30	402419	0	51348	48004
-26	32	5	36	399395	0	51348	48004
-27	32	3	30	396020	0	51348	48004
-32	28	5	30	392114	0	51348	48004

-30	35	6	36	388010	0	51348	48004
-32	32	4	30	384104	0	51348	48004
-31	34	6	36	377957	0	51348	48004
-35	29	1	24	372854	0	51348	48004
-33	36	1	36	366401	0	51348	48004
-35	31	6	36	358229	0	51348	48004
-35	33	3	30	347924	0	51348	48004
-23	46	5	48	334361	0	51348	48004
-27	29	6	30	320807	0	51348	48004
-24	36	6	36	363179	0	51348	48004
-27	31	5	30	299522	0	51348	48004
-32	28	1	24	291521	0	51348	48004
-30	35	2	36	283403	0	51348	48004
-32	32	5	35	346259	0	51348	48004
-31	33	2	30	341678	0	51348	48004
-32	32	6	36	338834	0	51348	48004
-36	31	5	30	336647	0	51348	48004
-34	35	6	36	332903	0	51348	48004
-21	46	2	42	329141	0	51348	48004
-24	31	1	30	325757	0	51348	48004
-23	33	4	36	320096	0	51348	48004
-25	31	3	30	315722	0	51348	48004
-29	31	2	30	310484	0	51348	48004
-33	29	3	30	305876	0	51348	48004
-34	31	2	30	302195	0	51348	48004
-33	36	2	36	298298	0	51348	48004
-33	33	5	36	296147	0	51348	48004
-32	34	1	30	294203	0	51348	48004
-35	31	6	36	292349	0	51348	48004
-35	33	3	30	290180	0	51348	48004

-37	31	2	30	289046	0	51348	48004
-24	47	2	47	286913	0	51348	48004
-26	31	1	30	285032	0	51348	48004
-25	33	3	35	283421	0	51348	48004
-27	32	1	30	281522	0	51348	48004
-28	32	5	36	280352	0	51348	48004
-31	30	5	30	277202	0	51348	48004
-32	33	2	30	274916	0	51348	48004
-33	33	5	36	272234	0	51348	48004
-34	32	3	30	269039	0	51348	48004
-35	33	6	36	265079	0	51348	48004
-38	30	6	30	264035	0	51348	48004
-38	33	3	30	261785	0	51348	48004
-25	47	4	48	259904	0	51348	48004
-25	33	1	30	257267	0	51348	48004
-28	30	1	30	256610	0	51348	48004
-29	33	4	36	254918	0	51348	48004
-29	33	1	30	253775	0	51348	48004
-32	30	1	30	251687	0	51348	48004
-33	33	4	36	250445	0	51348	48004
-33	33	1	30	249635	0	51348	48004
-34	32	5	36	249410	0	51348	48004
-38	29	5	29	249284	0	51348	48004
-37	34	1	30	248375	0	51348	48004
-25	45	4	48	247556	0	51348	48004
-26	33	1	30	247295	0	51348	48004
-27	32	5	36	177032	0	51348	48004
-27	33	2	30	175799	0	51348	48004
-29	32	6	36	174890	0	51348	48004
-29	33	3	30	242300	0	51348	48004

-31	31	2	30	242417	0	51348	48004
-34	32	6	36	240194	0	51348	48004
-34	33	3	30	172307	0	51348	48004
-36	31	2	30	239744	0	51348	48004
-21	49	1	48	240014	0	51348	48004
-23	31	6	36	240167	0	51348	48004
-25	31	4	29	240176	0	51348	48004
-26	33	1	30	240770	0	51348	48004
-28	30	1	30	240500	0	51348	48004
-29	33	3	35	240860	0	51348	48004
-31	32	1	30	242381	0	51348	48004
-31	33	4	36	241004	0	51348	48004
-32	32	2	30	242147	0	51348	48004
-33	33	5	36	243533	0	51348	48004
-34	32	3	30	245369	0	51348	48004
-35	32	1	30	246215	0	51348	48004
-36	33	3	35	246827	0	51348	48004
-25	43	2	42	247619	0	51348	48004
-24	34	4	36	248303	0	51348	48004
-29	30	4	30	250418	0	51348	48004
-29	32	2	30	251966	0	51348	48004
-29	33	5	36	253847	0	51348	48004
-32	31	4	30	255080	0	51348	48004
-33	33	1	30	258032	0	51348	48004
-33	33	4	36	259769	0	51348	48004
-34	33	1	30	262847	0	51348	48004
-35	32	5	36	265007	0	51348	48004
-36	32	3	30	267221	0	51348	48004
-23	47	4	48	270092	0	51348	48004
-25	31	3	30	272729	0	51348	48004

-24	34	5	36	275708	0	51348	48004
-28	30	5	30	279092	0	51348	48004
-29	32	3	30	282521	0	51348	48004
-30	32	1	30	287264	0	51348	48004
-31	33	4	36	290873	0	51348	48004
-32	33	1	30	295400	0	51348	48004
-33	31	5	35	299108	0	51348	48004
-27	47	6	48	302393	0	51348	48004
-36	18	6	18	307154	0	51348	48004
-36	32	4	30	312104	0	51348	48004
-25	45	6	47	315335	0	51348	48004
-22	35	1	30	318332	0	51348	48004
-26	29	2	30	320888	0	51348	48004
-26	34	4	36	322409	0	51348	48004
-29	30	4	30	325073	0	51348	48004
-30	33	1	30	328079	0	51348	48004
-31	33	4	36	331364	0	51348	48004
-31	33	1	30	335045	0	51348	48004
-34	30	1	30	338762	0	51348	48004
-35	33	4	36	342965	0	51348	48004
-35	33	1	30	344396	0	51348	48004
-37	31	6	36	344360	0	51348	48004
-23	48	6	48	343280	0	51348	48004
-26	30	6	30	342551	0	51348	48004
-25	34	2	30	342047	0	51348	48004
-28	31	1	30	342623	0	51348	48004
-29	32	5	36	342749	0	51348	48004
-29	32	2	29	345818	0	51348	48004
-33	31	1	30	350012	0	51348	48004
-32	33	4	36	356978	0	51348	48004
-33	33	1	30	357941	0	51348	48004

-36	31	6	36	361631	0	51348	48004
-36	33	3	30	366536	0	51348	48004
-20	49	2	48	370145	0	51348	48004
-26	28	4	30	376931	0	51348	48004
-24	35	5	36	386597	0	51348	48004
-27	30	5	30	399368	0	51348	48004
-28	33	2	30	413084	0	51348	48004
-28	33	5	36	420509	0	51348	48004
-31	30	5	30	425657	0	51348	48004
-32	33	2	30	428303	0	51348	48004
-31	34	4	36	435620	0	51348	48004
-29	35	5	36	445241	0	51348	48004
-36	27	2	24	452909	0	51348	48004
-21	48	2	48	457607	0	51348	48004
-36	18	2	18	462485	0	51348	48004
-23	47	3	48	466715	0	51348	48004
-26	31	2	30	473330	0	51348	48004
-29	30	2	30	478973	0	51348	48004
-30	33	4	35	480710	0	51348	48004
-29	34	6	36	480773	0	51348	48004
-31	30	6	30	480818	0	51348	48004
-34	31	5	30	481997	0	51348	48004
-34	33	2	30	482591	0	51348	48004
-34	33	5	36	483896	0	51348	48004
-20	48	5	48	484841	0	51348	48004
-22	31	4	30	487100	0	51348	48004
-25	31	2	29	488243	0	51348	48004
-23	35	3	36	484733	0	51348	48004
-25	31	2	30	481241	0	51348	48004

-28	30	2	30	478037	0	51348	48004
-29	33	3	34	478703	0	51348	48004
-29	33	6	36	480125	0	51348	48004
-31	31	5	30	479810	0	51348	48004
-33	33	2	30	478892	0	51348	48004
-33	32	6	36	476606	0	51348	48004
-33	33	3	30	477497	0	51348	48004
-20	48	3	48	481079	0	51348	48004
-23	30	3	30	483851	0	51348	48004
-25	31	2	30	486659	0	51348	48004
-25	34	4	36	488756	0	51348	48004
-27	31	3	30	490241	0	51348	48004
-29	31	2	30	494372	0	51348	48004
-29	34	4	36	495812	0	51348	48004
-30	32	2	30	498602	0	51348	48004
-33	29	2	29	503030	0	51348	48004
-33	35	3	36	507386	0	51348	48004
-34	31	2	30	509690	0	51348	48004
-37	31	1	30	509384	0	51348	48004
-36	34	3	36	508997	0	51348	48004
-22	47	4	48	506999	0	51348	48004
-26	30	4	30	504488	0	51348	48004
-26	34	6	36	500483	0	51348	48004
-27	32	4	30	497801	0	51348	48004
-30	30	4	30	496181	0	51348	48004
-31	33	1	30	493004	0	51348	48004
-31	32	4	35	491870	0	51348	48004
-33	31	3	30	491006	0	51348	48004
-33	34	5	36	490169	0	51348	48004
-36	30	5	30	489287	0	51348	48004

-21	48	5	48	489503	0	51348	48004
-24	32	3	30	488882	0	51348	48004
-25	31	2	30	489620	0	51348	48004
-23	35	3	36	492725	0	51348	48004
-29	29	4	30	496604	0	51348	48004
-27	34	6	36	501752	0	51348	48004
-30	30	6	30	506954	0	51348	48004
-30	34	2	30	512777	0	51348	48004
-31	33	5	36	518690	0	51348	48004
-32	32	3	30	525611	0	51348	48004
-34	32	1	30	533441	0	51348	48004
-20	47	2	48	541163	0	51348	48004
-16	37	1	36	547094	0	51348	48004
-23	27	4	30	549263	0	51348	48004
-24	32	2	30	547733	0	51348	48004
-27	30	1	29	545690	0	51348	48004
-27	34	3	36	541226	0	51348	48004
-29	31	1	29	531911	0	51348	48004
-31	31	6	36	519554	0	51348	48004
-32	33	3	30	505019	0	51348	48004
-31	33	6	36	489773	0	51348	48004
-32	32	4	30	475427	0	51348	48004
-35	32	2	30	460595	0	51348	48004
-36	32	6	36	448697	0	51348	48004
-35	34	2	30	440300	0	51348	48004
-25	44	6	48	430391	0	51348	48004
-24	34	1	29	419726	0	51348	48004
-26	30	1	30	408953	0	51348	48004
-30	30	1	30	387623	0	51348	48004
-30	33	4	36	361208	0	51348	48004
-30	33	1	30	336215	0	51348	48004

-33	31	6	36	317360	0	51348	48004
-34	32	4	30	299072	0	51348	48004
-34	33	1	30	286814	0	51348	48004
-35	33	4	36	279866	0	51348	48004
-36	32	2	30	277175	0	51348	48004
-36	32	6	36	276032	0	51348	48004
-25	46	2	42	272531	0	51348	48004
-28	30	2	30	267986	0	51348	48004
-29	32	6	36	260813	0	51348	48004
-30	33	3	30	251282	0	51348	48004
-29	33	6	36	243092	0	51348	48004
-33	30	6	30	236162	0	51348	48004
-34	32	3	29	230780	0	51348	48004
-35	32	1	30	227135	0	51348	48004
-36	32	5	36	224129	0	51348	48004
-22	48	5	48	222653	0	51348	48004
-38	18	5	18	222320	0	51348	48004
-23	47	6	48	224669	0	51348	48004
-26	31	5	30	228872	0	51348	48004
-26	33	2	30	233939	0	51348	48004
-29	30	2	30	239708	0	51348	48004
-32	32	6	36	246476	0	51348	48004
-31	33	3	30	254072	0	51348	48004
-33	32	1	30	262082	0	51348	48004
-34	33	4	36	270578	0	51348	48004
-35	32	2	30	279506	0	51348	48004
-36	32	6	36	289928	0	51348	48004
-21	49	4	47	300800	0	51348	48004
-24	30	4	30	313346	0	51348	48004
-26	31	3	30	326558	0	51348	48004

-27	33	6	36	338960	0	51348	48004
-27	33	3	30	352370	0	51348	48004
-30	30	3	30	367013	0	51348	48004
-31	33	5	35	383582	0	51348	48004
-33	31	4	30	400988	0	51348	48004
-33	33	1	30	420068	0	51348	48004
-34	34	3	36	439301	0	51348	48004
-34	32	1	30	455438	0	51348	48004
-35	32	5	36	470522	0	51348	48004
-24	46	1	42	482888	0	51348	48004
-26	31	6	36	492347	0	51348	48004
-25	34	2	30	500132	0	51348	48004
-28	31	1	30	502778	0	51348	48004
-30	31	6	36	492806	0	51348	48004
-29	33	3	30	483743	0	51348	48004
-31	33	6	36	472052	0	51348	48004
-32	32	4	30	453800	0	51348	48004
-34	31	3	30	438743	0	51348	48004
-35	32	6	35	425108	0	51348	48004
-35	33	3	30	416279	0	51348	48004
-36	32	1	30	407477	0	51348	48004
-26	45	4	48	402257	0	51348	48004
-23	35	5	36	397145	0	51348	48004
-26	30	5	30	391700	0	51348	48004
-28	32	3	30	389252	0	51348	48004
-31	30	3	30	385391	0	51348	48004
-31	33	6	36	382448	0	51348	48004
-31	34	2	30	382313	0	51348	48004
-34	30	2	30	380729	0	51348	48004
-34	33	5	36	378308	0	51348	48004

-34	34	1	30	376598	0	51348	48004
-37	30	1	30	375698	0	51348	48004
-20	50	5	54	374177	0	51348	48004
-26	28	1	24	374330	0	51348	48004
-25	34	3	36	374771	0	51348	48004
-28	30	3	30	374087	0	51348	48004
-29	34	5	36	375653	0	51348	48004
-32	30	4	29	373376	0	51348	48004
-32	32	2	30	376940	0	51348	48004
-31	35	3	36	376787	0	51348	48004
-34	30	3	30	377165	0	51348	48004
-34	33	5	35	377255	0	51348	48004
-37	31	4	30	377039	0	51348	48004
-21	49	3	48	375968	0	51348	48004
-36	18	3	18	373844	0	51348	48004
-25	46	4	47	373385	0	51348	48004
-26	31	3	30	371738	0	51348	48004
-28	31	2	30	371405	0	51348	48004
-30	32	6	36	369362	0	51348	48004
-29	34	2	30	369695	0	51348	48004
-31	31	1	30	367778	0	51348	48004
-34	31	6	36	366878	0	51348	48004
-34	33	3	30	366167	0	51348	48004
-34	33	6	36	365933	0	51348	48004
-36	32	4	30	365591	0	51348	48004
-25	44	1	41	365627	0	51348	48004
-24	34	3	36	365456	0	51348	48004
-27	31	2	30	365258	0	51348	48004
-27	33	5	36	363953	0	51348	48004
-29	31	4	30	364394	0	51348	48004

-30	33	1	30	366527	0	51348	48004
-31	32	1	32	367571	0	51348	48004
-31	33	4	36	367238	0	51348	48004
-35	31	2	29	366302	0	51348	48004
-36	31	1	30	368030	0	51348	48004
-37	31	5	35	369209	0	51348	48004
-24	48	5	48	369605	0	51348	48004
-25	32	3	30	371693	0	51348	48004
-25	33	6	36	371387	0	51348	48004
-28	31	5	30	373016	0	51348	48004
-28	33	2	30	371819	0	51348	48004
-29	32	6	36	373358	0	51348	48004
-33	31	5	30	374195	0	51348	48004
-34	32	3	30	372926	0	51348	48004
-32	34	5	36	372611	0	51348	48004
-36	31	4	30	373124	0	51348	48004
-35	33	6	35	373754	0	51348	48004
-21	47	1	42	375329	0	51348	48004
-24	31	6	36	375095	0	51348	48004
-25	32	4	30	376256	0	51348	48004
-27	31	3	30	375797	0	51348	48004
-28	35	4	36	376841	0	51348	48004
-31	29	5	30	375842	0	51348	48004
-30	34	1	30	376850	0	51348	48004
-33	31	5	35	377147	0	51348	48004
-34	31	4	30	378434	0	51348	48004
-33	34	6	36	380135	0	51348	48004
-35	33	3	30	378812	0	51348	48004
-37	31	2	30	379334	0	51348	48004
-23	46	4	48	380801	0	51348	48004

-27	31	2	29	380504	0	51348	48004
-25	34	1	33	382052	0	51348	48004
-28	30	1	30	381548	0	51348	48004
-31	32	4	35	380873	0	51348	48004
-32	32	2	30	383375	0	51348	48004
-32	32	6	36	386138	0	51348	48004
-33	34	2	30	386480	0	51348	48004
-34	32	5	35	388649	0	51348	48004
-21	47	6	48	391574	0	51348	48004
-22	32	3	29	391646	0	51348	48004
-24	30	3	30	392618	0	51348	48004
-27	31	2	30	395156	0	51348	48004
-28	33	5	36	394571	0	51348	48004
-30	31	3	29	398882	0	51348	48004
-29	34	5	36	395021	0	51348	48004
-31	32	2	29	400439	0	51348	48004
-35	59	6	63	392213	0	51348	48004
-17	31	5	30	398954	0	51348	48004
-28	13	4	12	398999	0	51348	48004
-28	33	1	30	399404	0	51348	48004
-30	31	6	36	399278	0	51348	48004
-30	34	1	29	399917	0	51348	48004
-33	30	1	30	395552	0	51348	48004
-31	34	3	36	396812	0	51348	48004
-34	32	1	30	399485	0	51348	48004
-33	33	3	35	398504	0	51348	48004
-36	31	2	30	398099	0	51348	48004
-18	52	4	54	400457	0	51348	48004
-24	27	1	24	402887	0	51348	48004
-24	33	4	36	410024	0	51348	48004
-28	30	3	29	420986	0	51348	48004

-28	33	6	36	430166	0	51348	48004
-28	32	4	30	441776	0	51348	48004
-33	31	3	30	453017	0	51348	48004
-33	32	1	30	460793	0	51348	48004
-33	33	4	36	470486	0	51348	48004
-34	33	1	30	479054	0	51348	48004
-35	32	4	35	479729	0	51348	48004
-35	32	2	30	478505	0	51348	48004
-24	46	3	47	477056	0	51348	48004
-26	31	2	30	475364	0	51348	48004
-25	34	4	36	470171	0	51348	48004
-28	31	2	29	465248	0	51348	48004
-30	31	1	30	458696	0	51348	48004
-30	33	4	36	451694	0	51348	48004
-31	33	1	30	444899	0	51348	48004
-34	30	1	30	439301	0	51348	48004
-32	34	3	36	432299	0	51348	48004
-35	32	1	30	425675	0	51348	48004
-36	31	5	35	418376	0	51348	48004
-37	33	2	30	411212	0	51348	48004
-23	47	3	48	404408	0	51348	48004
-26	31	2	30	398018	0	51348	48004
-25	33	5	36	391628	0	51348	48004
-29	31	4	30	386624	0	51348	48004
-29	33	1	30	381836	0	51348	48004
-29	32	5	36	376922	0	51348	48004
-33	31	4	30	371891	0	51348	48004
-32	33	1	30	367580	0	51348	48004
-33	32	5	36	363008	0	51348	48004
-34	33	2	30	358508	0	51348	48004

-36	31	6	35	353306	0	51348	48004
-37	32	4	30	348770	0	51348	48004
-23	49	2	47	343703	0	51348	48004
-25	30	2	30	338312	0	51348	48004
-27	31	1	30	333497	0	51348	48004
-26	35	1	35	328385	0	51348	48004
-37	31	6	36	323921	0	51348	48004
-31	30	6	30	319979	0	51348	48004
-31	34	2	30	316019	0	51348	48004
-32	32	5	35	312671	0	51348	48004
-33	32	3	30	309116	0	51348	48004
-34	33	6	36	305516	0	51348	48004
-34	33	3	30	301556	0	51348	48004
-21	46	4	47	298127	0	51348	48004
-25	30	4	30	294212	0	51348	48004
-24	34	6	36	289370	0	51348	48004
-28	29	1	24	284420	0	51348	48004
-29	33	3	35	280703	0	51348	48004
-30	32	1	30	276185	0	51348	48004
-30	33	4	36	274034	0	51348	48004
-37	27	1	24	265691	0	51348	48004
-33	37	5	41	257681	0	51348	48004
-33	33	2	30	254063	0	51348	48004
-35	32	6	36	264215	0	51348	48004
-37	31	4	29	263918	0	51348	48004
-36	34	6	36	257195	0	51348	48004
-24	46	2	42	250670	0	51348	48004
-25	33	5	36	253973	0	51348	48004
-27	30	5	30	256070	0	51348	48004
-28	33	1	29	254909	0	51348	48004

-31	30	1	30	253694	0	51348	48004
-32	32	5	36	253577	0	51348	48004
-34	32	3	30	254747	0	51348	48004
-35	32	6	35	256196	0	51348	48004
-34	34	2	30	257024	0	51348	48004
-37	31	1	30	257771	0	51348	48004
-36	34	2	35	258914	0	51348	48004
-22	47	3	48	256997	0	51348	48004
-25	31	2	30	257996	0	51348	48004
-28	30	2	30	258473	0	51348	48004
-27	34	4	36	257789	0	51348	48004
-28	33	1	30	257285	0	51348	48004
-28	33	4	36	256466	0	51348	48004
-32	29	5	30	258149	0	51348	48004
-33	33	2	30	257276	0	51348	48004
-33	32	5	35	256574	0	51348	48004
-33	33	2	30	254558	0	51348	48004
-36	32	1	31	253712	0	51348	48004
-36	32	5	36	253469	0	51348	48004
-39	31	4	30	251516	0	51348	48004
-24	49	3	48	248168	0	51348	48004
-26	31	2	30	242525	0	51348	48004
-29	31	1	30	235559	0	51348	48004
-29	33	4	36	227657	0	51348	48004
-32	30	4	30	223310	0	51348	48004
-32	32	2	30	222212	0	51348	48004
-33	33	5	36	223139	0	51348	48004
-33	34	1	30	225704	0	51348	48004
-35	31	6	36	230888	0	51348	48004
-37	32	4	30	239204	0	51348	48004
-38	32	2	30	248960	0	51348	48004

-37	34	4	36	256115	0	51348	48004
-26	46	6	48	260795	0	51348	48004
-28	30	6	30	263549	0	51348	48004
-27	34	2	30	265907	0	51348	48004
-29	32	6	36	266843	0	51348	48004
-31	31	4	29	266339	0	51348	48004
-32	32	2	30	266789	0	51348	48004
-33	33	5	36	268544	0	51348	48004
-33	33	2	30	269903	0	51348	48004
-35	31	1	30	271055	0	51348	48004
-37	32	5	36	271514	0	51348	48004
-22	48	5	48	271172	0	51348	48004
-38	17	6	18	270983	0	51348	48004
-26	46	1	41	269750	0	51348	48004
-27	31	0	30	268562	0	51348	48004
-29	31	5	36	267887	0	51348	48004
-31	33	2	30	267158	0	51348	48004
-31	32	6	36	266240	0	51348	48004
-31	33	3	30	264845	0	51348	48004
-33	32	1	30	263666	0	51348	48004
-33	33	4	36	263324	0	51348	48004
-34	32	2	30	263324	0	51348	48004
-37	32	6	36	263351	0	51348	48004
-38	32	4	30	262874	0	51348	48004
-25	45	1	42	263090	0	51348	48004
-26	34	3	36	262811	0	51348	48004
-26	33	6	36	262415	0	51348	48004
-29	30	6	30	263549	0	51348	48004
-30	33	3	30	265322	0	51348	48004
-31	32	1	30	268301	0	51348	48004

-33	31	6	36	270758	0	51348	48004
-35	32	4	30	272531	0	51348	48004
-35	33	1	30	275168	0	51348	48004
-36	32	5	36	274052	0	51348	48004
-23	47	6	48	271622	0	51348	48004
-25	31	5	30	270452	0	51348	48004
-24	34	1	30	270560	0	51348	48004
-27	31	6	36	270173	0	51348	48004
-27	33	3	30	270713	0	51348	48004
-30	30	3	30	271118	0	51348	48004
-32	32	6	35	270695	0	51348	48004
-32	33	3	30	270479	0	51348	48004
-33	32	1	30	270560	0	51348	48004
-33	33	3	35	270290	0	51348	48004
-35	31	2	30	270407	0	51348	48004
-36	32	6	36	269570	0	51348	48004
-22	49	5	48	268670	0	51348	48004
-24	30	5	30	267221	0	51348	48004
-26	31	4	30	264584	0	51348	48004
-29	32	2	30	261857	0	51348	48004
-30	32	6	36	258914	0	51348	48004
-30	33	3	30	257303	0	51348	48004
-31	33	6	36	255944	0	51348	48004
-32	31	5	30	255215	0	51348	48004
-33	33	2	30	254405	0	51348	48004
-35	32	6	36	254621	0	51348	48004
-37	31	5	30	254738	0	51348	48004
-22	48	5	48	253946	0	51348	48004
-25	31	4	30	252245	0	51348	48004

-24	34	6	36	250715	0	51348	48004
-27	30	6	30	247961	0	51348	48004
-28	33	3	30	243686	0	51348	48004
-30	31	2	30	234767	0	51348	48004
-32	31	1	30	225389	0	51348	48004
-31	35	2	36	217010	0	51348	48004
-35	29	3	30	211070	0	51348	48004
-35	33	6	36	208388	0	51348	48004
-35	34	2	30	206885	0	51348	48004
-37	31	1	30	208469	0	51348	48004
-22	48	1	48	211277	0	51348	48004
-25	31	6	36	214958	0	51348	48004
-27	31	5	30	219044	0	51348	48004
-26	33	1	29	224174	0	51348	48004
-30	30	1	30	228440	0	51348	48004
-31	32	5	36	231410	0	51348	48004
-30	34	1	30	235667	0	51348	48004
-31	33	4	36	240725	0	51348	48004
-32	32	2	30	246017	0	51348	48004
-36	30	2	30	251399	0	51348	48004
-35	35	3	36	257105	0	51348	48004
-37	31	2	30	262586	0	51348	48004
-23	47	3	48	269435	0	51348	48004
-26	31	2	30	275087	0	51348	48004
-25	34	4	36	280604	0	51348	48004
-28	30	4	30	286877	0	51348	48004
-28	34	6	36	290009	0	51348	48004
-32	29	1	24	292853	0	51348	48004
-32	33	4	36	285671	0	51348	48004
-33	33	1	30	275879	0	51348	48004
-34	31	5	35	270236	0	51348	48004

-34	33	2	30	273134	0	51348	48004
-36	33	5	36	275339	0	51348	48004
-36	32	3	30	275357	0	51348	48004
-38	31	2	30	274718	0	51348	48004
-25	47	3	48	277364	0	51348	48004
-27	31	2	30	280712	0	51348	48004
-28	33	5	36	285572	0	51348	48004
-29	32	2	29	291080	0	51348	48004
-30	33	5	36	295742	0	51348	48004
-32	30	5	30	299243	0	51348	48004
-34	33	2	30	302096	0	51348	48004
-34	33	5	36	304202	0	51348	48004
-35	32	3	30	305966	0	51348	48004
-22	47	4	48	307505	0	51348	48004
-37	17	4	17	310439	0	51348	48004
-22	48	4	48	313121	0	51348	48004
-26	30	4	30	315659	0	51348	48004
-28	31	3	30	318044	0	51348	48004
-27	34	5	36	319925	0	51348	48004
-29	33	2	30	321689	0	51348	48004
-31	31	1	30	322832	0	51348	48004
-33	31	6	36	324326	0	51348	48004
-33	34	2	30	325496	0	51348	48004
-35	31	1	30	326567	0	51348	48004
-30	38	5	42	327692	0	51348	48004
-20	44	3	42	329357	0	51348	48004
-24	29	4	30	331445	0	51348	48004
-26	31	3	30	333263	0	51348	48004
-27	33	6	36	335585	0	51348	48004
-27	33	3	30	338096	0	51348	48004

-29	31	2	30	340625	0	51348	48004
-32	32	5	35	342812	0	51348	48004
-32	32	3	30	344315	0	51348	48004
-31	33	0	30	345449	0	51348	48004
-35	31	5	36	346718	0	51348	48004
-36	32	3	30	347915	0	51348	48004
-36	33	6	36	348113	0	51348	48004
-22	48	6	48	348455	0	51348	48004
-23	32	4	30	348446	0	51348	48004
-25	30	4	30	347555	0	51348	48004
-27	33	6	35	346880	0	51348	48004
-30	30	6	30	344972	0	51348	48004
-30	33	3	30	343658	0	51348	48004
-32	32	1	30	342632	0	51348	48004
-31	34	3	36	340976	0	51348	48004
-34	30	3	30	340607	0	51348	48004
-34	34	5	36	340103	0	51348	48004
-36	31	4	30	339212	0	51348	48004
-37	32	2	30	337880	0	51348	48004
-23	48	2	48	337259	0	51348	48004
-24	32	6	36	336404	0	51348	48004
-26	31	5	30	335693	0	51348	48004
-27	33	2	30	334127	0	51348	48004
-30	30	2	30	333524	0	51348	48004
-30	33	5	36	333191	0	51348	48004
-33	31	3	29	332615	0	51348	48004
-32	33	6	36	332606	0	51348	48004
-33	32	4	30	330842	0	51348	48004
-34	34	6	36	330761	0	51348	48004
-36	30	6	30	330347	0	51348	48004

-20	49	5	48	330401	0	51348	48004
-24	31	3	29	329798	0	51348	48004
-27	30	3	30	328745	0	51348	48004
-26	34	5	36	328331	0	51348	48004
-30	30	5	30	328079	0	51348	48004
-30	33	2	30	327143	0	51348	48004
-30	33	5	36	326594	0	51348	48004
-32	32	3	30	325892	0	51348	48004
-32	33	0	30	325046	0	51348	48004
-35	30	6	36	324029	0	51348	48004
-37	32	4	30	322985	0	51348	48004
-21	49	3	48	322472	0	51348	48004
-37	17	4	18	322031	0	51348	48004
-25	46	6	48	321698	0	51348	48004
-27	31	5	30	320933	0	51348	48004
-26	34	1	30	320564	0	51348	48004
-31	30	1	30	320195	0	51348	48004
-31	32	4	35	319421	0	51348	48004
-32	31	3	30	318827	0	51348	48004
-33	34	5	36	318890	0	51348	48004
-35	31	4	30	318683	0	51348	48004
-34	33	1	30	317684	0	51348	48004
-37	32	5	36	317828	0	51348	48004
-37	32	3	30	317423	0	51348	48004
-24	47	4	48	317000	0	51348	48004
-26	31	3	30	317018	0	51348	48004
-26	34	5	36	317072	0	51348	48004
-29	30	5	30	316658	0	51348	48004
-30	33	2	30	316406	0	51348	48004
-32	31	1	30	316280	0	51348	48004

-32	33	4	36	315794	0	51348	48004
-32	34	0	30	314948	0	51348	48004
-34	31	5	36	315155	0	51348	48004
-34	33	2	30	314273	0	51348	48004
-22	46	4	48	314156	0	51348	48004
-37	18	4	18	313121	0	51348	48004
-25	45	1	42	312626	0	51348	48004
-25	34	2	35	311933	0	51348	48004
-28	30	2	30	311186	0	51348	48004
-27	34	4	36	310250	0	51348	48004
-29	32	2	30	310178	0	51348	48004
-30	32	6	36	309044	0	51348	48004
-31	32	4	30	307946	0	51348	48004
-34	31	3	30	307082	0	51348	48004
-34	33	6	36	306587	0	51348	48004
-34	33	3	30	305993	0	51348	48004
-37	31	2	30	305003	0	51348	48004
-25	45	5	48	304688	0	51348	48004
-23	34	6	35	303986	0	51348	48004
-26	32	4	30	303671	0	51348	48004
-28	30	4	30	302519	0	51348	48004
-29	32	2	30	302393	0	51348	48004
-30	33	5	36	301718	0	51348	48004
-31	32	3	30	300188	0	51348	48004
-33	32	1	30	299477	0	51348	48004
-33	34	3	36	299270	0	51348	48004
-35	31	2	30	298703	0	51348	48004
-36	31	1	30	298541	0	51348	48004
-37	34	3	36	298091	0	51348	48004
-25	45	6	48	298532	0	51348	48004

-24	34	2	30	298478	0	51348	48004
-26	32	1	31	298145	0	51348	48004
-29	29	2	30	298028	0	51348	48004
-29	33	5	36	297767	0	51348	48004
-30	33	2	30	297722	0	51348	48004
-31	32	6	36	298028	0	51348	48004
-32	32	4	30	299432	0	51348	48004
-35	32	2	30	299783	0	51348	48004
-35	33	5	36	299432	0	51348	48004
-36	31	4	30	298289	0	51348	48004
-22	49	3	48	298280	0	51348	48004
-25	30	3	30	298316	0	51348	48004
-27	30	3	30	297992	0	51348	48004
-28	33	6	36	298028	0	51348	48004
-29	32	4	30	298064	0	51348	48004
-30	33	1	30	297713	0	51348	48004
-31	33	4	36	297722	0	51348	48004
-32	32	2	30	297830	0	51348	48004
-33	32	5	35	298055	0	51348	48004
-36	31	4	30	298631	0	51348	48004
-35	33	1	30	297641	0	51348	48004
-23	46	3	48	296642	0	51348	48004
-26	31	2	30	296093	0	51348	48004
-24	34	4	36	295679	0	51348	48004
-28	30	4	30	295832	0	51348	48004
-29	32	2	30	296201	0	51348	48004
-29	33	5	36	295949	0	51348	48004
-29	33	2	30	295220	0	51348	48004
-32	32	6	36	294572	0	51348	48004
-33	32	4	30	294257	0	51348	48004
-35	31	3	30	293600	0	51348	48004

-35	34	5	36	293816	0	51348	48004
-36	32	3	30	294608	0	51348	48004
-37	32	1	30	294824	0	51348	48004
-24	47	1	47	294554	0	51348	48004
-24	33	4	36	293726	0	51348	48004
-24	44	2	42	293672	0	51348	48004
-30	17	3	18	293492	0	51348	48004
-31	32	1	30	293510	0	51348	48004
-30	33	4	36	293555	0	51348	48004
-34	31	3	30	293474	0	51348	48004
-33	34	5	36	292160	0	51348	48004
-34	32	3	30	290189	0	51348	48004
-36	33	6	36	289586	0	51348	48004
-23	45	3	42	289235	0	51348	48004
-25	31	2	30	289424	0	51348	48004
-25	34	4	36	289442	0	51348	48004
-27	31	3	30	289586	0	51348	48004
-29	31	2	30	288929	0	51348	48004
-31	32	5	35	288740	0	51348	48004
-31	32	3	30	288128	0	51348	48004
-32	33	6	36	288533	0	51348	48004
-34	32	4	30	288677	0	51348	48004
-35	32	2	30	288965	0	51348	48004
-35	33	5	36	288083	0	51348	48004
-21	48	5	48	286760	0	51348	48004
-23	31	4	30	286058	0	51348	48004
-25	31	3	30	286058	0	51348	48004
-26	33	6	36	285347	0	51348	48004
-28	31	5	30	286076	0	51348	48004
-30	31	4	30	286535	0	51348	48004

-32	33	1	30	286634	0	51348	48004
-32	32	5	36	288497	0	51348	48004
-33	32	3	30	291386	0	51348	48004
-35	32	6	35	293501	0	51348	48004
-35	32	4	30	295121	0	51348	48004
-36	32	2	30	295391	0	51348	48004
-23	48	2	48	295949	0	51348	48004
-25	31	1	30	296237	0	51348	48004
-26	31	6	36	293852	0	51348	48004
-28	33	3	30	291395	0	51348	48004
-28	33	6	36	289397	0	51348	48004
-30	30	6	30	285230	0	51348	48004
-32	33	3	30	279461	0	51348	48004
-32	32	1	30	275546	0	51348	48004
-33	33	4	36	273017	0	51348	48004
-35	32	2	30	270668	0	51348	48004
-36	32	6	36	269858	0	51348	48004
-37	32	4	30	269183	0	51348	48004
-23	48	3	47	269642	0	51348	48004
-25	30	3	30	270299	0	51348	48004
-25	33	6	36	271028	0	51348	48004
-29	30	6	30	271721	0	51348	48004
-30	32	4	30	272558	0	51348	48004
-31	32	2	30	273035	0	51348	48004
-19	47	3	48	273035	0	51348	48004
-33	18	3	18	273440	0	51348	48004
-35	32	1	30	273566	0	51348	48004
-35	34	3	36	273782	0	51348	48004
-36	32	1	30	273476	0	51348	48004
-38	31	6	36	274340	0	51348	48004

-28	45	3	42	273926	0	51348	48004
-26	34	5	36	273989	0	51348	48004
-29	30	5	30	274907	0	51348	48004
-29	34	1	30	275366	0	51348	48004
-30	32	5	36	274817	0	51348	48004
-31	32	3	30	275096	0	51348	48004
-32	33	6	36	275555	0	51348	48004
-34	31	5	30	275879	0	51348	48004
-34	33	2	30	275861	0	51348	48004
-36	32	6	36	276158	0	51348	48004
-37	32	4	30	276689	0	51348	48004
-23	47	5	48	276572	0	51348	48004
-25	32	2	29	277013	0	51348	48004
-27	31	1	30	277607	0	51348	48004
-28	31	6	36	277373	0	51348	48004
-31	32	4	30	277931	0	51348	48004
-32	32	2	30	277571	0	51348	48004
-31	33	5	36	277832	0	51348	48004
-33	33	2	30	277625	0	51348	48004
-35	31	1	30	277733	0	51348	48004
-34	34	3	36	277436	0	51348	48004
-37	31	2	30	278300	0	51348	48004
-22	48	2	48	278507	0	51348	48004
-24	31	1	30	278462	0	51348	48004
-25	33	4	36	278435	0	51348	48004
-27	31	3	30	278615	0	51348	48004
-27	33	5	35	278867	0	51348	48004
-31	30	5	30	278930	0	51348	48004
-31	33	2	30	279182	0	51348	48004
-32	32	6	36	279263	0	51348	48004

-34	33	3	30	279128	0	51348	48004
-34	32	1	30	278984	0	51348	48004
-36	31	6	36	279155	0	51348	48004
-22	48	5	47	279227	0	51348	48004
-38	17	6	18	279452	0	51348	48004
-25	45	3	42	279830	0	51348	48004
-27	33	6	36	280073	0	51348	48004
-28	32	3	29	280136	0	51348	48004
-29	32	1	30	279722	0	51348	48004
-31	32	5	36	280370	0	51348	48004
-31	33	2	30	280316	0	51348	48004
-34	30	2	30	280541	0	51348	48004
-34	34	4	36	280811	0	51348	48004
-34	33	1	30	280676	0	51348	48004
-38	29	2	30	280055	0	51348	48004
-37	35	3	36	277967	0	51348	48004
-23	47	4	48	275312	0	51348	48004
-25	31	3	30	272801	0	51348	48004
-26	33	6	36	272504	0	51348	48004
-28	31	5	30	275663	0	51348	48004
-28	33	1	29	277508	0	51348	48004
-32	29	2	30	279875	0	51348	48004
-32	33	5	36	280901	0	51348	48004
-32	33	2	30	281675	0	51348	48004
-35	32	6	36	282134	0	51348	48004
-34	33	3	30	282242	0	51348	48004
-37	31	2	30	281936	0	51348	48004
-23	48	2	48	282332	0	51348	48004
-25	31	1	30	281738	0	51348	48004
-27	31	6	36	281630	0	51348	48004

-31	31	5	30	281225	0	51348	48004
-29	34	1	30	280010	0	51348	48004
-30	32	5	36	278642	0	51348	48004
-32	32	3	30	278957	0	51348	48004
-32	33	6	36	278363	0	51348	48004
-34	31	5	30	277229	0	51348	48004
-34	34	1	30	275249	0	51348	48004
-35	32	5	36	273359	0	51348	48004
-36	32	3	30	270740	0	51348	48004
-23	47	4	48	268400	0	51348	48004
-25	31	3	30	266546	0	51348	48004
-28	30	3	30	264089	0	51348	48004
-28	34	5	36	262118	0	51348	48004
-30	30	4	29	259454	0	51348	48004
-30	33	1	30	255440	0	51348	48004
-32	32	5	36	250814	0	51348	48004
-33	32	3	30	246404	0	51348	48004
-33	33	6	36	241841	0	51348	48004
-35	32	4	30	237386	0	51348	48004
-37	32	2	30	233084	0	51348	48004
-22	48	2	48	229214	0	51348	48004
-25	31	1	30	224660	0	51348	48004
-26	31	0	30	220106	0	51348	48004
-27	32	4	36	215453	0	51348	48004
-29	32	2	30	210710	0	51348	48004
-31	32	6	36	206552	0	51348	48004
-31	32	4	30	201485	0	51348	48004
-33	33	1	30	196562	0	51348	48004
-33	33	4	36	192323	0	51348	48004
-35	31	3	30	188858	0	51348	48004
-37	32	1	30	185555	0	51348	48004

-39	31	6	36	182549	0	51348	48004
-38	34	2	30	180155	0	51348	48004
-25	47	3	48	176591	0	51348	48004
-27	31	2	30	172262	0	51348	48004
-28	31	1	30	167609	0	51348	48004
-31	32	5	36	162812	0	51348	48004
-32	32	3	30	158870	0	51348	48004
-33	32	1	30	155621	0	51348	48004
-34	33	4	36	153110	0	51348	48004
-35	32	2	30	151562	0	51348	48004
-34	34	4	36	151220	0	51348	48004
-37	31	3	30	152111	0	51348	48004
-37	32	6	35	153218	0	51348	48004
-23	47	1	42	154802	0	51348	48004
-25	33	4	36	157826	0	51348	48004
-26	31	3	30	161138	0	51348	48004
-27	32	1	30	165998	0	51348	48004
-31	30	1	30	171200	0	51348	48004
-32	32	5	36	177113	0	51348	48004
-31	34	1	30	183161	0	51348	48004
-33	32	5	36	188156	0	51348	48004
-34	32	3	30	192683	0	51348	48004
-34	33	6	36	195959	0	51348	48004
-38	31	5	30	198488	0	51348	48004
-23	48	5	48	200396	0	51348	48004
-26	30	5	30	201359	0	51348	48004
-26	34	1	30	201764	0	51348	48004
-28	30	1	30	200810	0	51348	48004
-29	32	5	36	200072	0	51348	48004
-32	32	3	30	199811	0	51348	48004

-33	32	1	30	199631	0	51348	48004
-33	32	5	36	200657	0	51348	48004
-34	34	1	30	201431	0	51348	48004
-35	32	5	36	202025	0	51348	48004
-37	31	4	30	201539	0	51348	48004
-37	34	6	36	199730	0	51348	48004
-24	46	2	42	196787	0	51348	48004
-26	31	1	30	194717	0	51348	48004
-27	33	4	36	193178	0	51348	48004
-29	31	3	30	191612	0	51348	48004
-28	34	5	36	190028	0	51348	48004
-32	30	5	30	188534	0	51348	48004
-33	32	3	30	186671	0	51348	48004
-34	31	2	30	185015	0	51348	48004
-33	35	2	35	183098	0	51348	48004
-34	32	6	36	182036	0	51348	48004
-36	31	5	30	180965	0	51348	48004
-22	48	5	48	180056	0	51348	48004
-39	17	6	18	179336	0	51348	48004
-26	46	2	42	179651	0	51348	48004
-27	33	5	36	180398	0	51348	48004
-28	31	4	30	181721	0	51348	48004
-30	31	3	30	183575	0	51348	48004
-33	32	1	30	184853	0	51348	48004
-34	32	5	36	186428	0	51348	48004
-33	33	2	30	188786	0	51348	48004
-34	34	4	36	188831	0	51348	48004
-34	32	2	30	189875	0	51348	48004
-36	32	6	36	191747	0	51348	48004
-22	48	5	47	194519	0	51348	48004

-24	31	4	30	197651	0	51348	48004
-26	31	3	30	202529	0	51348	48004
-28	32	1	30	207254	0	51348	48004
-27	34	3	36	213122	0	51348	48004
-31	29	4	30	220862	0	51348	48004
-32	33	1	30	228341	0	51348	48004
-33	32	5	36	235829	0	51348	48004
-33	33	2	30	243200	0	51348	48004
-33	33	4	35	249554	0	51348	48004
-34	32	2	30	255341	0	51348	48004
-36	31	1	30	261173	0	51348	48004
-24	46	3	48	265430	0	51348	48004
-24	33	6	36	268742	0	51348	48004
-27	30	6	30	272171	0	51348	48004
-27	34	2	30	273872	0	51348	48004
-28	33	5	36	274880	0	51348	48004
-30	30	5	30	274583	0	51348	48004
-32	33	2	30	273998	0	51348	48004
-32	33	5	36	272630	0	51348	48004
-32	32	3	30	270686	0	51348	48004
-35	32	1	30	268913	0	51348	48004
-37	31	6	36	267221	0	51348	48004
-36	34	2	30	265646	0	51348	48004
-38	32	6	36	265313	0	51348	48004
-24	47	1	42	265853	0	51348	48004
-27	29	1	29	266195	0	51348	48004
-29	33	4	36	268112	0	51348	48004
-30	31	3	30	270020	0	51348	48004
-30	33	6	36	273647	0	51348	48004
-32	33	3	30	276617	0	51348	48004

-35	30	3	30	280523	0	51348	48004
-34	34	5	36	283745	0	51348	48004
-35	33	2	30	287390	0	51348	48004
-36	31	1	30	291845	0	51348	48004
-23	47	2	48	296408	0	51348	48004
-26	31	1	30	291026	0	51348	48004
-25	34	3	36	296894	0	51348	48004
-27	31	2	30	304643	0	51348	48004
-28	33	5	36	314957	0	51348	48004
-31	30	5	30	328592	0	51348	48004
-31	33	2	30	342767	0	51348	48004
-32	34	4	36	356771	0	51348	48004
-29	35	5	36	373556	0	51348	48004
-32	30	5	30	391358	0	51348	48004
-36	31	3	29	408377	0	51348	48004
-37	31	1	29	424622	0	51348	48004
-25	45	4	48	439022	0	51348	48004
-24	35	5	36	454052	0	51348	48004
-27	30	5	30	443045	0	51348	48004
-29	31	4	30	436574	0	51348	48004
-29	34	0	30	430454	0	51348	48004
-30	32	4	36	418619	0	51348	48004
-31	32	2	30	375545	0	51348	48004
-34	31	1	30	329897	0	51348	48004
-35	32	5	36	256151	0	51348	48004
-35	33	2	30	212438	0	51348	48004
-37	32	6	36	215840	0	51348	48004
-24	46	1	41	219602	0	51348	48004
-26	30	1	30	177617	0	51348	48004
-26	34	3	36	122528	0	51348	48004

-28	31	2	30	118505	0	51348	48004

-33	6596	2	6596	266429	0	51348	48004
-33	33	5	36	263027	0	51348	48004
-35	32	3	30	260552	0	51348	48004
-36	32	1	30	259940	0	51348	48004
-37	32	5	36	254711	0	51348	48004
-24	47	6	48	250841	0	51348	48004
-27	30	6	30	247421	0	51348	48004
-27	33	3	30	241400	0	51348	48004
-27	34	5	36	237422	0	51348	48004
-31	28	6	29	238556	0	51348	48004
-31	33	3	30	239816	0	51348	48004
-33	32	1	30	242327	0	51348	48004
-33	33	4	36	245234	0	51348	48004

-35	32	2	30	247430	0	51348	48004
-35	34	4	36	248951	0	51348	48004
-37	31	3	30	249779	0	51348	48004
-23	47	4	48	249086	0	51348	48004
-25	32	2	30	246800	0	51348	48004
-26	31	1	30	243992	0	51348	48004
-28	32	5	36	241148	0	51348	48004
-29	33	2	30	238457	0	51348	48004
-31	30	2	30	235748	0	51348	48004
-31	33	5	36	233003	0	51348	48004
-33	33	2	30	229862	0	51348	48004
-33	33	5	36	226037	0	51348	48004
-34	32	3	30	222050	0	51348	48004
-37	31	2	30	218972	0	51348	48004
-22	48	2	48	215966	0	51348	48004
-37	18	2	18	212969	0	51348	48004
-27	44	6	48	209810	0	51348	48004
-27	33	2	29	206948	0	51348	48004
-27	32	6	36	204509	0	51348	48004
-30	31	5	30	202475	0	51348	48004
-32	31	4	30	200387	0	51348	48004
-33	32	2	30	198965	0	51348	48004
-33	34	4	36	196985	0	51348	48004
-33	33	1	30	195851	0	51348	48004
-36	30	1	30	194780	0	51348	48004
-35	35	2	36	193718	0	51348	48004
-23	46	4	48	192908	0	51348	48004
-38	17	5	18	192278	0	51348	48004
-27	46	1	42	191972	0	51348	48004
-28	32	5	36	191621	0	51348	48004

-28	33	2	30	191585	0	51348	48004
-32	30	2	30	191666	0	51348	48004
-32	33	5	36	191963	0	51348	48004
-33	31	4	30	191720	0	51348	48004
-34	34	6	36	192251	0	51348	48004
-33	33	3	30	192710	0	51348	48004
-35	31	2	30	193358	0	51348	48004
-22	48	2	48	194627	0	51348	48004
-38	17	3	18	195680	0	51348	48004
-24	47	4	48	196346	0	51348	48004
-25	33	1	30	197354	0	51348	48004
-28	30	1	30	198344	0	51348	48004
-30	31	6	36	199100	0	51348	48004
-31	33	3	30	200072	0	51348	48004
-31	33	6	36	201539	0	51348	48004
-31	33	3	30	203168	0	51348	48004
-34	31	2	30	204644	0	51348	48004
-35	32	5	35	205616	0	51348	48004
-36	31	4	30	206786	0	51348	48004
-22	48	4	48	207893	0	51348	48004
-37	18	4	18	209063	0	51348	48004
-25	45	1	42	210224	0	51348	48004
-26	33	4	36	211997	0	51348	48004
-29	30	4	30	214004	0	51348	48004
-29	33	1	30	215390	0	51348	48004
-31	32	5	36	217235	0	51348	48004
-32	32	3	30	218711	0	51348	48004
-32	33	6	36	221006	0	51348	48004
-34	33	3	30	223193	0	51348	48004
-35	31	2	30	225596	0	51348	48004

-37	31	1	30	227360	0	51348	48004
-37	35	2	36	229169	0	51348	48004
-25	45	5	48	231536	0	51348	48004
-25	33	2	30	232319	0	51348	48004
-28	31	1	30	233246	0	51348	48004
-30	31	6	36	234281	0	51348	48004
-30	33	3	30	234803	0	51348	48004
-32	32	1	30	235433	0	51348	48004
-32	32	4	35	236234	0	51348	48004
-32	33	1	30	236567	0	51348	48004
-35	31	6	36	237620	0	51348	48004
-34	34	2	30	239672	0	51348	48004
-22	46	4	48	241616	0	51348	48004
-25	31	3	30	244064	0	51348	48004
-24	34	5	36	247565	0	51348	48004
-26	31	4	30	251786	0	51348	48004
-27	33	1	30	255467	0	51348	48004
-30	30	1	30	258707	0	51348	48004
-29	34	3	36	261956	0	51348	48004
-32	31	2	30	264728	0	51348	48004
-34	31	7	36	265691	0	51348	48004
-33	33	3	29	266141	0	51348	48004
-35	32	1	30	266375	0	51348	48004
-36	32	5	36	265979	0	51348	48004
-21	48	5	48	265358	0	51348	48004
-25	31	4	30	264845	0	51348	48004
-27	31	3	30	263990	0	51348	48004
-27	32	1	30	262478	0	51348	48004
-28	34	3	36	260786	0	51348	48004
-32	29	4	30	259616	0	51348	48004

-32	33	1	30	258590	0	51348	48004
-33	33	4	36	258329	0	51348	48004
-33	33	1	30	258086	0	51348	48004
-35	31	5	35	258626	0	51348	48004
-35	33	2	30	258581	0	51348	48004
-36	32	6	36	258446	0	51348	48004
-23	46	2	42	258230	0	51348	48004
-26	31	1	30	258563	0	51348	48004
-26	34	3	36	259391	0	51348	48004
-29	29	4	30	261164	0	51348	48004
-31	32	2	30	261857	0	51348	48004
-32	33	5	36	263036	0	51348	48004
-33	32	3	30	263594	0	51348	48004
-33	34	5	36	265214	0	51348	48004
-35	31	4	30	268166	0	51348	48004
-35	33	1	30	270677	0	51348	48004
-37	32	5	36	272144	0	51348	48004
-22	48	5	48	273701	0	51348	48004
-24	31	4	30	277031	0	51348	48004
-27	31	2	29	281126	0	51348	48004
-26	33	4	35	285095	0	51348	48004
-29	30	4	30	288470	0	51348	48004
-31	32	2	30	290846	0	51348	48004
-32	33	5	36	293879	0	51348	48004
-34	31	4	30	298352	0	51348	48004
-35	33	1	30	303284	0	51348	48004
-34	34	3	36	307514	0	51348	48004
-36	31	2	30	312797	0	51348	48004
-22	49	1	48	317810	0	51348	48004
-24	30	1	30	322481	0	51348	48004

-26	31	6	36	328160	0	51348	48004
-26	34	2	30	334361	0	51348	48004
-29	30	2	30	340391	0	51348	48004
-28	34	4	36	344153	0	51348	48004
-27	35	5	36	345476	0	51348	48004
-35	29	5	29	345566	0	51348	48004
-33	31	4	30	344729	0	51348	48004
-34	33	1	30	344567	0	51348	48004
-21	46	3	48	343775	0	51348	48004
-37	17	4	18	342794	0	51348	48004
-24	47	5	48	342200	0	51348	48004
-26	31	4	30	341552	0	51348	48004
-25	34	6	36	341795	0	51348	48004
-29	30	6	30	339113	0	51348	48004
-31	31	5	30	335702	0	51348	48004
-32	32	3	30	334514	0	51348	48004
-33	33	6	36	334802	0	51348	48004
-33	33	3	30	334982	0	51348	48004
-33	33	6	36	335018	0	51348	48004
-35	32	4	30	335459	0	51348	48004
-37	31	3	30	335846	0	51348	48004
-21	49	1	47	337088	0	51348	48004
-24	31	6	36	337772	0	51348	48004
-27	30	6	30	337655	0	51348	48004
-27	33	3	30	336098	0	51348	48004
-29	32	1	30	333443	0	51348	48004
-31	31	6	36	333605	0	51348	48004
-30	34	2	30	332795	0	51348	48004
-33	32	6	36	332642	0	51348	48004
-34	31	5	30	332777	0	51348	48004
-32	34	6	35	332930	0	51348	48004

-35	31	5	30	332840	0	51348	48004
-35	34	1	30	332489	0	51348	48004
-25	43	5	47	331175	0	51348	48004
-26	33	2	30	330644	0	51348	48004
-28	31	1	30	328097	0	51348	48004
-28	33	4	36	328718	0	51348	48004
-31	31	3	30	330743	0	51348	48004
-31	33	0	30	333425	0	51348	48004
-30	33	3	36	335549	0	51348	48004
-34	31	2	30	337079	0	51348	48004
-34	33	5	36	339086	0	51348	48004
-35	32	3	30	340985	0	51348	48004
-34	35	4	36	340436	0	51348	48004
-22	45	1	42	339626	0	51348	48004
-24	31	6	36	339041	0	51348	48004
-27	31	5	30	337502	0	51348	48004
-26	34	1	30	333776	0	51348	48004
-29	30	1	30	328997	0	51348	48004
-30	33	3	35	329528	0	51348	48004
-31	32	1	30	328889	0	51348	48004
-31	33	4	36	326621	0	51348	48004
-34	31	3	30	325496	0	51348	48004
-34	33	5	35	326063	0	51348	48004
-36	31	4	30	329411	0	51348	48004
-21	49	3	48	331616	0	51348	48004
-37	17	4	18	334154	0	51348	48004
-25	45	1	42	335117	0	51348	48004
-24	35	2	36	336089	0	51348	48004
-28	29	3	30	337412	0	51348	48004
-28	33	5	35	337943	0	51348	48004

-28	33	2	30	339122	0	51348	48004
-33	29	3	30	340418	0	51348	48004
-33	33	0	30	342551	0	51348	48004
-34	33	3	36	340787	0	51348	48004
-34	33	6	36	337592	0	51348	48004
-35	32	4	30	333677	0	51348	48004
-37	32	2	30	326756	0	51348	48004
-23	47	3	48	321716	0	51348	48004
-25	31	2	30	324389	0	51348	48004
-28	31	1	30	327449	0	51348	48004
-27	34	3	36	327269	0	51348	48004
-30	30	3	30	324488	0	51348	48004
-26	38	1	36	307793	0	51348	48004
-32	27	4	30	299198	0	51348	48004
-32	33	1	30	295832	0	51348	48004
-35	31	5	35	293843	0	51348	48004
-35	32	3	30	291737	0	51348	48004
-36	32	1	30	291728	0	51348	48004
-24	46	3	48	292727	0	51348	48004
-24	34	5	36	295508	0	51348	48004
-25	31	4	30	299369	0	51348	48004
-26	34	6	36	304823	0	51348	48004
-28	31	5	30	312518	0	51348	48004
-30	30	5	30	316910	0	51348	48004
-32	33	2	30	319511	0	51348	48004
-33	32	6	36	321617	0	51348	48004
-33	33	3	30	325613	0	51348	48004
-34	33	6	36	329996	0	51348	48004
-35	32	4	30	332570	0	51348	48004
-36	32	2	30	332669	0	51348	48004

-25	45	5	48	330977	0	51348	48004
-23	35	6	36	327062	0	51348	48004
-25	31	5	30	322589	0	51348	48004
-29	30	4	29	318899	0	51348	48004
-30	32	2	30	314849	0	51348	48004
-31	32	6	36	310007	0	51348	48004
-31	33	3	30	306965	0	51348	48004
-33	32	1	30	303023	0	51348	48004
-35	31	6	36	298253	0	51348	48004
-35	34	2	30	298433	0	51348	48004
-37	31	1	30	299315	0	51348	48004
-22	48	1	48	301259	0	51348	48004
-19	37	6	42	301646	0	51348	48004
-26	26	4	24	302798	0	51348	48004
-28	31	2	29	305408	0	51348	48004
-30	32	6	36	306803	0	51348	48004
-31	32	4	30	307424	0	51348	48004
-32	32	2	30	307343	0	51348	48004
-33	33	5	36	306722	0	51348	48004
-33	33	2	30	306047	0	51348	48004
-34	32	6	36	304283	0	51348	48004
-37	31	5	30	302915	0	51348	48004
-21	49	4	48	302771	0	51348	48004
-36	18	4	18	302771	0	51348	48004
-25	46	6	48	302294	0	51348	48004
-27	30	6	30	301349	0	51348	48004
-27	33	3	30	299999	0	51348	48004
-32	30	3	30	299729	0	51348	48004
-30	33	5	35	300809	0	51348	48004
-31	32	3	30	301367	0	51348	48004

-33	32	1	30	300638	0	51348	48004
-33	33	4	36	300863	0	51348	48004
-34	32	2	30	301790	0	51348	48004
-33	35	3	36	302834	0	51348	48004
-22	44	1	42	304913	0	51348	48004
-25	31	6	36	305975	0	51348	48004
-27	32	4	30	306992	0	51348	48004
-26	34	5	35	307919	0	51348	48004
-28	31	4	30	309710	0	51348	48004
-30	32	2	30	311708	0	51348	48004
-30	33	5	36	313904	0	51348	48004
-33	30	5	30	316334	0	51348	48004
-33	34	1	30	318737	0	51348	48004
-35	32	5	36	320555	0	51348	48004
-36	31	3	29	320897	0	51348	48004
-21	48	3	48	318845	0	51348	48004
-24	31	2	30	315785	0	51348	48004
-26	31	1	30	312302	0	51348	48004
-25	34	3	36	309053	0	51348	48004
-28	31	2	30	307280	0	51348	48004
-30	31	1	30	306398	0	51348	48004
-31	33	4	36	305948	0	51348	48004
-31	33	1	30	305219	0	51348	48004
-33	31	6	36	302735	0	51348	48004
-34	33	3	30	300287	0	51348	48004
-35	32	1	30	298775	0	51348	48004
-36	31	6	36	292952	0	51348	48004
-23	48	6	48	289154	0	51348	48004
-25	31	5	30	285473	0	51348	48004
-25	33	1	29	279389	0	51348	48004

-28	30	1	30	274772	0	51348	48004
-30	32	5	36	270668	0	51348	48004
-30	32	2	29	267806	0	51348	48004
-30	34	4	36	266933	0	51348	48004
-31	32	2	30	269471	0	51348	48004
-34	30	2	30	275285	0	51348	48004
-35	34	3	35	281729	0	51348	48004
-35	33	6	36	286679	0	51348	48004
-36	32	4	30	289793	0	51348	48004
-25	45	1	42	293672	0	51348	48004
-24	34	3	36	299621	0	51348	48004
-26	31	2	30	303599	0	51348	48004
-27	33	5	36	304715	0	51348	48004
-28	32	3	30	306722	0	51348	48004
-29	32	1	30	307712	0	51348	48004
-31	32	4	35	310376	0	51348	48004
-32	32	2	30	313850	0	51348	48004
-33	31	1	30	316262	0	51348	48004
-34	34	3	36	318989	0	51348	48004
-37	30	2	29	319754	0	51348	48004
-34	36	2	36	320456	0	51348	48004
-26	42	2	42	321437	0	51348	48004
-25	34	4	36	322994	0	51348	48004
-27	31	2	29	324317	0	51348	48004
-30	31	1	30	326567	0	51348	48004
-30	33	4	36	334208	0	51348	48004
-31	32	2	30	343190	0	51348	48004
-31	34	4	36	355277	0	51348	48004
-34	30	4	30	369056	0	51348	48004
-33	34	6	36	380477	0	51348	48004

-34	33	3	30	390044	0	51348	48004
-37	31	4	32	400466	0	51348	48004
-24	46	6	48	410384	0	51348	48004
-24	34	2	30	419870	0	51348	48004
-26	30	1	29	426278	0	51348	48004
-29	30	1	30	430580	0	51348	48004
-30	33	4	36	432920	0	51348	48004
-29	34	6	36	432020	0	51348	48004
-30	32	4	30	428510	0	51348	48004
-34	30	4	30	422606	0	51348	48004
-34	33	1	30	414974	0	51348	48004
-36	31	6	36	406622	0	51348	48004
-23	48	5	47	397721	0	51348	48004
-22	33	2	30	450218	0	51348	48004
-23	32	6	36	455258	0	51348	48004
-25	32	4	30	450317	0	51348	48004
-28	30	4	30	436358	0	51348	48004
-28	33	1	30	423092	0	51348	48004
-29	33	4	36	407909	0	51348	48004
-31	31	3	30	391394	0	51348	48004
-32	32	1	30	373700	0	51348	48004
-34	32	5	36	356015	0	51348	48004
-34	33	1	29	335531	0	51348	48004
-35	31	6	36	313112	0	51348	48004
-21	49	5	48	290783	0	51348	48004
-24	30	5	30	273728	0	51348	48004
-23	34	1	30	265547	0	51348	48004
-27	30	1	30	266951	0	51348	48004
-29	31	6	36	274817	0	51348	48004
-30	32	4	30	283169	0	51348	48004

-29	35	5	36	289748	0	51348	48004
-33	29	2	26	295679	0	51348	48004
-32	33	4	35	298487	0	51348	48004
-35	32	2	30	298235	0	51348	48004
-36	32	6	36	298181	0	51348	48004
-35	33	3	30	299720	0	51348	48004
-25	45	6	48	304715	0	51348	48004
-24	34	2	30	310970	0	51348	48004
-26	31	1	30	316316	0	51348	48004
-27	33	3	35	318719	0	51348	48004
-30	30	3	30	317774	0	51348	48004
-30	33	6	36	315047	0	51348	48004
-31	33	3	30	310286	0	51348	48004
-33	31	2	30	306299	0	51348	48004
-34	32	6	36	304409	0	51348	48004
-35	33	3	30	308270	0	51348	48004
-36	32	1	30	316505	0	51348	48004
-37	32	5	36	329114	0	51348	48004
-23	48	5	48	356861	0	51348	48004
-24	32	3	30	390629	0	51348	48004
-27	30	3	30	405902	0	51348	48004
-28	33	6	36	413021	0	51348	48004
-29	32	4	30	429041	0	51348	48004
-29	33	1	30	442370	0	51348	48004
-31	33	4	36	454781	0	51348	48004
-32	32	2	30	462287	0	51348	48004
-33	32	6	36	466868	0	51348	48004
-36	32	4	30	471368	0	51348	48004
-36	32	2	30	475139	0	51348	48004
-19	50	6	54	479360	0	51348	48004

-25	29	6	29	483725	0	51348	48004
-25	32	5	31	485732	0	51348	48004
-28	30	5	30	486983	0	51348	48004
-31	31	4	30	486830	0	51348	48004
-31	33	1	30	485147	0	51348	48004
-31	33	4	36	481925	0	51348	48004
-32	33	1	30	477533	0	51348	48004
-34	31	5	35	472205	0	51348	48004
-35	31	4	30	465617	0	51348	48004
-35	34	6	36	459722	0	51348	48004
-21	48	5	47	455591	0	51348	48004
-35	19	4	18	452000	0	51348	48004
-24	45	6	47	448004	0	51348	48004
-25	31	5	30	443720	0	51348	48004
-27	31	4	30	436934	0	51348	48004
-31	31	3	30	428807	0	51348	48004
-30	33	6	36	420491	0	51348	48004
-30	33	3	30	411752	0	51348	48004
-34	30	3	30	403103	0	51348	48004
-35	33	6	36	395048	0	51348	48004
-35	32	4	30	388964	0	51348	48004
-21	49	3	48	383969	0	51348	48004
-23	31	2	30	380027	0	51348	48004
-22	33	5	36	377597	0	51348	48004
-27	29	6	30	376211	0	51348	48004
-26	34	2	30	374789	0	51348	48004
-28	31	1	30	373781	0	51348	48004
-30	33	4	36	372791	0	51348	48004
-31	32	2	30	372260	0	51348	48004
-32	31	1	30	371585	0	51348	48004
-33	33	4	36	370109	0	51348	48004

-34	33	1	30	368876	0	51348	48004
-36	31	5	35	368147	0	51348	48004
-37	31	4	30	367985	0	51348	48004
-23	48	4	48	368570	0	51348	48004
-23	32	2	30	368831	0	51348	48004
-28	30	2	30	369569	0	51348	48004
-26	35	3	36	370118	0	51348	48004
-30	29	4	30	370973	0	51348	48004
-31	33	1	30	371558	0	51348	48004
-30	34	3	36	372422	0	51348	48004
-33	30	3	30	373367	0	51348	48004
-32	35	4	36	373448	0	51348	48004
-35	31	3	30	373952	0	51348	48004
-30	37	2	36	373772	0	51348	48004

