Size	BytesSoFar	DeltaCreationEnqueue	DeltaEnqueue	DeltaStayedQueue	DeltaDequeue
1	1094002	1	0	10	0
1	1092427	1	17	9	16
1	1100059	1	30	13	34
1	1095685	1	32	12	31
1	1094146	1	35	8	31
1	1092823	1	33	7	32
1	1091986	1	32	8	33
1	1093174	1	34	6	32
1	1092868	1	33	4	31
1	1091014	1	33	5	34
1	1092382	1	35	1	31
1	1095478	1	33	15	47
1	1085713	1	33	14	32
1	1096027	1	34	14	34
1	1092346	1	32	13	31
1	1096189	1	34	10	31
1	1094290	1	32	9	31
1	1090726	1	34	7	32
1	1094803	1	32	6	31
1	1096225	1	36	3	33

1	1092283	1	31	6	34
1	1091419	1	34	4	32
1	1084939	2	35	2	33
1	1089952	1	32	16	46
1	1090375	2	34	14	32
1	1083859	0	33	13	32
1	1090780	1	33	11	31
1	1090762	1	34	10	33
1	1094821	1	34	8	32
1	1094416	1	32	7	31
1	1089151	1	33	6	32
1	1083814	1	35	5	34
1	1091509	1	33	3	31
1	1088539	1	32	2	31
1	1093534	1	35	14	47
1	1081033	1	33	2	21
1	1095172	1	33	14	45
1	1091644	1	33	11	30
1	1092481	1	33	12	34
1	1090798	1	33	10	31
1	1091131	1	34	7	31
1	1088557	1	33	6	32
1	1101580	1	33	7	34
1	1096477	1	34	5	32
1	1087936	1	33	3	31
1	1093210	1	33	1	31
1	1095910	1	35	15	49
1	1090798	1	32	16	33
1	1095334	1	33	13	30
1	1092067	1	35	13	35

1	1087396	1	32	12	31
1	1097251	1	42	2	32
1	1095478	0	25	8	31
1	1086847	1	34	5	31
1	1095289	1	32	5	32
1	1090870	1	35	4	34
1	1095685	1	33	2	31
1	1092301	1	32	16	46
1	1084669	1	35	14	33
1	1090744	1	32	15	33
1	1091077	1	33	13	31
1	1085524	1	34	12	33
1	1092643	1	33	9	30
1	1090321	1	33	8	32
1	1081843	1	34	8	34
1	1087657	0	33	6	31
1	1092184	1	33	6	33
1	1098502	1	34	2	30
1	1089709	1	33	4	35
1	1095739	1	33	16	45
1	1094605	1	34	16	34
1	1093777	1	33	14	31
1	1106035	1	33	12	31
1	1093561	1	34	10	32
1	1093795	1	33	9	32
1	1101175	1	33	10	34
1	1095145	1	34	6	30
1	1094632	1	33	6	33
1	1091743	1	33	4	31
1	1093633	0	34	3	33

1	1088332	1	33	5	35
1	1090555	1	34	2	31
1	1086055	1	34	13	45
1	1094380	1	33	13	33
1	1096189	1	33	11	31
1	1091599	1	33	13	35
1	1092013	1	34	10	31
1	1091842	1	31	10	31
1	1093516	1	35	7	32
1	1088359	1	32	7	32
1	1105135	1	34	4	31
1	1092445	1	34	4	34
1	1101472	1	34	2	32
1	1094812	1	32	1	31
1	1091752	1	34	15	48
1	1101724	1	34	13	32
1	1095334	1	32	12	31
1	1095370	0	33	10	31
1	1087729	1	34	8	32
1	1091563	1	33	7	32
1	1088278	1	34	6	33
1	1094695	0	32	7	33
1	1098268	1	34	6	33
1	1093489	1	35	3	32
1	1094362	1	32	1	30
1	1087963	1	33	16	48
1	1096396	1	35	14	33
1	1089007	1	32	13	31
1	1095478	1	33	11	31
1	1094668	1	34	9	32

1	1091761	1	33	10	34
1	1091068	1	33	8	31
1	1103191	1	35	5	32
1	1093300	0	31	5	31
1	1090771	1	34	2	31
1	1091014	1	34	16	48
1	1093894	1	34	14	32
1	1095541	1	32	14	32
1	1097701	1	34	13	33
1	1090204	1	33	10	30
1	1090303	1	33	9	32
1	1094245	1	34	9	34
1	1091617	1	33	8	32
1	1087936	1	32	7	31
1	1095253	1	35	5	33
1	1085497	1	33	3	31
1	1094443	1	33	2	32
1	1090474	1	34	15	47
1	1088944	1	33	15	33
1	1087855	1	33	14	32
1	1088773	1	34	12	32
1	1095757	0	33	10	31
1	1101562	0	33	9	32
1	1094344	0	33	9	33
1	1088647	0	33	8	32
1	1094371	1	34	6	32
1	1098430	1	34	5	33
1	1086829	1	34	3	32
1	1097080	1	32	3	32
1	1092697	1	35	13	45

1	1092661	1	32	16	35
1	1093822	1	33	14	31
1	1093435	1	34	10	30
1	1092679	1	34	9	33
1	1095280	1	32	8	31
1	1082725	1	34	7	33
1	1092778	1	34	5	32
1	1090591	1	32	4	31
1	1090312	1	35	1	32
1	1098547	1	32	16	47
1	1094218	1	33	15	32
1	1099906	1	34	15	34
1	1095766	1	33	12	30
1	1087108	1	33	11	32
1	1092436	1	34	12	35
1	1089097	1	33	8	29
1	1090222	1	33	7	32
1	1100392	1	34	7	34
1	1092985	1	33	6	32
1	1095451	1	33	4	31
1	1093165	0	34	18	48
1	1093165	1	33	18	33
1	1093921	1	33	2	17
1	1101229	1	35	13	46
1	1093795	1	33	11	31
1	1088305	1	33	11	33
1	1094119	1	33	9	31
1	1096135	1	33	8	32
1	1096945	1	33	6	31
1	1090753	1	34	5	33
1	1093525	1	33	3	31

1	1109887	1	33	1	31
1	1094659	1	34	15	48
1	1093876	1	33	14	32
1	1088863	1	33	15	34
1	1100671	1	34	13	32
1	1088998	1	33	10	30
1	1084318	1	33	12	35
1	1079872	1	35	8	31
1	1074130	1	33	7	32
1	1075048	1	32	4	29
1	1079566	1	34	5	35
1	1065805	1	33	4	32
1	1080079	1	33	2	31
1	1073311	1	34	14	46
1	1073770	1	34	13	33
1	1068289	1	33	12	32
1	1071007	1	34	9	31
1	1070044	1	33	8	32
1	1065364	1	32	9	33
1	1063339	1	34	6	31
1	1057399	1	33	6	33
1	1056022	1	33	4	31
1	1050469	1	34	1	31
1	1048408	1	33	16	48
1	1052629	1	33	1	18
1	1047364	1	34	14	47
1	1047121	1	33	12	31
1	1046941	1	33	13	34
1	1051936	1	35	8	30
1	1046905	0	32	10	34

1	1049722	0	33	7	30
1	1042927	1	34	6	33
1	1046680	1	34	3	31
1	1041397	1	33	2	32
1	1044781	1	33	1	32
1	1049110	1	33	16	48
1	1043476	1	33	15	32
1	1044457	1	35	13	33
1	1056877	1	32	12	31
1	1048759	0	33	10	31
1	1051792	1	35	8	33
1	1048651	0	32	8	32
1	1048462	1	33	7	32
1	1053547	1	34	6	33
1	1046995	1	34	4	32
1	1049083	1	33	4	33
1	1055230	1	34	1	31
1	1043674	1	32	17	48
1	1055725	1	35	13	31
1	1045312	1	33	14	34
1	1049677	1	32	14	32
1	1045249	2	34	12	32
1	1049155	1	34	9	31
1	1052431	2	33	8	32
1	1052260	1	32	6	30
1	1050775	1	34	4	32
1	1046302	1	33	2	31
1	1049371	1	33	4	35
1	1042540	1	34	17	47
1	1053925	2	34	15	32

1	1049596	1	32	14	31
1	1043413	1	34	13	33
1	1053124	1	34	10	31
1	1051360	1	33	8	31
1	1054762	1	34	8	34
1	1046851	1	33	7	32
1	1042765	1	32	5	30
1	1051990	1	35	5	35
1	1061134	1	33	4	32
1	1051324	1	33	3	32
1	1063951	1	34	16	47
1	1047004	1	33	15	32
1	1052530	1	33	14	32
1	1047598	1	34	11	31
1	1052638	1	33	8	30
1	1052368	1	32	9	33
1	1052548	1	35	6	32
1	1049416	2	33	5	32
1	1053286	1	33	3	31
1	1043512	1	34	4	35
1	1050955	1	33	1	30
1	1048714	1	33	17	49
1	1049200	1	34	13	30
1	1048966	1	33	14	34
1	1049065	1	33	12	31
1	1050415	1	34	11	33
1	1051837	1	33	9	31
1	1053772	1	32	7	30
1	1050865	1	35	5	33
1	1051216	2	33	4	32

1	1056121	1	32	6	34
1	1050721	1	35	3	32
1	1046662	1	33	16	46
1	1044394	1	33	14	31
1	1052413	1	34	13	33
1	1048120	1	33	12	32
1	1050928	1	34	10	32
1	1049083	1	34	10	34
1	1050496	1	32	8	30
1	1045015	1	33	7	32
1	1051594	1	34	6	33
1	1050109	1	33	4	31
1	1050775	1	33	3	32
1	1053475	1	34	1	32
1	1056382	1	33	16	48
1	1059343	1	33	14	31
1	1055617	1	34	12	32
1	1052314	1	33	13	34
1	1052656	1	33	12	32
1	1060135	1	34	9	31
1	1057264	1	32	7	30
1	1058533	1	34	7	34
1	1057597	1	34	4	31
1	1052017	1	33	4	33
1	1060090	1	33	3	32
1	1053844	1	35	16	48
1	1053223	1	32	15	31
1	1052368	1	34	14	33
1	1055464	1	33	13	32
1	1055248	1	33	12	32

1	1061188	1	33	11	32
1	1070539	1	34	8	31
1	1066129	1	33	7	32
1	1067425	1	33	7	33
1	1066570	1	34	5	32
1	1063510	1	33	4	32
1	1064770	1	34	1	31
1	1063618	1	33	15	47
1	1067704	1	34	14	33
1	1060954	1	32	14	32
1	1064995	1	35	12	33
1	1072393	1	33	10	31
1	1069864	1	31	9	30
1	1060603	1	35	7	33
1	1062457	1	32	7	32
1	1064806	1	33	6	32
1	1064977	1	35	3	32
1	1058695	1	33	1	31
1	1061125	1	33	16	48
1	1076857	1	34	16	34
1	1065364	1	33	13	30
1	1069396	1	33	14	34
1	1056535	1	34	12	32
1	1065157	1	33	12	33
1	1067569	1	33	10	31
1	1059865	1	35	7	32
1	1063897	1	32	5	30
1	1058299	1	33	6	34
1	1062601	1	34	4	32
1	1066426	1	33	2	31

1	1064995	1	33	16	47
1	1068352	1	33	15	32
1	1065778	1	34	15	34
1	1062529	1	33	14	32
1	1069585	0	33	11	30
1	1069666	1	33	9	31
1	1072681	1	33	9	33
1	1065913	2	35	5	31
1	1064464	1	32	7	34
1	1069351	1	34	5	32
1	1073446	1	34	1	30
1	1064752	1	34	1	34
1	1064500	1	31	2	32
1	1061656	1	35	15	48
1	1071538	1	33	13	31
1	1065553	1	32	13	32
1	1066723	0	34	12	33
1	1063591	1	33	10	31
1	1060936	1	34	7	31
1	1070107	1	34	6	33
1	1062241	1	33	6	33
1	1066309	1	33	4	31
1	1070386	1	34	0	30
1	1068019	1	33	15	48
1	1068505	1	32	16	33
1	1069783	1	35	12	31
1	1072834	1	32	15	35
1	1070512	1	33	13	31
1	1071682	1	35	9	31
1	1066426	1	33	8	32
1	1064905	1	33	7	32

2	1071988	1	53	18	64
2	2142770	1	16	2	64
1	1066300	1	31	4	33
1	1071646	1	34	16	46
1	1066687	1	33	14	31
1	1069045	1	32	16	34
1	1066642	1	35	12	31
1	1068874	1	33	10	31
1	1062331	1	33	12	35
1	1061755	1	34	8	30
1	1069513	1	33	7	32
1	1067632	1	33	7	33
1	1061503	1	33	5	31
1	1070323	1	34	4	33
1	1066255	1	32	3	31
1	1070332	1	35	15	47
1	1067299	1	32	16	33
1	1065652	1	34	14	32
1	1067515	1	34	13	33
1	1072024	1	33	12	32
1	1072006	2	33	10	31
1	1066894	1	33	8	31
1	1069819	1	33	8	33
1	1064617	1	33	7	32
1	1074814	1	35	4	32
1	1067659	1	32	4	32
1	1058839	1	33	2	31
1	1070422	1	36	15	49
1	1070107	1	32	15	32
1	1070809	1	32	14	31

1	1069576	1	34	10	30
1	1067272	1	36	8	34
1	1073005	1	30	9	31
1	1063411	1	35	5	31
1	1074976	1	39	17	51
1	1076047	1	27	20	30
1	1072258	1	34	17	31
1	1068442	1	33	18	34
1	1068469	1	33	16	31
1	1069873	1	35	12	31
1	1074553	1	32	15	35
1	1066903	1	33	13	31
1	1075021	1	34	12	33
1	1066939	1	33	10	31
1	1066507	1	33	8	31
1	1074850	1	35	4	31
1	1071601	1	32	6	34
1	1066804	1	32	5	31
1	1071943	1	35	16	46
1	1077766	1	33	15	32
1	1072645	1	33	15	33
1	1075786	1	34	13	32
1	1064860	1	33	14	34
1	1074436	1	33	12	31
1	1073302	1	34	9	31
1	1072717	0	32	10	33
1	1081150	1	33	8	31
1	1080340	1	35	6	33
1	1068451	1	33	4	31
1	1067623	1	33	3	32

1	1073941	1	34	5	36
1	1079098	0	33	16	44
1	1079305	1	33	16	33
1	1091455	1	34	13	31
1	1076074	1	33	12	32
1	1077658	1	33	11	32
1	1071466	1	33	10	32
1	1074148	1	33	9	32
1	1080448	1	33	6	30
1	1076083	2	35	4	33
1	1070548	1	33	2	31
1	1069891	1	32	3	33
1	1075894	0	34	16	47
1	1076902	1	34	15	33
1	1071790	1	32	14	31
1	1079314	1	35	12	33
1	1075957	1	32	12	32
1	1072087	1	33	12	33
1	1077280	1	35	8	31
1	1074589	1	32	8	32
1	1071979	2	35	5	32
1	1069954	1	33	5	33
1	1078279	1	32	5	32
1	1074130	1	33	4	32
1	1070332	1	35	16	47
1	1075561	1	32	15	31
1	1070026	1	33	14	32
1	1078738	1	35	10	31
1	1078711	1	32	11	33
1	1064005	1	33	9	31

1	1074049	1	34	11	36
1	1076515	1	33	7	29
1	1078018	1	34	5	32
1	1076191	0	33	6	34
1	1080322	1	34	1	29
1	1080547	1	33	17	49
1	1080556	1	33	16	32
1	1082437	0	33	14	31
1	1077172	1	33	16	35
1	1074994	1	35	11	30
1	1080898	0	32	10	31
1	1071925	1	33	10	33
1	1076794	1	34	7	31
1	1075642	1	34	7	34
1	1070341	1	33	6	32
1	1082887	1	34	1	29
1	1077505	1	34	16	49
1	1071187	1	32	16	32
1	1076335	1	35	14	33
1	1083103	1	32	13	31
1	1076695	0	32	12	31
1	1079836	1	35	11	34
1	1073041	1	33	9	31
1	1076659	1	33	10	34
1	1077118	1	34	7	31
1	1079980	1	33	6	32
1	1076290	1	33	3	30
1	1069063	1	34	0	31
1	1082797	1	34	14	48
1	1083472	1	32	15	33

1	1093354	1	34	16	35
1	1077838	0	32	11	27
1	1079575	1	34	11	34
1	1082248	1	35	23	47
1	1082986	1	32	22	31
1	1076254	1	33	7	18
1	1073770	1	35	3	31
1	1080961	1	32	3	32
1	1080691	1	33	2	32
1	1069954	1	34	17	49
1	1076092	1	33	15	31
1	1079134	1	33	15	33
1	1074670	1	34	13	32
1	1083562	1	33	13	33
1	1089484	1	33	12	32
1	1078063	1	34	8	30
1	1082842	1	32	7	31
1	1077217	1	33	6	32
1	1076542	1	34	4	32
1	1081906	1	33	4	33
1	1076713	1	33	3	32
1	1083787	1	35	15	47
1	1070962	1	32	15	32
1	1074193	1	34	15	34
1	1085659	1	34	12	31
1	1076452	1	33	10	31
1	1082401	1	33	11	34
1	1079683	1	35	7	31
1	1074958	1	32	7	32
1	1073167	1	33	7	33
1	1083148	1	34	3	30

1	1071925	1	33	1	31
1	1080511	1	34	1	34
1	1079503	0	33	16	48
1	1078324	1	33	14	31
1	1078459	1	33	13	32
1	1084768	1	34	18	39
1	1077784	1	34	10	26
1	1070836	1	31	9	30
1	1081033	1	34	7	32
1	1081654	0	33	6	32
1	1079098	1	33	6	33
1	1082275	1	35	2	31
1	1070404	1	33	1	32
1	1083427	0	32	17	48
1	1079971	1	35	13	31
1	1081456	1	33	14	34
1	1082203	1	33	11	30
1	1083922	1	34	11	34
1	1082554	1	32	11	32
1	1078351	0	33	8	30
1	1079413	1	34	5	31
1	1079728	1	33	5	33
1	1086748	1	33	4	32
1	1071907	1	35	2	33
1	1083607	1	33	0	31
1	1077622	1	32	17	49
1	1086217	1	35	14	32
1	1080808	1	32	13	31
1	1076686	1	34	12	33
1	1077658	1	33	11	32

1	1079611	1	33	8	30
1	1081654	1	33	8	33
1	1086820	1	35	4	31
1	1083238	1	33	6	35
1	1080088	1	32	5	31
1	1074373	1	35	14	44
1	1075651	1	33	15	34
1	1080070	1	32	15	32
1	1075003	1	34	14	33
1	1085488	1	33	12	31
1	1077361	1	33	10	31
1	1078945	0	34	9	33
1	1079170	1	34	7	32
1	1075165	1	32	8	33
1	1075975	1	35	4	31
1	1085695	1	33	3	32
1	1079566	1	33	1	31
1	1077532	1	34	1	34
1	1081690	1	32	17	48
1	1068892	1	34	15	32
1	1084570	1	34	12	31
1	1073455	1	33	13	34
1	1075426	1	33	11	31
1	1078252	1	34	8	31
1	1068361	1	33	7	32
1	1075795	1	33	5	31
1	1069441	1	34	5	34
1	1063528	1	33	4	32
1	1073806	1	33	3	32
1	1071871	1	34	17	48

1	1075417	0	33	14	30
1	1082707	1	32	15	33
1	1070062	1	34	14	33
1	1080358	2	34	11	31
1	1082320	1	32	11	32
1	1072483	1	34	8	31
1	1079827	1	33	7	32
1	1082023	1	33	7	33
1	1073194	1	34	5	32
1	1071763	0	33	4	32
1	1072816	1	33	4	33
1	1078918	1	34	2	32
1	1072681	1	34	14	46
1	1076560	1	32	14	32
1	1067083	1	36	11	33
1	1082023	1	32	10	31
1	1076821	1	32	10	32
1	1074706	1	34	8	32
1	1078198	1	33	6	31
1	1076101	1	33	6	33
1	1076083	1	35	4	33
1	1076434	1	34	14	44
1	1077244	1	33	15	34
1	1079341	1	33	14	32
1	1075237	1	33	15	34
1	1076767	1	33	13	31
1	1070188	1	34	11	32
1	1083697	0	33	10	32
1	1081213	1	34	7	31
1	1082302	1	32	6	31

1	1081438	1	33	7	34
1	1082284	1	33	6	32
1	1074085	1	34	2	30
1	1090555	1	33	17	48
1	1074688	1	33	15	31
1	1082275	1	35	14	34
1	1080187	1	33	12	31
1	1076245	1	33	9	30
1	1079530	1	33	12	36
1	1076767	1	34	6	28
1	1072690	1	33	7	34
1	1086514	1	35	4	32
1	1080556	1	32	5	33
1	1076344	1	33	4	32
1	1081654	1	34	2	32
1	1079665	1	33	2	33
1	1077901	1	33	15	46
1	1078657	1	35	12	32
1	1077550	1	32	12	32
1	1085038	2	34	12	34
1	1083742	1	33	12	33
1	1078378	1	33	8	29
1	1076821	1	33	7	32
1	1079728	1	34	4	31
1	1086334	1	32	4	32
1	1084759	1	33	4	33
1	1069801	1	38	15	49
1	1085857	1	32	16	33
1	1072600	1	34	14	32
1	1081915	1	33	12	31

1	1089124	1	33	14	35
1	1080565	1	33	10	29
1	1077649	1	34	8	32
1	1080376	1	33	6	31
1	1089826	1	34	4	32
1	1075345	2	35	1	32
1	1079341	1	33	15	47
1	1085803	1	32	14	31
1	1095028	1	32	14	32
1	1086640	1	32	15	33
1	1090969	1	33	13	31
1	1098754	1	33	10	30
1	1098331	1	33	9	32
1	1098340	1	33	10	34
1	1104406	1	34	7	31
1	1107358	1	33	7	33
1	1108114	1	33	6	32
1	1117798	1	35	2	31
1	1114540	1	33	17	48
1	1121992	1	32	2	17
1	1115935	1	35	14	47
1	1125673	1	33	14	33
1	1108843	1	33	13	32
1	1099330	1	34	11	32
1	1088818	1	33	8	30
1	1081771	1	32	9	33
1	1086307	1	35	5	31
1	1084687	1	32	7	34
1	1081555	1	34	6	33
1	1080232	1	34	4	32

1	1068811	1	43	11	50
1	1058452	1	23	1	13
1	1041451	1	34	14	47
1	1025701	0	32	16	34
1	1001212	1	34	13	31
1	992779	1	33	13	33
1	983239	1	34	9	30
1	984130	1	32	10	33
1	983851	1	34	7	31
1	985084	1	33	4	30
1	985678	1	33	6	35
1	990070	1	33	4	31
1	989458	1	34	16	46
1	988333	1	33	2	19
1	988306	1	34	12	44
1	989584	1	33	15	36
1	989989	0	32	14	31
1	988000	1	35	9	30
1	986569	1	33	9	33
1	991477	1	33	7	31
1	993133	0	34	7	34
1	991234	1	33	5	31
1	991783	1	33	5	33
1	996769	1	34	3	32
1	997642	0	33	17	47
1	1000756	1	33	16	32
1	995590	0	35	12	31
1	1001089	1	33	11	32
1	1006021	1	32	11	32
1	1001332	1	34	10	33
1	1003681	1	33	9	32

1	1003096	1	33	8	32
1	1004887	1	34	6	32
1	995941	1	33	4	31
1	993385	0	32	4	32
1	997516	1	35	2	33
1	1000027	1	33	17	48
1	999928	1	33	16	32
1	994294	1	35	12	31
1	996400	1	32	13	33
1	995860	0	33	13	33
1	1001170	1	35	8	30
1	998191	1	32	6	30
1	995626	1	32	7	33
1	990379	1	35	4	32
1	984277	1	33	6	35
1	992647	1	36	2	32
1	1004257	1	31	1	30
1	1001179	1	32	16	47
1	1016812	1	33	16	33
1	1013329	1	35	13	32
1	1013896	1	33	10	30
1	1036342	1	33	11	34
1	1051030	1	35	8	32
1	1069426	1	33	7	32
1	1089199	1	33	5	31
1	1093582	1	34	4	33
1	1100476	1	33	3	32
1	1102213	1	33	2	32
1	1108702	1	34	15	47
1	1100602	0	32	16	33

1	1111744	1	34	13	31
1	1119061	1	33	11	31
1	1104985	1	34	9	32
1	1103212	1	33	8	32
1	1106614	2	35	5	32
1	1107712	1	33	5	33
1	1101232	1	32	6	33
1	1104292	1	34	1	29
1	1109071	1	33	1	33
1	1104796	1	33	1	33
1	1098388	1	34	15	48
1	1106245	1	33	13	31
1	1104337	1	33	13	33
1	1111573	1	33	10	30
1	1107523	1	34	8	32
1	1110466	1	33	7	32
1	1106857	1	34	6	33
1	1108873	1	33	5	32
1	1105381	1	33	4	32
1	1095472	1	33	17	46
1	1095238	1	34	14	31
1	1083367	1	33	17	36
1	1092178	1	35	11	29
1	1085014	1	33	12	34
1	1091422	1	32	12	32
1	1089271	2	35	9	32
1	1083997	1	32	9	32
1	1085014	1	33	7	31
1	1083700	1	34	4	31
1	1085356	1	34	2	32

1	1083043	1	32	6	36
1	1089406	1	34	2	30
1	1087633	1	34	15	47
1	1086976	1	32	16	33
1	1088830	1	34	13	31
1	1090279	1	33	11	31
1	1090666	1	33	9	31
1	1092817	1	34	9	34
1	1083331	1	33	7	31
1	1084645	1	33	7	33
1	1095949	1	34	4	31
1	1089037	1	33	4	33
1	1087786	1	33	1	30
1	1092016	1	34	16	49
1	1089451	1	33	14	31
1	1090792	1	33	14	33
1	1097695	1	34	11	31
1	1095121	1	33	9	31
1	1095805	1	33	8	32
1	1087417	1	33	6	31
1	1102699	1	34	4	32
1	1097110	1	33	5	34
1	1097470	1	35	16	46
1	1097254	1	32	18	34
1	1100413	1	34	15	31
1	1089577	1	33	14	32
1	1100377	1	33	12	31
1	1105453	1	33	13	34
1	1108639	1	34	11	32
1	1101646	2	33	8	30

1	1109656	1	32	14	38
1	1096705	1	35	7	28
1	1101061	1	32	7	32
1	1107703	1	33	4	30
1	1106083	1	35	16	47
1	1100548	1	33	15	32
1	1101358	0	32	17	34
1	1097785	1	35	13	31
1	1098775	1	33	12	32
1	1108990	1	32	12	32
1	1101493	1	35	11	34
1	1105813	1	32	9	30
1	1099063	1	34	7	32
1	1104769	1	34	5	32
1	1096759	1	33	4	32
1	1100935	1	32	3	31
1	1108036	1	35	0	32
1	1107226	1	33	15	48
1	1101934	1	32	15	32
1	1104544	0	34	13	32
1	1106173	1	34	11	32
1	1101862	1	33	10	32
1	1098100	1	34	8	32
1	1098784	1	33	7	32
1	1102672	1	33	5	31
1	1104103	1	34	3	32
1	1096120	1	33	1	31
1	1107001	1	33	2	34
1	1101268	1	34	16	48
1	1102987	1	33	14	31

1	1098640	1	32	18	36
1	1104796	1	35	11	28
1	1101502	1	32	10	31
1	1100773	1	33	9	32
1	1102177	1	34	7	32
1	1109377	1	34	5	32
1	1090981	1	33	4	32
1	1099567	1	34	2	32
1	1094599	1	33	1	32
1	1095850	1	32	2	33
1	1098955	1	35	15	48
1	1107478	1	33	14	32
1	1097263	1	33	13	32
1	1098298	2	35	10	32
1	1097344	1	32	8	30
1	1094473	1	32	9	33
1	1093195	1	35	7	33
1	1096507	1	32	7	32
1	1104130	1	34	4	31
1	1104220	0	33	4	33
1	1108909	1	34	1	31
1	1093537	1	33	16	48
1	1104184	1	34	13	31
2	1105939	1	33	37	57
2	2201474	1	32	5	57
1	1096498	1	35	9	39
1	1098037	1	33	9	33
1	1105291	1	33	7	31
1	1103014	1	34	6	33
1	1099270	1	33	5	32
1	1114768	1	33	4	32

1	1103932	1	34	16	46
1	1103662	1	33	14	31
1	1103185	1	33	14	33
1	1108270	1	34	12	32
1	1101502	1	33	10	31
1	1098370	1	33	12	35
1	1103689	1	33	8	29
1	1103194	1	34	8	34
1	1096309	1	33	7	32
1	1102186	1	34	5	32
1	1103023	1	33	4	32
1	1097848	1	33	2	31
1	1100269	1	35	15	48
1	1109125	1	32	15	32
1	1099540	2	33	15	33
1	1113157	1	33	12	30
1	1101529	1	33	11	32
1	1099900	2	34	8	31
1	1099729	1	34	7	33
1	1110952	1	33	7	33
1	1094824	1	33	6	32
1	1097758	1	35	3	32
1	1095841	1	32	3	32
1	1095112	1	33	1	31
1	1105768	1	35	14	48
1	1105498	1	32	14	32
1	1101664	1	33	11	30
1	1105219	1	34	12	35
1	1103977	1	33	10	31
1	1101772	1	33	8	31

1	1099027	1	34	6	32
1	1105057	1	32	6	32
1	1098451	1	33	5	32
1	1096390	2	35	2	32
1	1106290	1	33	14	45
1	1100980	1	33	1	20
1	1103320	1	34	13	46
1	1092340	1	33	11	31
1	1104985	1	33	12	34
1	1102636	1	34	9	31
1	1099567	1	33	8	32
1	1103392	1	33	7	32
1	1095922	1	34	4	31
1	1100629	1	33	3	32
1	1104706	1	34	2	33
1	1103023	1	33	14	45
1	1108405	1	34	14	34
1	1108369	1	32	13	31
1	1092169	1	34	12	33
1	1096795	0	32	12	32
1	1100008	1	34	9	31
1	1099963	1	34	8	33
1	1092457	1	33	8	33
1	1115020	1	33	7	32
1	1121347	1	34	5	32
1	1110808	1	33	4	32
1	1093870	1	33	3	32
1	1072990	1	34	2	33
1	1063702	1	33	15	46
1	1074448	1	33	14	32

1	1062847	1	34	11	31
1	1041148	1	33	12	34
1	1024642	1	33	9	30
1	1015273	1	33	10	34
1	1017568	1	33	7	30
1	1010503	1	32	6	31
1	1005517	1	35	5	34
1	1001854	1	33	4	32
1	1002331	1	33	3	32
1	1013275	1	34	16	47
1	993646	1	33	14	31
1	1007722	1	32	14	32
1	1010836	1	35	12	33
1	1007983	0	32	12	32
1	1003870	1	34	8	30
1	1004212	1	34	6	32
1	996787	1	34	7	35
1	1006804	1	32	6	31
1	1008082	1	35	1	30
1	1017874	1	33	1	33
1	1026280	1	32	1	32
1	1056007	0	34	15	48
1	1072945	1	33	14	32
1	1083745	1	33	11	30
1	1084105	1	34	9	32
1	1095211	1	33	8	32
1	1107388	1	33	9	34
1	1114264	1	35	6	32
1	1115470	1	32	6	32
1	1109728	1	33	4	31

1	1112500	1	35	1	32
1	1102402	1	33	15	47
1	1114417	1	33	16	34
1	1102942	1	34	13	31
1	1109908	1	33	13	33
1	1101466	1	32	12	31
1	1098550	1	34	8	30
1	1101016	1	33	8	33
1	1097542	1	33	8	33
1	1095886	1	35	5	32
1	1089235	1	34	3	32
1	1095580	2	33	2	32
1	1091530	1	33	14	45
1	1098946	1	33	15	34
1	1095832	2	34	13	32
1	1091701	1	33	14	34
1	1089721	1	33	12	31
1	1091026	1	33	11	32
1	1092538	1	34	9	32
1	1092709	1	34	8	33
1	1089910	1	32	6	30
1	1094500	1	34	3	31
1	1092232	1	32	5	34
1	1085203	1	34	3	32
1	1088614	1	34	14	45
1	1084231	1	33	13	32
1	1082386	1	33	13	33
1	1082809	1	34	11	32
1	1087579	2	33	12	34
1	1080829	1	43	16	47

1	1073359	0	25	24	33
1	1081117	1	33	24	33
1	1076680	1	33	5	14
1	1079992	1	33	4	32
1	1079218	1	34	1	31
1	1080784	1	31	2	32
1	1087066	1	35	14	47
1	1078219	1	34	14	34
1	1081783	1	32	14	32
1	1089964	1	34	11	31
1	1086130	1	33	10	32
1	1079416	1	33	9	32
1	1081612	1	35	7	33
1	1092349	1	33	5	31
1	1083196	1	32	5	32
1	1083295	1	34	3	32
1	1078579	1	32	3	32
1	1087057	1	33	1	31
1	1078354	1	35	14	48
1	1097497	1	32	13	31
1	1087381	1	34	11	32
1	1083799	1	35	9	33
1	1086931	1	31	8	30
1	1091593	1	34	8	34
1	1087381	1	34	7	33
1	1100674	1	33	6	32
1	1089199	1	33	5	32
1	1087822	1	35	2	32
1	1078120	1	32	16	46
1	1080370	1	34	15	33

1	1088326	1	33	14	32
1	1092088	1	34	12	32
1	1085941	2	33	9	30
1	1088380	1	32	9	32
1	1096840	1	35	8	34
1	1092979	1	31	8	31
1	1096057	1	35	5	32
1	1087525	1	33	3	31
1	1085824	1	32	3	32
1	1092997	2	41	11	49
1	1088101	1	29	15	33
1	1079002	1	32	14	31
1	1086328	1	34	13	33
1	1084942	1	32	13	32
1	1083439	2	34	11	32
1	1098838	1	34	9	32
1	1087480	1	32	9	32
1	1080100	1	33	7	31
1	1087552	1	34	7	34
1	1095148	1	33	8	34
1	1088515	1	33	8	33
1	1083673	1	35	2	29
1	1089496	1	33	16	47
1	1086490	1	34	15	33
1	1086625	1	33	13	31
1	1087759	1	33	13	33
1	1092133	1	33	15	35
1	1082368	1	35	8	28
1	1085131	1	31	9	32
1	1088182	1	33	7	31
1	1085707	1	35	6	34

1	1094869	1	33	5	32
1	1087966	1	33	4	32
1	1089838	1	33	2	31
1	1096714	1	34	16	48
1	1076311	1	33	15	32
1	1091188	1	34	13	32
1	1094527	1	33	12	32
1	1089721	1	33	12	33
1	1088425	1	34	9	31
1	1087741	1	33	7	31
1	1084501	1	33	7	33
1	1095535	1	34	4	31
1	1088011	1	33	2	31
1	1100467	2	33	2	33
1	1091377	1	34	15	47
1	1091035	1	34	13	32
1	1083835	1	32	13	32
1	1094626	1	34	11	32
1	1082791	1	33	10	32
1	1094536	1	34	7	31
1	1086202	1	33	6	32
1	1088569	1	33	6	33
1	1091161	1	33	5	32
1	1091017	1	34	18	47
1	1098811	1	34	2	18
1	1092943	1	32	2	32
1	1094671	1	34	15	47
1	1077760	2	34	13	32
1	1090234	1	32	13	32
1	1084312	1	34	13	34

1	1083205	1	34	12	33
1	1094338	2	33	8	29
1	1089010	1	32	9	33
1	1093654	1	33	8	32
1	1091296	1	33	5	30
1	1082350	1	36	2	33
1	1089388	1	31	3	32
1	1097065	2	34	1	32
1	1092628	1	33	15	47
1	1091152	1	32	14	31
1	1087363	1	33	13	32
1	1090603	1	34	18	39
1	1088083	1	35	7	24
1	1092115	1	32	8	33
1	1088938	1	33	7	32
1	1083610	1	34	5	32
1	1086724	1	33	5	33
1	1091377	1	34	3	32
1	1091485	2	34	1	32
1	1094194	1	32	2	33
1	1086085	0	34	12	44
1	1086940	1	33	14	35
1	1087057	1	34	10	30
1	1088038	1	32	12	34
1	1093195	1	33	10	31
1	1080487	2	34	7	31
1	1087408	1	33	7	33
1	1094806	1	33	6	32
1	1086904	1	33	5	32
1	1089451	1	35	2	32

1	1085257	1	33	14	45
1	1089622	1	33	15	34
1	1101799	1	35	13	33
1	1090270	1	32	13	32
1	1090495	2	34	11	32
1	1088506	1	33	9	31
1	1087408	1	33	7	31
1	1085869	1	34	6	33
1	1091017	1	33	5	32
1	1086796	1	32	4	31
1	1087795	2	34	2	32
1	1089280	1	34	1	33
1	1093762	1	32	17	48
1	1089352	1	33	16	32
1	1094383	1	35	13	32
1	1086931	1	33	11	31
1	1085509	1	34	8	31
1	1091962	1	33	7	32
1	1089145	1	34	5	32
1	1090162	2	33	5	33
1	1090315	1	34	3	32
1	1077841	1	33	3	33
1	1095085	1	32	17	46
1	1089622	1	34	14	31
1	1097776	1	32	15	33
1	1081423	1	33	14	32
1	1086157	1	35	11	32
1	1092169	1	33	9	31
1	1088236	1	33	8	32
1	1094194	1	34	6	32
1	1089109	1	33	5	32

1	1086652	1	33	4	32
1	1090135	1	34	1	31
1	1090927	1	33	17	49
1	1092376	1	33	15	31
1	1084150	1	34	14	33
1	1091701	1	33	14	33
1	1098685	1	34	12	32
1	1093321	1	33	11	32
1	1084969	1	33	9	31
1	1085518	1	33	7	31
1	1094905	1	34	6	33
1	1095076	1	33	5	32
1	1086958	1	33	5	33
1	1088902	1	34	3	32
1	1089694	1	33	1	31
1	1088776	1	33	15	47
1	1089010	0	34	12	31
1	1076680	1	32	14	34
1	1086418	1	34	10	30
1	1092070	1	33	12	35
1	1089442	1	33	10	31
1	1084672	1	33	8	31
1	1089802	1	35	6	33
1	1091890	1	33	6	33
1	1087984	0	32	6	32
1	1096363	1	35	1	30
1	1089010	1	32	17	48
1	1097452	2	34	15	32
1	1088992	1	34	13	32
1	1095256	1	33	12	32

1	1094365	1	33	11	32
1	1090099	1	33	9	31
1	1087858	1	33	7	31
1	1083844	1	33	8	34
1	1095805	1	35	5	32
1	1085797	1	33	3	31
1	1093105	1	32	3	32
1	1092250	1	35	15	47
1	1090288	1	33	14	32
1	1099819	1	32	16	34
1	1092673	1	35	13	32
1	1089352	1	33	11	31
1	1088146	1	33	9	31
1	1086229	1	34	8	33
1	1095643	1	33	7	32
1	1080991	1	32	7	32
1	1099639	2	36	5	34
1	1074862	1	32	5	32
1	1085257	2	34	3	32
1	1088317	1	34	13	44
1	1085320	1	32	14	33
1	1092583	1	33	13	32
1	1081324	1	34	12	33
1	1096984	1	33	10	31
1	1092763	1	33	9	32
2	1089559	1	34	35	60
2	2189540	0	32	3	60
1	1093294	1	34	4	35
1	1091953	1	34	3	33
1	1093816	0	32	2	31

1	1097164	1	34	17	49
1	1085212	1	34	14	31
1	1094680	1	34	14	34
1	1089847	1	32	14	32
1	1089145	1	34	11	31
1	1087615	1	33	8	30
1	1091476	1	33	8	33
1	1088506	1	34	6	32
1	1088011	1	33	5	32
1	1099288	1	33	4	32
1	1094878	1	35	1	32
1	1089541	2	33	15	47
1	1091971	1	32	17	34
1	1092745	1	33	14	30
1	1091566	1	34	14	34
1	1094878	1	32	13	31
1	1089487	1	34	9	30
1	1097335	2	34	8	33
1	1090306	1	32	8	32
1	1082404	1	35	6	33
1	1081909	1	32	6	32
1	1094932	1	33	5	32
1	1091026	1	35	2	32
1	1091683	1	32	1	31
1	1103365	1	34	14	47
1	1095481	1	34	14	34
1	1093186	1	33	12	31
1	1097038	1	33	12	33
1	1086391	1	34	10	32
1	1100665	1	33	8	31

1	1090990	1	32	9	33
1	1088344	1	34	5	30
1	1092052	1	33	4	32
1	1088704	1	33	4	33
1	1087885	1	34	2	32
1	1088974	1	34	15	47
1	1092961	1	32	15	32
1	1079623	1	35	12	32
1	1089703	1	32	11	31
1	1081693	1	33	10	32
1	1091971	1	35	8	33
1	1089532	1	33	6	31
1	1088353	1	32	7	33
1	1078525	1	35	4	32
1	1098487	1	33	3	32
1	1085788	1	33	3	33
1	1100530	1	33	17	47
1	1088146	1	33	16	32
1	1090189	1	34	14	32
1	1092268	1	34	12	32
1	1089460	1	33	8	29
1	1090684	1	33	8	33
1	1096732	1	34	6	32
1	1090441	1	32	6	32
1	1089208	1	33	5	32
1	1081720	1	35	2	32
1	1085932	1	32	3	33
1	1093699	1	34	16	47
1	1089415	1	34	13	31
1	1092970	1	33	15	35

1	1090297	1	33	13	31
1	1097551	1	34	11	32
1	1088488	1	33	10	32
1	1097011	1	34	8	32
1	1104688	1	34	5	31
1	1105768	1	33	4	32
1	1107226	1	32	5	33
1	1105039	1	34	3	32
1	1098028	1	33	1	31
1	1109512	1	33	16	48
1	1125784	1	35	13	32
1	1124074	1	33	11	31
1	1119763	1	32	12	33
1	1123804	1	35	8	31
1	1120861	1	32	9	33
1	1123003	1	33	7	31
1	1114237	1	35	5	33
1	1117000	1	31	6	32
1	1113814	1	33	5	32
1	1116604	1	35	14	44
1	1125190	1	33	14	33
1	1124299	1	33	14	33
1	1118539	1	34	12	32
1	1099072	1	32	13	33
1	1069093	1	33	11	31
1	1055458	1	35	7	31
1	1038124	1	32	8	33
1	1024417	1	33	6	31
1	1010908	1	41	13	48
1	998650	0	26	20	33
1	989974	1	34	2	16

1	992476	0	33	3	34
1	988318	1	34	16	47
1	987229	0	32	16	32
1	989146	1	34	14	32
1	989083	1	33	10	29
1	988921	1	33	9	32
1	992260	1	34	9	34
1	988678	0	32	7	30
1	990973	1	34	5	32
1	993475	0	34	5	34
1	990199	1	33	2	30
1	995743	1	33	4	35
1	988156	0	34	16	46
1	988255	0	33	15	32
1	982126	1	33	15	33
1	987967	1	35	13	33
1	987400	1	33	10	30
1	988543	0	31	12	33
1	984106	1	35	8	31
1	984853	0	32	8	32
1	983458	0	33	7	32
1	985015	1	35	4	32
1	984295	1	33	1	30
1	980515	1	33	2	34
1	979426	1	34	15	47
1	978769	1	33	15	33
1	988867	1	33	14	32
1	991513	0	34	13	33
1	995941	0	33	9	29
1	996769	1	33	10	34

1	998542	0	34	6	30
1	989110	0	33	7	34
1	1003123	0	32	6	31
1	1016182	1	35	4	33
1	1019512	1	33	3	32
1	1021735	1	33	16	46
1	1026964	1	34	14	32
1	1032148	1	33	15	34
1	1040842	2	34	10	29
1	1049014	1	33	9	32
1	1053514	1	34	7	32
1	1052335	1	32	8	33
1	1066897	1	34	6	32
1	1060138	1	33	5	32
1	1050571	1	33	4	32
1	1055557	1	35	17	48
1	1047277	1	33	15	31
1	1043848	1	33	16	34
1	1049023	1	34	12	30
1	1052002	1	33	12	33
1	1060633	1	33	10	31
1	1051327	1	33	9	32
1	1071649	1	33	8	32
1	1083493	1	33	6	31
1	1091152	1	34	6	34
1	1096138	2	34	4	32
1	1097191	1	33	3	32
1	1096552	1	34	1	32
1	1098334	1	33	15	47
1	1102087	1	33	14	32

1	1098856	1	34	13	33
1	1100683	1	33	10	30
1	1098721	1	32	11	33
1	1099216	1	35	7	31
1	1100044	1	33	8	34
1	1101016	1	33	7	32
1	1102042	1	33	5	31
1	1097524	1	33	5	33
1	1093348	1	33	3	31
1	1097425	1	35	15	47
1	1097965	1	33	13	31
1	1104481	1	33	13	33
1	1095859	1	33	11	31
1	1090396	1	33	12	34
1	1095823	1	33	10	31
1	1091530	1	34	8	32
1	1089145	1	33	7	32
1	1103536	1	34	6	33
1	1098514	1	34	4	32
1	1100791	1	33	3	32
1	1102366	1	33	2	32
1	1103995	1	34	14	46
1	1102456	1	32	14	32
1	1116469	1	34	11	31
1	1098595	1	33	13	35
1	1103050	0	33	11	31
1	1101898	1	33	10	32
1	1101565	1	34	8	32
1	1098118	0	33	6	31
1	1099198	1	33	4	31

1	1103545	1	34	2	32
1	1100638	1	33	4	35
1	1096093	1	34	16	46
1	1094203	1	34	13	31
1	1099693	1	33	13	33
1	1094059	1	33	11	31
1	1099846	1	34	12	35
1	1099153	1	33	9	30
1	1099198	1	32	7	30
1	1103734	1	34	7	34
1	1109215	1	33	6	32
1	1110430	1	33	5	32
1	1112356	1	34	2	31
1	1115992	1	33	2	33
1	1119133	1	34	16	48
1	1119601	1	34	14	32
1	1117702	1	33	12	31
1	1116559	1	33	13	34
1	1112680	1	34	8	29
1	1105327	1	33	6	31
1	1094176	1	33	7	34
1	1094473	1	34	6	33
1	1100206	1	33	5	32
1	1084150	2	33	3	31
1	1050706	1	34	1	32
1	1028845	1	32	16	47
1	1043524	1	33	16	33
1	1040041	1	34	11	29
1	1045072	0	32	11	32
1	1051075	1	34	12	35

1	1058374	1	35	7	30
1	1067050	1	32	8	33
1	1065889	1	33	6	31
1	1076743	1	34	5	33
1	1075123	1	33	4	32
1	1081810	1	34	2	32
1	1089370	2	34	16	48
1	1093456	1	32	14	30
1	1100602	1	33	15	34
1	1111591	1	34	13	32
1	1101358	1	33	10	30
1	1102456	1	33	10	33
1	1095832	0	34	7	31
1	1098730	1	33	6	32
1	1096030	1	33	7	34
1	1104319	0	34	4	31
1	1097659	1	33	3	32
1	1094041	1	34	1	32
1	1102330	2	34	15	48
1	1093420	1	32	15	32
1	1101628	1	33	14	32
1	1095103	1	34	10	30
1	1083097	1	33	9	32
1	1078984	1	33	9	33
1	1076482	1	34	8	33
1	1074250	1	33	7	32
1	1065889	1	33	4	30
1	1060930	1	35	2	33
1	1056160	1	32	16	46
1	1050985	1	33	17	34

1	1042390	1	34	13	30
1	1013851	1	34	11	32
1	991873	1	31	12	32
1	991090	1	35	10	33
1	1001899	1	33	9	32
1	1043794	1	33	8	32
1	1050760	1	35	7	34
1	1053127	1	32	5	30
1	1050085	1	34	3	32
1	1055368	1	34	1	32
1	1058428	1	32	17	48
1	1056736	1	33	15	31
1	1047718	1	34	13	32
1	1038979	1	33	12	32
1	1039330	1	32	11	31
1	1031320	1	34	9	32
1	1034317	1	33	9	33
1	1030249	0	33	8	32
1	1028638	1	35	6	33
1	1024282	1	33	4	31
1	1020043	0	32	4	32
1	1032562	1	35	3	34
1	1021555	1	33	16	46
1	1026397	1	33	15	32
1	1016821	0	33	15	33
1	1020610	0	33	14	32
1	1016857	1	34	13	33
1	1021897	1	34	10	31
1	1025857	1	33	7	30
1	1028737	1	33	7	33
1	1030636	0	33	6	32

1	1030897	0	33	7	34
1	1040122	1	34	5	32
1	1038862	0	33	2	30
1	1039834	1	34	16	48
1	1052209	1	34	13	31
1	1050742	1	33	12	32
1	1055197	1	33	13	34
1	1053469	1	32	11	30
1	1065466	1	35	8	32
1	1055071	1	33	6	31
1	1060732	1	33	5	32
1	1074619	1	34	4	33
1	1089577	1	33	2	31
1	1103203	1	34	16	48
1	1125055	1	33	14	31
1	1112473	1	33	13	32
1	1125190	1	33	11	31
1	1124992	1	34	8	31
1	1122571	1	33	7	32
1	1125388	1	32	7	32
1	1124065	1	35	7	35
1	1126612	1	33	4	30
1	1118980	1	33	3	32
1	1114318	1	34	1	32
1	1113085	1	33	17	49
1	1115848	1	34	14	31
1	1113562	1	33	15	34
1	1107397	1	34	12	31
1	1105993	0	31	12	31
1	1096579	1	34	9	31

1	1105300	1	33	8	32
1	1118440	1	33	7	32
1	1106146	1	35	5	33
1	1104364	1	33	3	31
1	1108018	1	32	4	33
1	1113571	1	35	1	32
1	1104661	1	33	1	33
1	1097398	1	33	16	48
1	1114039	1	34	14	32
1	1109818	1	33	12	31
1	1107478	1	33	11	32
1	1103167	1	34	7	30
1	1106596	1	33	7	33
1	1101052	1	33	6	32
1	1116028	1	35	3	32
1	1107028	1	32	3	32
1	1106920	1	33	2	32
1	1099351	1	35	16	49
1	1108090	1	32	15	31
1	1110718	1	34	15	34
1	1107964	0	33	13	31
1	1115893	1	32	13	32
1	1107829	1	33	12	32
1	1100539	1	35	8	31
1	1114633	1	32	7	31
1	1112977	1	33	7	33
1	1109683	1	35	2	30
1	1114300	1	33	2	33
1	1103464	0	32	3	33

1	1110889	1	35	20	52
1	1113103	0	33	4	17
1	1108711	1	32	13	41
1	1102789	1	35	12	34
1	1107325	1	33	10	31
1	1112059	1	33	10	33
1	1107001	1	34	7	31
1	1104706	1	33	6	32
1	1105354	1	33	5	32
1	1104634	1	35	3	33
1	1106866	1	33	16	46
1	1103914	1	32	16	32
1	1105390	1	33	15	32
1	1111366	1	34	15	34
1	1109233	1	33	13	31
1	1106119	1	34	9	30
1	1114246	1	33	11	35
1	1107523	1	32	11	32
1	1100161	1	35	7	31
1	1105741	1	32	6	31
1	1097326	1	33	5	32
1	1101421	1	36	17	48
1	1107271	1	33	15	31
1	1109386	1	32	16	33
1	1105417	1	34	15	33
1	1108945	1	32	14	31
1	1109845	1	34	14	34
1	1112662	1	34	11	31
1	1104706	0	32	10	31
1	1101169	1	34	9	33
1	1109503	1	34	6	31

1	1108774	1	33	4	31
1	1104121	1	33	4	33
1	1105408	0	34	1	31
1	1110043	1	34	16	49
1	1108297	1	32	15	31
1	1097938	0	33	15	33
1	1104742	1	33	13	31
1	1104931	1	33	11	31
1	1108369	0	34	10	33
1	1103545	1	33	8	31
1	1106308	0	33	9	34
1	1105048	1	34	7	32
1	1106038	1	33	6	32
1	1109008	1	34	3	31
1	1111780	1	34	2	33
1	1108405	1	34	16	48
1	1107226	1	33	16	33
1	1111744	1	33	15	32
1	1109341	1	33	12	30
1	1112626	1	33	11	32
1	1110529	1	34	10	33
1	1113328	1	33	8	31
1	1108144	1	33	7	32
1	1105975	1	34	4	31
1	1103347	1	33	4	33
1	1108063	1	32	4	32
1	1111069	1	34	1	31
1	1110637	1	39	10	48
1	1103752	1	27	15	32
1	1097461	1	35	14	34

1	1108648	1	33	11	30
1	1106587	1	32	10	31
1	1110241	1	34	8	32
1	1103212	0	33	7	32
1	1103842	1	34	7	34
1	1102906	1	34	4	31
1	1118242	1	33	4	33
1	1100152	1	32	4	32
1	1109701	1	35	17	48
1	1108297	1	33	15	31
1	1102420	1	33	16	34
1	1110187	1	34	12	30
1	1108504	1	33	10	31
1	1109089	1	33	9	32
1	1108342	1	34	10	35
1	1106506	1	33	8	31
1	1108297	1	33	8	33
1	1109080	1	34	6	32
1	1098982	1	34	2	30
1	1105057	1	31	4	33
1	1108567	0	34	16	46
1	1108693	1	34	15	33
1	1107757	1	32	14	31
1	1109701	1	35	13	34
1	1107541	1	33	9	29
1	1107118	1	34	8	33
1	1108135	1	33	7	32
1	1108360	1	33	6	32
1	1110574	0	32	5	31
1	1109188	1	34	4	33
1	1106587	1	33	3	32

1	1110646	1	33	3	33
1	1113661	1	35	15	47
1	1115974	1	33	16	34
1	1105750	1	33	14	31
1	1109512	1	36	10	32
1	1100278	1	32	11	33
1	1111033	1	35	7	31
1	1111096	2	34	8	35
1	1099720	1	33	4	29
1	1108297	1	33	2	31
1	1112590	2	49	9	56
1	1117198	2	26	8	25
1	1108747	1	23	14	29
1	1104706	1	33	15	34
1	1105192	1	33	13	31
1	1102708	1	33	10	30
1	1103311	1	34	8	32
1	1101160	1	32	10	34
1	1098019	1	33	9	32
1	1099315	1	34	7	32
1	1108774	1	34	6	33
1	1106389	1	33	2	29
1	1103401	0	33	4	35
1	1103068	1	34	16	46
1	1104247	1	33	16	33
1	1098730	1	35	12	31
1	1102024	1	32	12	32
1	1111159	1	33	11	32
1	1097569	1	34	8	31
1	1103896	1	34	7	33

1	1102627	1	32	6	31
1	1109062	1	34	5	33
1	1105201	1	33	4	32
1	1103356	1	33	3	32
1	1107631	1	34	2	33
1	1109539	1	33	16	47
1	1108783	1	33	15	32
1	1111762	1	36	12	33
1	1111177	1	32	12	32
1	1119250	1	31	11	30
1	1114903	1	35	7	31
1	1106155	1	32	11	36
1	1104463	1	36	5	30
1	1106434	1	31	6	32
1	1101295	0	33	5	32
1	1109359	1	33	4	32
1	1107397	1	35	17	48
1	1109692	1	33	15	31
1	1105678	1	33	16	34
1	1102132	1	34	12	30
1	1104013	1	33	10	31
1	1106659	0	32	11	33
1	1105948	1	35	7	31
1	1103347	1	33	7	33
1	1104121	1	33	7	33
1	1110520	1	34	5	32
1	1109548	1	33	3	31
1	1108027	1	33	3	33
1	1114444	1	34	17	48
1	1105102	1	33	15	31

1	1104508	1	34	14	33
1	1105093	1	34	11	31
1	1111339	1	32	9	30
1	1119466	0	32	11	34
1	1105759	1	35	7	31
1	1109107	1	33	8	34
1	1106578	1	33	6	31
2	1108882	1	35	35	64
2	2220986	1	32	3	64
1	1104202	1	32	1	30
1	1100026	1	35	14	48
1	1107028	0	32	15	33
1	1107757	0	33	14	32
1	1103824	1	36	12	34
1	1105921	1	32	12	32
1	1118710	1	33	11	32
1	1107487	1	34	8	31
1	1107982	0	32	8	32
1	1106722	1	33	7	32
1	1103212	1	35	4	32
1	1110637	0	33	2	31
1	1109368	1	33	16	47
1	1105507	1	34	16	34
1	1111825	1	33	13	30
1	1110097	1	33	15	35
1	1109008	1	35	9	29
1	1100512	1	31	11	33
1	1110250	1	34	8	31
1	1110646	1	34	6	32
1	1105381	1	33	6	33

1	1108774	1	33	5	32
1	1103329	1	34	3	32
1	1099036	1	34	2	33
1	1105984	1	32	2	32
1	1103860	1	35	12	45
1	1107064	1	32	15	35
1	1106470	1	33	13	31
1	1110709	1	35	9	31
1	1107055	1	32	10	33
1	1109404	1	34	8	32
1	1104769	1	34	4	30
1	1101754	1	33	6	35
1	1106641	1	33	5	32
1	1103383	1	34	1	30
1	1109494	1	33	1	33
1	1109134	1	33	1	33
1	1106911	1	35	12	46
1	1111618	1	31	13	32
1	1109044	1	33	12	32
1	1107973	1	34	9	31
1	1106551	1	33	9	33
1	1111798	1	33	8	32
1	1106704	1	34	7	33
1	1109458	1	35	5	33
1	1108666	1	31	2	28
1	1111681	1	35	16	49
1	1104589	1	33	16	33
1	1116973	1	33	16	33
1	1105678	1	35	12	31
1	1109503	1	32	12	32

1	1110052	1	33	10	31
1	1116199	1	34	9	33
1	1107586	1	33	8	32
1	1109656	1	32	8	32
1	1106479	1	35	6	33
1	1103878	1	33	3	30
1	1108891	1	33	2	32
1	1108288	1	35	16	49
1	1116136	1	32	16	32
1	1108306	1	33	14	31
1	1110430	1	33	13	32
1	1110043	1	33	12	32
1	1106362	1	33	10	31
1	1105804	1	35	6	31
1	1109872	1	33	6	33
1	1104823	1	32	7	33
1	1113229	1	35	4	32
1	1093924	1	32	4	32
1	1111501	1	33	3	32
1	1106146	1	34	1	32
1	1104796	1	33	15	47
1	1107586	2	34	13	32
1	1118287	1	33	13	33
1	1109305	1	34	10	31
1	1110862	1	32	9	31
1	1115074	1	35	7	33
1	1119097	1	32	7	32
1	1110700	1	33	7	33
1	1108315	1	34	4	31
1	1098964	1	33	2	31

1	1108333	1	33	17	48
1	1110601	1	33	16	32
1	1106794	1	35	12	31
1	1106191	1	31	15	34
1	1107721	1	35	10	30
1	1110709	1	33	10	33
1	1108909	1	33	8	31
1	1114561	1	34	5	31
1	1109170	1	33	6	34
1	1102537	1	33	6	33
1	1110061	1	35	3	32
1	1110466	1	32	3	32
1	1117108	2	35	1	33
1	1121986	1	33	14	46
1	1113715	1	33	13	32
1	1104445	1	33	12	32
1	1110466	1	36	8	32
1	1107550	1	31	8	31
1	1107397	1	33	6	31
1	1106173	1	33	5	32
1	1107190	1	33	5	33
1	1113436	1	32	5	32
1	1109602	1	35	1	31
1	1106677	1	33	15	47
1	1109791	1	34	15	34
1	1104841	1	33	14	32
1	1108567	1	33	13	32
1	1107595	1	33	10	30
1	1101394	1	35	8	33
1	1104211	0	32	7	31
1	1107451	1	34	7	34

1	1102033	1	34	5	32
1	1106317	1	32	5	32
1	1107919	1	33	5	33
1	1102231	1	34	17	46
1	1109107	1	35	14	32
1	1111492	2	32	16	34
1	1099522	1	34	14	32
1	1101844	1	34	11	31
1	1111915	1	32	11	32
1	1102312	1	34	9	32
1	1110970	1	33	8	32
1	1104679	1	32	7	31
1	1104994	1	34	5	32
1	1103311	1	33	4	32
1	1104850	1	33	3	32
1	1105183	1	35	16	48
1	1107865	1	33	15	32
1	1111546	1	32	14	31
1	1108846	2	35	11	32
1	1099153	1	33	9	31
1	1104310	1	33	10	34
1	1105309	1	35	7	32
1	1109305	0	31	7	31
1	1101592	1	33	6	32
1	1099009	1	34	4	32
1	1099963	2	34	3	33
1	1099081	1	33	2	32
1	1106047	1	34	16	48

2	449677	0	0	17	0
2	899525	0	14	3	0
1	450316	0	33	16	46
1	450262	0	33	12	29
1	449983	0	33	14	35
1	449659	0	34	13	33
1	449956	0	33	11	31
1	450172	0	33	7	29
1	450118	0	35	5	33
1	450064	0	32	8	35
1	450019	1	33	2	27

1	450235	0	33	3	34
1	449713	0	33	19	49
1	449524	0	33	4	18
1	449263	0	34	3	33
1	448930	0	33	17	47
1	449065	0	34	13	30
1	448750	0	33	10	30
1	447481	0	33	13	36
1	445150	0	34	8	29
1	442108	0	33	5	30
1	438670	0	33	3	31
1	433351	0	33	5	35
1	427231	1	35	2	32
1	420499	1	33	15	46
1	412480	0	32	3	20
1	403597	1	35	0	32
1	393562	0	32	17	49
1	384706	0	33	14	30
1	376210	1	35	11	32
1	369379	0	33	12	34
1	362377	0	32	11	31
1	355312	0	34	10	33
1	350803	0	33	6	29
1	350389	0	34	6	34
1	344044	0	33	4	31
1	329905	1	33	4	33
1	310906	0	40	12	48
1	292411	0	27	11	26
1	272179	0	33	10	32
1	251965	0	32	13	35

1	235522	1	35	9	31
1	229528	0	32	8	31
1	228853	0	33	10	35
1	231337	0	35	3	28
1	234028	0	32	7	36
1	240436	0	33	8	34
1	253828	0	35	5	32
1	267031	0	33	4	32
1	277966	0	33	2	31
1	289180	0	34	13	45
1	302860	0	33	15	35
1	320248	0	33	10	28
1	335197	0	34	12	36
1	350083	0	33	11	32
1	364276	0	33	6	28
1	375823	1	35	3	32
1	384049	0	33	6	36
1	391528	0	32	6	32
1	400951	0	34	1	29
1	408646	0	33	2	34
1	418060	0	33	2	33
1	422587	0	35	13	46
1	420787	0	32	14	33
1	416890	0	33	10	29
1	397792	0	34	10	34
1	418591	0	33	9	32
1	430021	0	33	8	32
1	434368	0	34	3	29
1	439390	0	33	5	35
1	446401	0	33	6	34
1	450541	0	34	5	33

1	454627	0	34	2	31
1	458065	0	33	17	48
1	462214	0	34	15	32
1	466048	0	33	12	30
1	468838	0	33	12	33
1	470215	1	34	10	32
1	470413	0	33	10	33
1	469441	0	33	7	30
1	468064	0	34	5	32
1	466039	0	32	6	33
1	464167	0	33	4	31
1	462115	0	34	18	48
1	460531	0	33	19	34
1	459262	0	33	15	29
1	457561	0	34	14	33
1	455140	0	33	14	33
1	452170	0	33	12	31
1	448336	0	34	10	32
1	445609	0	33	9	32
1	442963	0	33	4	28
1	437824	0	34	6	36
1	441748	0	33	6	33
1	446572	0	33	4	31
1	451126	0	35	4	35
1	455860	0	33	1	30
1	459964	0	33	14	46
1	463690	0	34	13	33
1	466750	0	33	13	33
1	469828	0	32	12	31
1	472528	0	34	5	27

1	475048	0	33	7	35
1	477811	0	33	4	30
1	480979	0	34	6	36
1	484669	0	33	6	33
1	487720	0	33	4	31
1	490510	0	34	13	43
1	493993	0	33	16	36
1	496891	0	33	16	33
1	499609	1	35	11	30
1	503191	1	33	8	30
1	506899	0	33	9	34
1	512002	0	34	8	33
1	517519	1	33	8	33
1	525583	1	33	6	31
1	533332	0	34	4	32
1	543196	0	33	5	34
1	554671	0	33	2	30
1	568981	1	35	1	34
1	583273	1	33	13	45
1	599041	0	32	11	30
1	613432	0	34	8	31
1	625951	0	33	5	30
1	635185	0	32	10	37
1	641035	0	35	7	32
1	643393	1	33	4	30
1	644140	1	33	1	30
1	643627	0	34	4	37
1	641836	1	34	3	33
1	638776	0	32	17	46
1	636022	0	34	14	31

1	570583	0	33	13	32
1	566515	0	33	13	33
1	563104	0	34	12	33
1	559468	0	33	9	30
1	553195	0	32	10	33
1	545392	0	35	7	32
1	538597	0	33	7	33
1	530308	0	33	6	32
1	521263	0	34	19	47
1	511282	0	33	3	17
1	500473	0	33	3	33
1	490195	0	33	17	47
1	479377	0	33	14	30
1	469747	0	33	12	31
1	461170	0	35	7	30
1	454087	0	32	9	34
1	448507	0	34	5	30
1	444043	0	33	8	36
1	440461	0	33	6	31
1	437545	0	33	2	29
1	436249	0	34	16	48
1	435268	0	33	3	20
1	435304	0	33	3	33
1	436537	0	34	15	46
1	437203	0	34	12	31
1	440443	0	32	9	29
1	442963	0	35	10	36
1	445843	0	33	4	27
1	448246	0	33	7	36
1	450766	0	34	3	30

1	453763	0	33	6	36
1	456544	0	33	5	32
1	458092	0	34	3	32
1	459622	1	32	1	30
1	459955	0	33	11	43
1	459334	0	34	9	32
1	455842	0	34	12	37
1	453241	0	32	13	33
1	450253	0	35	4	26
1	447634	0	32	4	32
1	447238	0	34	6	36
1	449524	0	33	6	33
1	453286	0	33	6	33
1	456085	0	33	6	33
1	456508	0	34	3	31
1	456391	1	34	2	33
1	452485	0	32	12	42
1	449272	0	35	12	35
1	442567	0	32	13	33
1	435493	0	33	13	33
1	428059	0	35	5	27
1	421921	0	33	7	35
1	419032	0	32	8	33
1	419185	0	35	6	33
1	446329	0	33	4	31
1	458884	0	33	4	33
1	471124	1	34	2	32
1	478558	0	32	1	31
1	485290	0	33	15	47
1	488089	0	35	13	33

1	488845	0	33	11	31
1	490537	0	32	10	31
1	492904	0	35	8	33
1	497341	0	32	9	33
1	500041	0	33	4	28
1	501841	0	34	6	36
1	504271	0	33	4	31
1	504604	0	33	4	33
1	503227	0	34	2	32
1	502543	0	33	15	46
1	504694	1	34	10	29
1	506449	0	34	9	33
1	510877	0	33	12	36
1	516943	0	32	10	30
1	520174	0	35	5	30
1	520363	0	33	8	36
1	517267	0	33	2	27
1	513325	0	34	1	33
1	508771	0	33	5	37
1	509896	0	33	4	32
1	511678	0	34	17	47
1	511093	0	33	15	31
1	511498	0	32	13	30
1	509293	0	35	12	34
1	504064	0	33	11	32
1	496693	0	32	9	30
1	490312	0	34	7	32
1	485596	0	33	7	33
1	483355	0	33	6	32
1	478792	0	34	6	34

1	476920	1	34	17	45
1	476038	0	32	3	18
1	475021	0	34	2	33
1	397882	0	33	1	32
1	396676	0	33	13	45
1	396397	0	35	7	29
1	397900	1	33	10	36
1	400627	1	33	8	31
1	403102	0	33	4	29
1	406549	0	34	5	35
1	411058	0	32	5	32
1	415261	0	35	3	33
1	413479	0	32	2	31
1	409348	0	33	18	49
1	405658	0	35	15	32
1	402427	0	32	13	30
1	399403	0	34	12	33
1	396028	0	33	10	31
1	392122	0	33	6	29
1	388018	0	33	8	35
1	384112	1	35	5	32
1	377965	0	32	6	33
1	372862	0	33	2	29
1	366409	0	34	5	37
1	358237	0	33	3	31
1	347932	0	33	2	32
1	334369	0	34	15	47
1	320815	0	33	11	29
1	363187	0	33	14	36
1	299530	0	34	11	31
1	291529	0	33	6	28

1	283411	0	33	9	36
1	346267	0	34	5	30
1	341686	0	32	6	33
1	338842	0	33	6	33
1	336655	0	35	3	32
1	332911	0	33	3	33
1	329149	0	33	17	47
1	325765	0	34	13	30
1	320104	1	33	14	34
1	315730	1	33	12	31
1	310492	0	34	9	31
1	305884	0	33	5	29
1	302203	0	32	4	31
1	298306	0	35	6	37
1	296155	0	33	5	32
1	294211	0	33	6	34
1	292357	0	34	3	31
1	290188	1	34	1	32
1	289054	0	32	1	32
1	286921	1	35	13	47
1	285040	0	32	12	31
1	283429	0	32	12	32
1	281530	1	35	10	33
1	280360	0	32	10	32
1	277210	0	33	7	30
1	274924	0	34	6	33
1	272242	0	34	6	34
1	269047	0	33	4	31
1	265087	0	34	4	34
1	264043	0	33	0	29

1	261793	0	33	1	34
1	259912	0	34	13	46
1	257275	0	33	13	33
1	256618	0	33	11	31
1	254926	0	34	10	33
1	253783	0	33	9	32
1	251695	0	33	6	30
1	250453	0	34	6	34
1	249643	0	33	5	32
1	249418	0	33	4	32
1	249292	0	33	1	30
1	248383	0	33	2	34
1	247564	0	33	14	45
1	247303	0	34	12	32
1	177040	0	33	12	33
1	175807	0	33	12	33
1	174898	0	34	10	32
1	242308	0	33	9	32
1	242425	0	33	6	30
1	240202	0	35	5	34
1	172315	0	33	4	32
1	239752	0	33	3	32
1	240022	0	34	17	48
1	240175	0	33	15	31
1	240184	0	33	13	31
1	240778	0	34	12	33
1	240508	0	32	11	31
1	240868	0	34	10	33
1	242389	0	34	8	32
1	241012	0	33	7	32

1	242155	0	33	7	33
1	243541	0	34	6	33
1	245377	0	33	4	31
1	246223	0	33	4	33
1	246835	0	34	3	33
1	247627	0	32	14	43
1	248311	1	34	13	33
1	250426	0	34	10	31
1	251974	0	32	10	32
1	253855	0	33	9	32
1	255088	0	34	7	32
1	258040	0	34	6	33
1	259777	0	33	6	33
1	262855	0	34	5	33
1	265015	0	33	3	31
1	267229	0	33	2	32
1	270100	0	34	16	48
1	272737	0	33	13	30
1	275716	0	33	14	34
1	279100	0	34	10	30
1	282529	0	33	9	32
1	287272	0	33	9	33
1	290881	0	34	7	32
1	295408	0	34	6	33
1	299116	0	32	5	31
1	302401	0	41	12	48
1	307162	0	27	2	17
1	312112	0	32	2	32
1	315343	0	34	13	45
1	318340	1	33	14	34

1	320896	0	32	13	31
1	322417	1	35	11	33
1	325081	0	32	9	30
1	328087	0	34	8	33
1	331372	0	34	7	33
1	335053	0	33	6	32
1	338770	0	33	4	31
1	342973	0	34	3	33
1	344404	0	33	3	33
1	344368	0	33	1	31
1	343288	0	34	14	47
1	342559	0	33	12	31
1	342055	0	33	13	34
1	342631	0	34	10	31
1	342757	0	33	9	32
1	345826	0	32	9	32
1	350020	0	35	5	31
1	356986	0	32	6	33
1	357949	0	34	5	33
1	361639	0	34	2	31
1	366544	0	33	1	32
1	370153	1	34	17	50
1	376939	0	33	12	28
1	386605	0	33	13	34
1	399376	0	33	11	31
1	413092	0	34	10	33
1	420517	0	33	9	32
1	425665	0	33	6	30
1	428311	1	35	5	34
1	435628	0	32	6	33

1	445249	0	33	4	31
1	452917	0	34	1	31
1	457615	0	33	17	49
1	462493	0	33	1	17
1	466723	0	34	14	47
1	473338	0	34	11	31
1	478981	0	33	9	31
1	480718	0	34	8	33
1	480781	0	33	9	34
1	480826	1	33	6	30
1	482005	0	33	3	30
1	482599	0	33	3	33
1	483904	0	33	3	33
1	484849	1	35	16	48
1	487108	0	32	15	31
1	488251	0	34	12	31
1	484741	0	33	14	35
1	481249	0	33	11	30
1	478045	0	33	9	31
1	478711	1	35	7	33
1	480133	0	32	8	33
1	479818	0	33	6	31
1	478900	0	35	4	33
1	476614	1	33	3	32
1	477505	1	33	3	33
1	481087	0	34	17	48
1	483859	0	33	14	30
1	486667	0	33	12	31
1	488764	0	34	12	34
1	490249	0	33	10	31
1	494380	0	33	8	31

1	495820	0	34	7	33
1	498610	0	33	6	32
1	503038	0	32	5	31
1	507394	0	35	4	34
1	509698	0	32	4	32
1	509392	0	34	0	30
1	509005	0	33	1	34
1	507007	0	33	15	47
1	504496	0	34	11	30
1	500491	0	34	11	34
1	497809	0	33	10	32
1	496189	0	33	7	30
1	493012	0	34	5	32
1	491878	0	32	6	33
1	491014	0	33	5	32
1	490177	0	34	4	33
1	489295	0	33	1	30
1	489511	0	33	17	49
1	488890	0	35	13	31
1	489628	1	33	11	31
1	492733	0	32	13	34
1	496612	0	35	8	30
1	501760	0	32	10	34
1	506962	0	33	7	30
1	512785	1	35	6	34
1	518698	0	33	5	32
1	525619	0	33	5	33
1	533449	0	34	2	31
1	541171	0	33	17	48

1	547102	0	33	16	32
1	549271	1	35	12	31
1	547741	0	32	12	32
1	545698	0	33	10	31
1	541234	0	34	10	34
1	531919	0	33	8	31
1	519562	0	33	6	31
1	505027	0	34	6	34
1	489781	1	33	5	32
1	475435	0	32	6	33
1	460603	0	35	2	31
1	448705	0	33	1	32
1	440308	0	33	1	33
1	430399	0	34	12	45
1	419734	0	33	13	34
1	408961	0	32	11	30
1	387631	0	34	8	31
1	361216	0	33	8	33
1	336223	0	33	8	33
1	317368	0	34	5	31
1	299080	0	33	5	33
1	286822	0	33	5	33
1	279874	0	34	3	32
1	277183	0	33	2	32
1	276040	1	33	1	32
1	272539	0	34	13	46
1	267994	0	33	10	30
1	260821	0	33	10	33
1	251290	0	34	9	33
1	243100	1	33	8	32
1	236170	0	33	6	31

1	230788	0	33	4	31
1	227143	0	33	4	33
1	224137	0	33	2	31
1	222661	1	35	16	49
1	222328	0	33	0	17
1	224677	0	32	15	47
1	228880	0	34	12	31
1	233947	0	33	12	33
1	239716	1	34	8	30
1	246484	0	34	7	33
1	254080	1	33	6	32
1	262090	0	33	5	32
1	270586	0	34	5	34
1	279514	0	33	4	32
1	289936	0	33	2	31
1	300808	0	34	17	49
1	313354	0	33	15	31
1	326566	0	33	12	30
1	338968	0	34	11	33
1	352378	0	33	11	33
1	367021	0	33	8	30
1	383590	0	34	7	33
1	400996	0	33	5	31
1	420076	0	33	4	32
1	439309	0	35	4	35
1	455446	0	32	3	31
1	470530	0	33	2	32
1	482896	0	35	13	46
1	492355	0	33	11	31
1	500140	0	33	12	34

1	502786	0	34	9	31
1	492814	0	33	7	31
1	483751	1	33	7	33
1	472060	0	34	6	33
1	453808	0	33	6	33
1	438751	0	33	4	31
1	425116	0	33	2	31
1	416287	0	33	2	33
1	407485	0	33	1	32
1	402265	0	35	11	45
1	397153	0	32	13	34
1	391708	0	33	11	31
1	389260	0	34	10	33
1	385399	0	33	7	30
1	382456	0	33	7	33
1	382321	0	34	6	33
1	380737	0	33	4	31
1	378316	0	33	4	33
1	376606	0	34	3	33
1	375706	0	33	1	31
1	374185	0	33	18	50
1	374338	1	35	11	28
1	374779	0	32	12	33
1	374095	0	33	10	31
1	375661	0	35	9	34
1	373384	0	33	6	30
1	376948	0	32	6	32
1	376795	1	35	5	34
1	377173	0	32	4	31
1	377263	0	33	4	33
1	377047	0	34	1	31

1	375976	1	34	16	49
1	373852	0	32	1	17
1	373393	0	35	13	47
1	371746	0	32	12	31
1	371413	0	33	10	31
1	369370	0	34	8	32
1	369703	0	33	8	33
1	367786	0	33	7	32
1	366886	0	34	4	31
1	366175	0	33	4	33
1	365941	1	34	3	33
1	365599	0	33	2	32
1	365635	0	33	13	44
1	365464	0	33	14	34
1	365266	0	34	11	31
1	363961	0	33	11	33
1	364402	0	33	8	30
1	366535	1	35	6	33
1	367579	1	33	6	33
1	367246	0	32	6	32
1	366310	0	35	3	32
1	368038	0	32	2	31
1	369217	0	32	1	31
1	369613	0	35	14	48
1	371701	1	34	11	31
1	371395	0	32	13	34
1	373024	1	35	9	31
1	371827	1	33	8	32
1	373366	0	32	9	33
1	374203	0	35	5	31

1	372934	0	33	5	33
1	372619	1	33	5	33
1	373132	0	34	2	31
1	373762	0	32	3	33
1	375337	0	33	17	47
1	375103	1	35	12	30
1	376264	0	32	13	33
1	375805	0	33	11	31
1	376849	0	36	10	35
1	375850	0	32	7	29
1	376858	0	33	8	34
1	377155	0	34	5	31
1	378442	1	33	3	31
1	380143	1	33	4	34
1	378820	0	34	3	33
1	379342	0	33	0	30
1	380809	0	32	15	47
1	380512	0	35	11	31
1	382060	0	32	12	33
1	381556	0	33	10	31
1	380881	1	36	6	32
1	383383	0	32	6	32
1	386146	1	33	5	32
1	386488	0	34	4	33
1	388657	0	33	4	33
1	391582	0	34	17	47
1	391654	0	33	16	32
1	392626	1	33	13	30
1	395164	0	33	11	31
1	394579	0	34	10	33

1	398890	0	33	8	31
1	395029	0	33	9	34
1	400447	1	35	6	32
1	392221	1	63	0	57
1	398962	0	12	20	32
1	399007	0	24	10	14
1	399412	1	34	9	33
1	399286	0	32	8	31
1	399925	0	34	7	33
1	395560	0	33	5	31
1	396820	1	33	6	34
1	399493	0	34	4	32
1	398512	1	33	3	32
1	398107	0	33	2	32
1	400465	0	34	20	52
1	402895	0	33	13	26
1	410032	0	33	13	33
1	420994	1	35	9	31
1	430174	0	32	9	32
1	441784	1	33	8	32
1	453025	0	35	4	31
1	460801	0	32	5	33
1	470494	0	33	5	33
1	479062	0	34	3	32
1	479737	0	33	2	32
1	478513	1	33	1	32
1	477064	1	35	12	46
1	475372	0	32	11	31
1	470179	1	34	11	34
1	465256	0	33	9	31

1	458704	0	33	7	31
1	451702	0	33	7	33
1	444907	0	34	6	33
1	439309	0	33	4	31
1	432307	1	33	4	33
1	425683	0	34	3	33
1	418384	0	32	1	30
1	411220	0	34	0	33
1	404416	0	33	14	47
1	398026	0	34	11	31
1	391636	0	32	13	34
1	386632	0	35	9	31
1	381844	0	33	8	32
1	376930	0	32	9	33
1	371899	0	35	5	31
1	367588	0	32	6	33
1	363016	0	33	5	32
1	358516	0	34	4	33
1	353314	0	33	2	31
1	348778	0	33	2	33
1	343711	0	35	14	47
1	338320	1	33	12	31
1	333505	0	32	11	31
1	328393	1	35	10	34
1	323929	0	41	1	32
1	319987	0	24	7	30
1	316027	0	34	7	34
1	312679	0	33	6	32
1	309124	0	33	5	32
1	305524	0	34	5	34

1	301564	0	33	5	33
1	298135	0	33	16	44
1	294220	1	35	12	31
1	289378	0	32	14	34
1	284428	0	33	11	30
1	280711	0	34	9	32
1	276193	0	33	8	32
1	274042	0	33	9	34
1	265699	0	34	2	27
1	257689	0	33	5	36
1	254071	0	33	6	34
1	264223	0	34	4	32
1	263926	0	33	1	30
1	257203	0	33	2	34
1	250678	0	34	15	47
1	253981	0	34	13	32
1	256078	0	32	12	31
1	254917	1	35	10	33
1	253702	0	32	8	30
1	253585	0	33	6	31
1	254755	1	35	4	33
1	256204	0	32	4	32
1	257032	0	33	5	34
1	257779	0	34	1	30
1	258922	0	33	3	35
1	257005	0	33	16	46
1	258004	0	34	13	31
1	258481	0	33	11	31
1	257797	0	33	11	33
1	257293	0	34	11	34

1	256474	0	33	11	33
1	258157	1	34	6	29
1	257284	1	34	5	33
1	256582	0	31	6	32
1	254566	0	33	6	33
1	253720	0	35	2	31
1	253477	0	32	2	32
1	251524	0	34	0	32
1	248176	0	34	14	48
1	242533	0	33	12	31
1	235567	0	34	10	32
1	227665	0	33	10	33
1	223318	0	33	7	30
1	222220	0	32	7	32
1	223147	1	35	5	33
1	225712	0	33	5	33
1	230896	0	33	3	31
1	239212	0	34	2	33
1	248968	0	33	0	31
1	256123	0	33	1	34
1	260803	0	35	12	46
1	263557	0	32	11	31
1	265915	0	33	11	33
1	266851	0	34	9	32
1	266347	0	33	7	31
1	266797	0	33	7	33
1	268552	0	34	6	33
1	269911	0	33	5	32
1	271063	0	33	4	32
1	271522	0	34	1	31

1	271180	0	33	16	48
1	270991	0	33	1	18
1	269758	0	34	12	45
1	268570	0	32	11	31
1	267895	1	34	9	32
1	267166	0	34	7	32
1	266248	0	32	7	32
1	264853	0	33	7	33
1	263674	1	35	5	33
1	263332	1	33	5	33
1	263332	0	32	4	31
1	263359	0	35	1	32
1	262882	0	33	0	32
1	263098	1	33	13	46
1	262819	0	34	12	33
1	262423	0	33	12	33
1	263557	0	33	10	31
1	265330	0	34	8	32
1	268309	0	33	7	32
1	270766	0	33	6	32
1	272539	0	34	3	31
1	275176	0	33	4	34
1	274060	0	33	2	31
1	271630	0	34	15	47
1	270460	0	33	13	31
1	270568	0	33	14	34
1	270181	0	34	11	31
1	270721	0	33	11	33
1	271126	0	33	8	30
1	270703	0	34	6	32
1	270487	0	33	6	33

1	270568	0	33	6	33
1	270298	0	33	5	32
1	270415	0	33	3	31
1	269578	0	33	2	32
1	268678	0	35	15	48
1	267229	0	32	14	31
1	264592	0	33	12	31
1	261865	0	35	9	32
1	258922	0	33	8	32
1	257311	0	33	8	33
1	255952	0	34	7	33
1	255223	1	33	6	32
1	254413	0	33	6	33
1	254629	0	34	3	31
1	254746	0	33	2	32
1	253954	0	33	17	48
1	252253	0	34	13	30
1	250723	0	33	14	34
1	247969	0	33	11	30
1	243694	0	34	11	34
1	234775	0	33	8	30
1	225397	0	33	7	32
1	217018	0	34	7	34
1	211078	0	33	4	30
1	208396	0	33	4	33
1	206893	0	34	4	34
1	208477	0	33	2	31
1	211285	0	33	17	48
1	214966	0	34	13	30
1	219052	0	33	12	32

1	224182	0	32	13	33
1	228448	0	34	9	30
1	231418	0	33	8	32
1	235675	0	33	8	33
1	240733	0	34	7	33
1	246025	0	33	6	32
1	251407	0	34	3	31
1	257113	0	34	3	34
1	262594	0	33	1	31
1	269443	0	33	15	47
1	275095	0	34	12	31
1	280612	0	33	13	34
1	286885	0	33	11	31
1	290017	0	34	10	33
1	292861	0	33	6	29
1	285679	0	33	6	33
1	275887	0	34	6	34
1	270244	1	33	3	30
1	273142	0	32	5	34
1	275347	0	35	3	33
1	275365	1	33	1	31
1	274726	0	32	1	32
1	277372	0	34	13	46
1	280720	1	34	10	31
1	285580	0	33	10	33
1	291088	1	34	9	33
1	295750	0	33	8	32
1	299251	0	32	6	30
1	302104	0	35	5	34
1	304210	0	33	5	33

1	305974	0	33	3	31
1	307513	0	34	16	47
1	310447	0	32	1	17
1	313129	0	33	15	47
1	315667	1	35	11	31
1	318052	1	33	9	31
1	319933	0	32	11	34
1	321697	0	35	8	32
1	322840	0	33	7	32
1	324334	0	33	6	32
1	325504	0	34	5	33
1	326575	0	33	3	31
1	327700	0	33	8	38
1	329365	0	34	17	43
1	331453	0	33	14	30
1	333271	0	33	12	31
1	335593	0	34	11	33
1	338104	0	33	11	33
1	340633	0	33	8	30
1	342820	0	35	6	33
1	344323	0	32	6	32
1	345457	1	33	5	32
1	346726	0	34	3	32
1	347923	0	33	2	32
1	348121	0	33	1	32
1	348463	0	34	16	49
1	348454	0	33	14	31
1	347563	1	33	12	31
1	346888	0	34	11	33
1	344980	0	33	8	30

1	343666	0	33	8	33
1	342640	0	34	7	33
1	340984	0	33	6	32
1	340615	0	33	4	31
1	340111	0	34	4	34
1	339220	0	33	3	32
1	337888	0	33	1	31
1	337267	0	34	14	47
1	336412	0	33	14	33
1	335701	0	33	12	31
1	334135	0	34	11	33
1	333532	0	33	8	30
1	333199	0	33	8	33
1	332623	0	34	5	31
1	332614	0	32	6	33
1	330850	0	33	5	32
1	330769	0	35	3	33
1	330355	0	32	1	30
1	330409	0	33	17	49
1	329806	0	35	14	32
1	328753	0	33	11	30
1	328339	0	33	12	34
1	328087	0	34	9	31
1	327151	0	33	8	32
1	326602	0	33	8	33
1	325900	0	34	6	32
1	325054	0	33	5	32
1	324037	0	33	4	32
1	322993	0	34	1	31
1	322480	0	33	17	49
1	322039	0	33	1	17

1	321706	0	34	14	47
1	320941	0	33	11	30
1	320572	0	33	12	34
1	320203	0	35	7	30
1	319429	0	32	6	31
1	318835	0	32	6	32
1	318898	0	35	5	34
1	318691	0	33	3	31
1	317692	0	32	5	34
1	317836	0	35	1	31
1	317431	0	32	1	32
1	317008	0	34	14	47
1	317026	1	34	11	31
1	317080	0	33	12	34
1	316666	0	33	9	30
1	316414	0	34	8	33
1	316288	0	33	6	31
1	315802	0	33	6	33
1	314956	1	35	5	34
1	315163	0	32	4	31
1	314281	0	33	4	33
1	314164	0	34	17	47
1	313129	0	33	1	17
1	312634	0	33	13	45
1	311941	0	34	13	34
1	311194	0	33	10	30
1	310258	0	33	11	34
1	310186	0	34	9	32
1	309052	0	33	8	32
1	307954	0	33	7	32

1	307090	0	34	4	31
1	306595	0	33	4	33
1	306001	0	33	4	33
1	305011	0	34	1	31
1	304696	1	34	12	45
1	303994	1	32	14	34
1	303679	0	34	11	31
1	302527	1	33	9	31
1	302401	0	32	9	32
1	301726	0	34	8	33
1	300196	0	33	7	32
1	299485	0	34	5	32
1	299278	0	34	5	34
1	298711	0	33	4	32
1	298549	0	32	2	30
1	298099	0	35	1	34
1	298540	0	33	13	45
1	298486	0	33	14	34
1	298153	0	34	11	31
1	298036	0	32	9	30
1	297775	0	33	9	33
1	297730	0	34	8	33
1	298036	0	33	7	32
1	299440	1	34	5	32
1	299791	0	34	3	32
1	299440	0	33	2	32
1	298297	0	32	2	32
1	298288	0	35	16	49
1	298324	0	33	13	30
1	298000	1	33	11	31

1	298036	1	34	9	32
1	298072	1	33	8	32
1	297721	0	33	8	33
1	297730	0	34	7	33
1	297838	0	33	6	32
1	298063	0	33	6	33
1	298639	0	34	2	30
1	297649	0	32	2	32
1	296650	0	34	15	47
1	296101	0	34	12	31
1	295687	0	32	14	34
1	295840	0	34	10	30
1	296209	1	34	8	32
1	295957	1	33	8	33
1	295228	0	32	9	33
1	294580	0	35	6	32
1	294265	0	33	5	32
1	293608	0	33	3	31
1	293824	0	34	3	34
1	294616	0	33	2	32
1	294832	0	33	1	32
1	294562	0	34	15	48
1	293734	1	34	13	32
1	293680	0	43	14	44
1	293500	0	23	8	17
1	293518	0	33	7	32
1	293563	0	32	8	33
1	293482	0	35	4	31
1	292168	0	33	5	34
1	290197	0	33	5	33

1	289594	0	35	2	32
1	289243	0	32	15	45
1	289432	0	33	13	31
1	289450	0	34	13	34
1	289594	0	33	11	31
1	288937	0	33	9	31
1	288748	0	34	7	32
1	288136	0	32	7	32
1	288541	0	34	6	33
1	288685	0	34	4	32
1	288973	0	33	4	33
1	288091	0	33	3	32
1	286768	0	34	17	48
1	286066	0	33	15	31
1	286066	0	33	13	31
1	285355	0	34	12	33
1	286084	0	33	10	31
1	286543	0	33	8	31
1	286642	0	35	6	33
1	288505	0	32	6	32
1	291394	0	33	5	32
1	293509	0	34	4	33
1	295129	0	32	3	31
1	295399	0	33	2	32
1	295957	0	35	16	49
1	296245	0	33	13	30
1	293860	0	32	12	31
1	291403	0	35	10	33
1	289405	0	33	10	33
1	285238	1	33	7	30

1	279469	0	34	6	33
1	275554	0	32	6	32
1	273025	0	34	5	33
1	270676	0	34	3	32
1	269866	0	33	2	32
1	269191	0	33	1	32
1	269650	0	34	15	48
1	270307	0	32	13	30
1	271036	0	33	13	33
1	271729	0	34	9	30
1	272566	0	33	8	32
1	273043	1	34	6	32
1	273043	0	34	20	48
1	273448	1	33	5	18
1	273574	0	33	3	31
1	273790	0	34	4	35
1	273484	0	33	2	31
1	274348	0	33	0	31
1	273934	0	35	11	46
1	273997	0	32	12	33
1	274915	0	33	10	31
1	275374	0	34	9	33
1	274825	0	33	8	32
1	275104	0	33	7	32
1	275563	0	34	6	33
1	275887	0	33	5	32
1	275869	0	33	5	33
1	276166	0	34	2	31
1	276697	0	33	1	32
1	276580	0	33	15	47

1	277021	0	34	13	32
1	277615	0	33	11	31
1	277381	0	32	10	31
1	277939	0	35	7	32
1	277579	0	33	6	32
1	277840	1	33	6	33
1	277633	0	34	6	34
1	277741	0	33	4	31
1	277444	0	33	4	33
1	278308	0	34	1	31
1	278515	0	33	16	48
1	278470	0	33	14	31
1	278443	0	34	13	33
1	278623	0	33	11	31
1	278875	0	33	11	33
1	278938	0	34	7	30
1	279190	0	33	8	34
1	279271	0	33	6	31
1	279136	0	35	5	34
1	278992	0	32	4	31
1	279163	1	34	1	31
1	279235	0	33	15	47
1	279460	0	33	0	18
1	279838	0	32	13	45
1	280081	0	35	11	33
1	280144	0	33	10	32
1	279730	0	33	9	32
1	280378	0	34	8	33
1	280324	0	33	7	32
1	280549	0	33	5	31
1	280819	0	34	4	33

1	280684	0	33	4	33
1	280063	0	33	1	30
1	277975	0	34	1	34
1	275320	0	33	15	47
1	272809	0	33	13	31
1	272512	0	34	12	33
1	275671	0	33	10	31
1	277516	0	33	11	34
1	279883	0	33	6	28
1	280909	0	33	6	33
1	281683	0	33	7	34
1	282142	0	35	3	31
1	282250	1	33	2	32
1	281944	0	33	1	32
1	282340	0	34	15	48
1	281746	0	33	13	31
1	281638	0	33	11	31
1	281233	0	35	8	32
1	280018	0	32	9	33
1	278650	0	33	8	32
1	278965	0	34	6	32
1	278371	0	33	6	33
1	277237	0	33	4	31
1	275257	0	34	4	34
1	273367	0	33	3	32
1	270748	0	33	2	32
1	268408	0	34	15	47
1	266554	0	33	13	31
1	264097	0	33	11	31
1	262126	0	34	10	33

1	259462	0	32	9	31
1	255448	0	33	8	32
1	250822	1	35	5	32
1	246412	0	32	6	33
1	241849	0	33	6	33
1	237394	1	35	2	31
1	233092	0	33	2	33
1	229222	0	33	17	48
1	224668	0	34	13	30
1	220114	0	32	12	31
1	215461	0	33	12	33
1	210718	0	34	10	32
1	206560	0	34	8	32
1	201493	0	32	8	32
1	196570	0	35	5	32
1	192331	0	33	5	33
1	188866	0	33	4	32
1	185563	0	34	2	32
1	182557	0	33	0	31
1	180163	0	33	1	34
1	176599	0	34	14	47
1	172270	0	33	12	31
1	167617	0	32	11	31
1	162820	0	35	8	32
1	158878	0	33	7	32
1	155629	0	33	6	32
1	153118	0	34	5	33
1	151570	0	33	5	33
1	151228	0	33	5	33
1	152119	0	34	2	31

1	153226	0	32	2	32
1	154810	0	33	16	47
1	157834	0	35	13	32
1	161146	0	32	12	31
1	166006	0	33	12	33
1	171208	0	34	8	30
1	177121	0	33	7	32
1	183169	0	33	8	34
1	188164	0	34	6	32
1	192691	0	33	4	31
1	195967	0	33	5	34
1	198496	0	35	1	31
1	200404	0	33	16	48
1	201367	0	33	13	30
1	201772	0	34	12	33
1	200818	1	33	10	31
1	200080	0	32	10	32
1	199819	0	35	7	32
1	199639	0	33	6	32
1	200665	0	32	6	32
1	201439	0	35	5	34
1	202033	0	33	4	32
1	201547	0	33	2	31
1	199738	0	34	2	34
1	196795	0	33	15	46
1	194725	0	33	13	31
1	193186	0	34	12	33
1	191620	0	33	10	31
1	190036	0	33	11	34
1	188542	0	34	7	30

1	186679	0	33	6	32
1	185023	0	32	5	31
1	183106	0	34	5	34
1	182044	0	33	5	33
1	180973	0	33	3	31
1	180064	0	34	17	48
1	179344	0	34	0	17
1	179659	0	33	13	46
1	180406	0	34	12	33
1	181729	0	32	10	30
1	183583	0	33	9	32
1	184861	0	35	6	32
1	186436	0	33	5	32
1	188794	1	33	5	33
1	188839	0	34	4	33
1	189883	1	33	4	33
1	191755	0	33	2	31
1	194527	0	34	17	49
1	197659	0	33	14	30
1	202537	0	33	12	31
1	207262	0	34	11	33
1	213130	0	33	11	33
1	220870	0	33	8	30
1	228349	0	34	7	33
1	235837	0	33	6	32
1	243208	0	33	6	33
1	249562	0	33	5	32
1	255349	1	34	3	32
1	261181	0	32	2	31
1	265438	0	34	14	46

1	268750	1	34	13	33
1	272179	0	32	12	31
1	273880	0	34	11	33
1	274888	0	34	10	33
1	274591	0	32	8	30
1	274006	0	35	6	33
1	272638	0	33	6	33
1	270694	1	33	5	32
1	268921	0	34	3	32
1	267229	0	33	2	32
1	265654	0	33	2	33
1	265321	0	34	0	32
1	265861	0	33	14	47
1	266203	0	32	12	30
1	268120	0	35	10	33
1	270028	0	32	8	30
1	273655	0	33	8	33
1	276625	0	35	6	33
1	280531	0	33	4	31
1	283753	0	33	4	33
1	287398	0	34	3	33
1	291853	1	33	1	31
1	296416	0	33	15	47
1	291034	0	34	12	31
1	296902	0	33	13	34
1	304651	0	33	11	31
1	314965	0	34	10	33
1	328600	0	33	7	30
1	342775	0	33	7	33
1	356779	0	35	5	33

1	373564	1	33	3	31
1	391366	0	32	5	34
1	408385	0	35	2	32
1	424630	0	32	1	31
1	439030	0	33	13	45
1	454060	1	35	12	34
1	443053	0	32	11	31
1	436582	0	33	9	31
1	430462	0	34	8	33
1	418627	0	33	8	33
1	375553	0	33	7	32
1	329905	0	34	4	31
1	256159	0	33	4	33
1	212446	0	33	4	33
1	215848	0	34	1	31
1	219610	0	33	14	46
1	177625	0	32	13	31
1	122536	0	34	13	34
1	118513	0	33	11	31

1	266437	0	6601	6	6596
1	263035	0	33	6	33
1	260560	0	34	3	31
1	259948	0	33	2	32
1	254719	0	33	1	32
1	250849	0	34	14	47
1	247429	0	33	12	31
1	241408	0	33	12	33
1	237430	0	34	11	33
1	238564	0	32	8	29
1	239824	0	33	7	32
1	242335	0	34	6	33
1	245242	0	33	6	33
1	247438	0	34	3	31
1	248959	0	34	3	34
1	249787	0	33	1	31
1	249094	0	33	15	47
1	246808	0	34	13	32
1	244000	1	33	11	31
1	241156	0	33	11	33
1	238465	0	34	10	33
1	235756	0	32	8	30
1	233011	0	33	7	32
1	229870	0	35	6	34
1	226045	0	33	6	33

1	222058	0	33	4	31
1	218980	0	34	1	31
1	215974	0	33	16	48
1	212977	0	33	1	18
1	209818	0	34	12	45
1	206956	0	33	11	32
1	204517	0	32	12	33
1	202483	0	34	8	30
1	200395	0	33	7	32
1	198973	0	33	6	32
1	196993	0	34	6	34
1	195859	0	33	6	33
1	194788	0	33	3	30
1	193726	0	34	3	34
1	192916	0	34	15	46
1	192286	1	33	0	18
1	191980	0	34	12	46
1	191629	0	33	11	32
1	191593	0	33	11	33
1	191674	0	34	7	30
1	191971	0	33	6	32
1	191728	0	32	6	32
1	192259	0	35	5	34
1	192718	1	33	5	33
1	193366	1	33	3	31
1	194635	0	34	16	47
1	195688	0	33	1	18
1	196354	0	33	14	46
1	197362	0	34	13	33
1	198352	0	33	11	31

1	199108	0	33	9	31
1	200080	1	35	6	32
1	201547	0	32	8	34
1	203176	0	33	7	32
1	204652	0	34	4	31
1	205624	0	33	4	33
1	206794	0	32	3	31
1	207901	0	34	17	48
1	209071	0	33	1	17
1	210232	0	33	14	46
1	212005	1	35	12	33
1	214012	0	32	10	30
1	215398	0	33	10	33
1	217243	1	35	7	32
1	218719	1	33	6	32
1	221014	1	33	6	33
1	223201	0	34	5	33
1	225604	1	33	3	31
1	227368	0	32	2	31
1	229177	0	35	1	34
1	231544	0	33	14	46
1	232327	0	33	13	32
1	233254	0	34	10	31
1	234289	0	33	9	32
1	234811	0	33	8	32
1	235441	0	34	7	33
1	236242	0	32	7	32
1	236575	0	33	6	32
1	237628	0	34	4	32
1	239680	1	34	3	33

1	241624	0	33	16	46
1	244072	0	34	13	31
1	247573	0	33	14	34
1	251794	0	33	12	31
1	255475	0	34	11	33
1	258715	0	33	8	30
1	261964	0	33	9	34
1	264736	0	34	7	32
1	265699	0	33	5	31
1	266149	0	32	6	33
1	266383	1	35	2	31
1	265987	0	32	2	32
1	265366	0	33	18	49
1	264853	0	35	14	31
1	263998	0	33	11	30
1	262486	1	33	11	33
1	260794	0	34	10	33
1	259624	0	33	7	30
1	258598	0	33	6	32
1	258337	0	34	6	34
1	258094	0	33	6	33
1	258634	1	34	3	31
1	258589	0	32	3	32
1	258454	0	33	2	32
1	258238	0	33	15	46
1	258571	0	34	13	32
1	259399	0	34	12	33
1	261172	1	33	9	30
1	261865	0	33	8	32
1	263044	0	34	6	32
1	263602	0	33	6	33

1	265222	0	34	6	34
1	268174	0	33	4	31
1	270685	0	33	4	33
1	272152	0	34	1	31
1	273709	0	33	16	48
1	277039	0	33	14	31
1	281134	0	34	11	31
1	285103	0	32	12	33
1	288478	1	34	8	30
1	290854	1	34	6	32
1	293887	0	33	6	33
1	298360	0	33	4	31
1	303292	0	34	3	33
1	307522	0	33	4	34
1	312805	0	33	2	31
1	317818	0	35	16	49
1	322489	0	32	14	30
1	328168	1	34	11	31
1	334369	0	33	11	33
1	340399	0	33	9	31
1	344161	0	33	9	33
1	345484	0	34	11	36
1	345574	0	37	3	29
1	344737	0	29	5	31
1	344575	0	34	4	33
1	343783	0	33	17	46
1	342802	0	33	1	17
1	342208	0	34	14	47
1	341560	0	33	12	31
1	341803	0	33	13	34

1	339121	0	34	10	31
1	335710	0	33	7	30
1	334522	0	33	6	32
1	334810	0	34	6	34
1	334990	0	33	5	32
1	335026	0	33	5	33
1	335467	0	34	2	31
1	335854	0	33	1	32
1	337096	0	33	17	49
1	337780	0	34	13	30
1	337663	0	33	11	31
1	336106	0	33	11	33
1	333451	0	34	9	32
1	333613	0	33	7	31
1	332803	0	33	7	33
1	332650	0	35	5	33
1	332785	0	32	5	32
1	332938	1	33	4	32
1	332848	0	33	3	32
1	332497	0	34	3	34
1	331183	0	33	13	43
1	330652	0	34	12	33
1	328105	0	33	10	31
1	328726	0	33	10	33
1	330751	0	34	7	31
1	333433	0	33	7	33
1	335557	1	33	7	33
1	337087	0	34	4	31
1	339094	0	33	5	34
1	340993	0	33	3	31

1	340444	0	34	5	36
1	339634	0	33	16	44
1	339049	0	33	14	31
1	337510	0	34	11	31
1	333784	0	33	12	34
1	329005	0	33	9	30
1	329536	0	34	8	33
1	328897	0	33	7	32
1	326629	0	33	7	33
1	325504	0	34	4	31
1	326071	0	33	4	33
1	329419	0	33	2	31
1	331624	0	34	17	49
1	334162	0	33	1	17
1	335125	0	33	13	45
1	336097	1	35	12	34
1	337420	0	32	10	30
1	337951	0	33	10	33
1	339130	0	33	9	32
1	340426	0	34	6	31
1	342559	0	33	5	32
1	340795	0	34	3	32
1	337600	0	33	4	34
1	333685	0	33	3	32
1	326764	0	34	1	32
1	321724	0	33	15	47
1	324397	0	33	13	31
1	327457	0	34	10	31
1	327277	0	33	11	34
1	324496	0	33	8	30

1	307801	0	34	12	38
1	299206	0	33	6	27
1	295840	0	33	6	33
1	293851	0	34	4	32
1	291745	0	32	3	31
1	291736	0	33	2	32
1	292735	0	34	14	46
1	295516	0	34	14	34
1	299377	0	32	13	31
1	304831	0	35	11	33
1	312526	0	33	10	32
1	316918	0	32	8	30
1	319519	0	35	6	33
1	321625	0	33	5	32
1	325621	0	33	6	34
1	330004	0	34	3	31
1	332578	0	33	3	33
1	332677	0	33	2	32
1	330985	0	34	13	45
1	327070	0	33	14	34
1	322597	0	33	13	32
1	318907	0	34	9	30
1	314857	0	33	8	32
1	310015	0	33	7	32
1	306973	1	34	6	33
1	303031	0	33	5	32
1	298261	0	33	4	32
1	298441	0	34	3	33
1	299323	0	33	1	31
1	301267	0	33	15	47

1	301654	0	34	12	31
1	302806	0	33	12	33
1	305416	0	33	10	31
1	306811	0	34	8	32
1	307432	0	33	7	32
1	307351	0	33	6	32
1	306730	0	34	5	33
1	306055	0	33	5	33
1	304291	0	33	4	32
1	302923	0	34	1	31
1	302779	0	33	17	49
1	302779	0	33	1	17
1	302302	0	35	14	48
1	301357	0	32	11	29
1	300007	0	33	11	33
1	299737	0	35	7	31
1	300817	0	31	8	32
1	301375	0	33	7	32
1	300646	0	34	5	32
1	300871	1	34	5	34
1	301798	0	32	4	31
1	302842	1	35	4	35
1	304921	1	33	15	44
1	305983	0	33	13	31
1	307000	0	34	11	32
1	307927	0	33	12	34
1	309718	0	33	10	31
1	311716	0	34	8	32
1	313912	0	33	8	33
1	316342	0	33	5	30
1	318745	0	34	5	34

1	320563	0	34	4	33
1	320905	0	32	3	31
1	318853	1	34	16	47
1	315793	0	33	14	31
1	312310	0	33	12	31
1	309061	1	34	12	34
1	307288	0	33	10	31
1	306406	0	33	9	32
1	305956	0	34	7	32
1	305227	0	33	7	33
1	302743	0	33	5	31
1	300295	0	34	4	33
1	298783	0	33	3	32
1	292960	1	33	1	31
1	289162	0	34	15	48
1	285481	0	33	13	31
1	279397	0	33	13	33
1	274780	0	33	10	30
1	270676	1	35	8	33
1	267814	0	31	8	31
1	266941	0	34	8	34
1	269479	0	33	7	32
1	275293	0	33	5	31
1	281737	0	35	3	33
1	286687	0	33	3	33
1	289801	0	33	2	32
1	293680	0	34	14	46
1	299629	0	33	14	33
1	303607	0	33	12	31
1	304723	0	34	11	33

1	306730	0	33	10	32
1	307720	0	33	9	32
1	310384	0	34	7	32
1	313858	0	33	6	32
1	316270	1	33	4	31
1	318997	0	34	4	34
1	319762	0	33	1	30
1	320464	0	33	4	36
1	321445	0	34	12	42
1	323002	0	33	13	34
1	324325	0	33	11	31
1	326575	0	34	8	31
1	334216	0	33	8	33
1	343198	0	33	7	32
1	355285	0	34	6	33
1	369064	0	33	4	31
1	380485	0	33	5	34
1	390052	0	34	3	32
1	400474	0	34	1	32
1	410392	0	33	13	45
1	419878	0	34	14	35
1	426286	0	32	11	29
1	430588	0	33	9	31
1	432928	0	34	8	33
1	432028	0	33	8	33
1	428518	0	33	7	32
1	422614	0	34	4	31
1	414982	0	33	4	33
1	406630	0	33	2	31
1	397729	0	35	15	48

1	450226	1	33	15	33
1	455266	0	32	14	31
1	450325	1	35	11	32
1	436366	1	33	8	30
1	423100	0	32	9	33
1	407917	0	34	8	33
1	391402	0	33	6	31
1	373708	0	33	6	33
1	356023	0	34	4	32
1	335539	0	33	4	33
1	313120	1	33	2	31
1	290791	0	34	17	49
1	273736	0	33	14	30
1	265555	0	33	14	33
1	266959	0	34	11	31
1	274825	0	33	9	31
1	283177	0	33	9	33
1	289756	0	34	9	34
1	295687	0	33	6	30
1	298495	0	32	6	32
1	298243	0	35	3	32
1	298189	0	33	2	32
1	299728	0	32	3	33
1	304723	0	35	13	45
1	310978	0	33	14	34
1	316324	0	33	12	31
1	318727	0	34	11	33
1	317782	0	33	8	30
1	315055	0	33	8	33
1	310294	0	34	7	33
1	306307	0	33	6	32

1	304417	0	33	4	31
1	308278	0	34	3	33
1	316513	0	33	2	32
1	329122	0	33	1	32
1	356869	0	34	15	48
1	390637	0	33	13	31
1	405910	0	33	11	31
1	413029	0	34	10	33
1	429049	0	33	8	31
1	442378	1	34	7	33
1	454789	0	34	6	33
1	462295	0	33	5	32
1	466876	0	33	4	32
1	471376	0	35	1	32
1	475147	0	32	2	33
1	479368	1	34	17	49
1	483733	0	34	11	28
1	485740	0	32	12	33
1	486991	0	33	10	31
1	486838	0	34	7	31
1	485155	0	33	7	33
1	481933	0	33	6	32
1	477541	0	34	5	33
1	472213	0	33	3	31
1	465625	1	33	2	32
1	459730	1	34	1	33
1	455599	0	33	16	48
1	452008	0	33	1	18
1	448012	0	34	13	46
1	443728	0	32	13	32

1	436942	0	33	10	30
1	428815	0	35	6	31
1	420499	0	32	7	33
1	411760	0	33	7	33
1	403111	1	35	3	31
1	395056	0	33	3	33
1	388972	0	32	3	32
1	383977	0	35	17	49
1	380035	0	33	15	31
1	377605	0	32	14	31
1	376219	0	34	12	32
1	374797	0	33	12	33
1	373789	0	33	10	31
1	372799	0	35	7	32
1	372268	0	33	8	34
1	371593	1	33	5	30
1	370117	0	33	5	33
1	368884	0	34	4	33
1	368155	0	33	1	30
1	367993	1	33	0	32
1	368578	0	33	15	48
1	368839	1	33	13	31
1	369577	0	34	10	31
1	370126	0	33	11	34
1	370981	0	33	8	30
1	371566	0	34	7	33
1	372430	0	33	7	33
1	373375	0	33	5	31
1	373456	0	34	5	34
1	373960	0	34	3	32

1	373780	1	33	7	37
1	374707	0	34	14	41

