DelayToEnqueue	DeltaEnqueue	QueueDelay	DeltaDequeue	FrameSize	Buffer	RemotePort	LocalPort
175	0	15	0	96572	0	50802	48004
231	188	15	188	96752	0	50798	48000
339	140	16	141	96221	0	50798	48000
381	110	15	109	96473	0	50798	48000
567	19	15	19	96932	0	50800	48002
627	93	16	94	96401	1	50799	48001
460	0	31	15	96284	0	50798	48000
505	78	16	63	95897	0	50798	48000

833	63	15	62	96617	0	50801	48003
549	15	16	16	96635	0	50798	48000
672	156	16	156	96221	0	50798	48000
743	204	15	203	96356	0	50799	48001
824	15	16	16	96347	0	50801	48003
901	110	15	109	96311	0	50800	48002
1014	46	16	47	95609	1	50798	48000
880	0	32	16	96599	0	50801	48003
1002	188	16	172	96095	0	50799	48001
1051	16	15	15	96032	0	50800	48002
1433	15	16	16	95825	1	50802	48004
999	0	31	15	96590	0	50801	48003
1121	188	16	173	96113	0	50799	48001
1170	16	16	16	96644	0	50800	48002
1133	31	16	31	96068	0	50801	48003

1255	188	15	187	96005	0	50799	48001
1304	15	16	16	95996	0	50800	48002
1253	16	16	16	95987	0	50801	48003
1407	187	16	187	96662	1	50800	48002
1390	16	16	16	96068	0	50799	48001
1370	47	16	47	95987	0	50798	48000
1493	156	16	156	96131	0	50798	48000
1653	94	16	94	95861	0	50802	48004
1569	16	15	15	96239	0	50798	48000
1645	109	16	110	96482	0	50798	48000
1706	94	15	93	95987	0	50798	48000
1750	78	0	63	96329	0	50798	48000

1779	62	16	78	95726	0	50798	48000
1824	78	16	78	95753	0	50798	48000
1869	79	15	78	96293	0	50798	48000
1914	78	15	78	96095	0	50798	48000
1958	78	16	79	96077	0	50798	48000
2003	78	16	78	96104	0	50798	48000
2033	63	15	62	96410	0	50798	48000
2078	78	15	78	96320	0	50798	48000
2122	78	15	78	96104	0	50798	48000
2183	94	15	94	96518	0	50798	48000
2228	78	15	78	96167	0	50798	48000
2256	62	16	63	96797	0	50798	48000
2306	83	16	83	96401	0	50798	48000

2352	79	15	78	96275	0	50798	48000
2396	78	16	79	96419	0	50798	48000
2442	79	16	79	96410	0	50798	48000
2487	78	16	78	96095	0	50798	48000
2530	78	16	78	96221	0	50798	48000
2561	63	16	63	95888	0	50798	48000
2606	78	16	78	96545	0	50798	48000
2650	78	16	78	95834	0	50798	48000
2695	78	16	78	96302	0	50798	48000
2739	78	16	78	96536	0	50798	48000
2789	83	15	82	95771	0	50798	48000
2818	62	16	63	96563	0	50798	48000
2863	78	16	78	96059	0	50798	48000

2907	78	16	78	96212	0	50798	48000
3109	235	15	234	96167	0	50798	48000
2968	125	15	125	96095	1	50801	48003
2734	0	31	16	96140	1	50800	48002
3149	15	32	16	96608	0	50802	48004
2599	250	16	234	96284	0	50799	48001
2611	79	15	78	96338	0	50802	48004
2309	31	15	31	95996	0	50801	48003
2273	31	16	32	95852	0	50800	48002
2201	94	15	93	96266	0	50799	48001
3731	31	16	32	96185	0	50798	48000

2290	159	16	159	96392	0	50802	48004
2273	16	15	15	96338	0	50801	48003
1735	62	16	63	95780	1	50799	48001
2202	0	31	15	96365	0	50800	48002
1283	281	16	266	96131	0	50798	48000
1580	97	16	97	95978	1	50799	48001
1913	0	32	16	96194	0	50802	48004
1760	47	16	31	96257	0	50800	48002
1343	16	15	15	96032	0	50798	48000
1958	15	16	16	95924	0	50801	48003
1353	63	16	63	95528	0	50798	48000
1250	62	16	62	95978	0	50798	48000
1210	94	16	94	95807	0	50798	48000
1169	125	16	125	96743	0	50798	48000

953	219	16	219	96365	0	50802	48004
1237	16	15	15	96347	0	50798	48000
1014	78	15	78	96482	0	50801	48003
262	47	15	47	95870	0	50799	48001
359	31	15	31	96113	0	50800	48002
222	62	16	63	95681	0	50802	48004
218	63	15	62	96500	0	50801	48003
110	125	15	125	96752	0	50802	48004
191	15	16	16	96194	0	50800	48002
85	360	15	359	95492	0	50802	48004

160	109	16	110	95609	0	50801	48003
65	172	16	172	96329	0	50802	48004
99	469	15	468	95609	0	50802	48004
126	125	15	125	95807	0	50801	48003
124	31	16	32	95465	0	50802	48004
98	141	15	140	95582	0	50802	48004

132	234	16	235	94511	0	50802	48004
162	63	15	62	95582	0	50801	48003
85	156	15	156	95609	0	50802	48004
62	344	15	344	95591	0	50802	48004
198	203	15	203	95726	0	50800	48002
247	15	16	16	95825	0	50801	48003
144	32	15	31	95483	0	50802	48004

116	171	16	172	95429	0	50802	48004
144	94	16	94	95267	0	50801	48003
98	188	15	187	95906	0	50802	48004

91	593	16	594	95546	0	50802	48004
76	251	15	250	96032	0	50802	48004
80	204	16	205	95870	0	50802	48004
159	313	16	313	96257	0	50802	48004
173	47	16	47	95924	0	50801	48003
167	94	15	93	95816	0	50800	48002

77	343	16	344	95681	0	50802	48004
82	172	16	172	95915	0	50802	48004
231	16	16	16	95780	0	50801	48003
135	237	15	236	95825	0	50802	48004
100	265	16	266	96113	0	50802	48004

123	156	16	156	95942	0	50802	48004
97	141	16	141	95960	0	50802	48004
154	125	16	125	96365	0	50801	48003
131	109	16	109	96086	0	50802	48004
103	205	16	205	96077	0	50802	48004
125	157	15	156	95798	0	50802	48004
101	140	16	141	95870	0	50802	48004

201	235	15	234	95690	0	50800	48002
150	15	16	16	95915	0	50802	48004
297	47	16	47	95933	0	50801	48003
122	125	16	125	95231	0	50802	48004
78	156	16	156	95879	0	50802	48004
116	172	16	172	95636	1	50802	48004
183	0	31	15	95708	0	50801	48003

110	360	15	344	95519	0	50802	48004
199	156	15	156	95951	1	50801	48003
99	0	31	16	96068	0	50802	48004
129	297	15	281	95789	0	50802	48004
119	156	16	157	95645	0	50801	48003
93	109	16	109	95249	0	50802	48004
119	125	16	125	95330	0	50802	48004

105	219	16	219	96158	0	50802	48004
147	109	16	109	95249	0	50801	48003
91	110	15	109	95510	0	50802	48004
133	109	16	110	95132	0	50801	48003
115	250	16	250	94961	0	50802	48004
133	250	16	250	95402	0	50802	48004
210	110	15	109	95402	0	50801	48003

90	47	15	47	95132	0	50802	48004
148	125	15	125	95870	0	50801	48003
88	140	16	141	95915	0	50802	48004

103	781	16	781	95897	0	50802	48004
144	141	16	141	95312	0	50801	48003
141	31	16	31	96041	0	50802	48004
216	141	16	141	95870	0	50801	48003
165	16	15	15	95537	0	50800	48002
68	203	16	204	95312	0	50802	48004
124	156	16	156	95258	0	50802	48004
118	94	16	94	96194	0	50802	48004

91	406	16	406	95051	0	50802	48004
113	156	16	156	95771	0	50802	48004

78	831	16	831	95510	0	50802	48004
120	109	16	109	95888	0	50802	48004
72	219	16	219	95366	0	50802	48004

150	578	16	578	95771	0	50802	48004
195	78	16	78	95645	0	50801	48003
160	32	15	31	95510	0	50802	48004
138	78	15	78	95771	0	50802	48004
90	285	15	285	95555	0	50802	48004
135	78	16	79	95465	0	50802	48004
95	94	15	93	95474	0	50802	48004
140	78	15	78	95843	0	50802	48004

124	284	15	284	95330	0	50802	48004
105	281	16	282	95519	0	50802	48004
56	84	13	81	95474	0	50802	48004
126	170	15	172	96041	0	50802	48004
199	140	16	141	95096	0	50802	48004
301	235	15	234	95186	0	50802	48004

298	31	15	31	95519	1	50800	48002
398	0	31	16	95195	1	50801	48003
280	15	32	16	95051	0	50799	48001
68	188	16	172	95033	0	50802	48004
113	78	16	78	95366	0	50802	48004
96	250	16	250	95384	0	50802	48004
95	266	15	265	94961	0	50802	48004

110	281	16	282	95024	0	50802	48004
90	547	15	546	95888	0	50802	48004
107	250	15	250	96005	0	50802	48004

63	156	16	157	95816	0	50802	48004
123	94	15	93	95942	0	50802	48004
135	78	16	79	96266	0	50802	48004
113	78	16	78	95906	0	50802	48004
238	192	15	191	95249	0	50802	48004
298	93	16	94	96464	0	50801	48003
311	47	16	47	95825	1	50800	48002
145	0	32	16	96050	0	50802	48004
124	313	15	296	95798	0	50802	48004

111	187	16	188	95555	0	50802	48004
89	78	16	78	95870	0	50802	48004
133	344	16	344	95411	0	50802	48004
78	78	16	78	95258	0	50802	48004
122	344	16	344	95771	0	50802	48004

80	125	16	125	95879	0	50802	48004
103	156	16	156	95078	0	50802	48004
116	346	16	346	95375	0	50802	48004
101	219	15	218	95150	0	50802	48004
110	109	16	110	95708	0	50802	48004
138	94	15	93	95375	0	50802	48004

129	125	15	125	96293	0	50802	48004
205	109	16	110	96518	0	50801	48003
100	63	15	62	95420	0	50802	48004
66	265	16	266	95915	0	50802	48004

80	547	16	547	95951	0	50802	48004
99	219	16	219	95573	0	50802	48004
126	94	15	93	95231	0	50802	48004
82	156	16	157	95681	0	50802	48004
137	188	16	188	95429	0	50802	48004
130	126	16	126	95843	0	50802	48004
246	16	15	15	95861	0	50801	48003
104	125	15	125	95303	0	50802	48004

127	390	16	391	94763	0	50802	48004
105	78	16	78	95384	0	50802	48004
117	78	16	78	95024	0	50802	48004
116	266	16	266	95168	0	50802	48004

97	281	16	281	95258	0	50802	48004
121	157	15	156	95312	0	50802	48004
152	265	16	266	95177	0	50802	48004
210	125	16	125	95618	0	50802	48004
260	16	15	15	94781	0	50801	48003
71	78	16	79	94970	0	50802	48004

126	422	15	421	95510	0	50802	48004
232	140	16	141	95573	0	50801	48003
131	532	15	531	95789	0	50802	48004
93	94	15	94	95735	0	50802	48004
82	156	15	156	95141	0	50802	48004

75	93	16	94	95195	0	50802	48004
102	94	16	94	95465	0	50802	48004
129	94	16	94	95510	0	50802	48004
57	94	15	93	95447	0	50802	48004
168	144	16	145	95645	0	50802	48004
195	94	15	93	96194	0	50802	48004
259	31	16	32	95789	0	50801	48003
67	109	16	109	95780	0	50802	48004
110	143	15	142	95681	0	50802	48004
120	109	16	110	95384	0	50802	48004

195	141	15	140	95933	0	50802	48004
120	125	15	125	95870	0	50802	48004
384	31	16	32	95843	0	50801	48003
333	16	15	15	95510	0	50800	48002
77	78	15	78	96212	0	50802	48004
89	78	16	79	96158	0	50802	48004
63	141	15	140	96437	0	50802	48004
123	93	16	94	96428	0	50802	48004
60	203	16	203	96185	0	50802	48004

82	157	15	156	96626	0	50802	48004
133	250	15	250	96500	0	50802	48004
77	78	15	78	96203	0	50802	48004
304	126	16	127	96554	1	50801	48003
171	0	31	15	96347	0	50802	48004
165	94	15	78	96059	0	50802	48004
101	203	16	204	96626	0	50802	48004
112	78	16	78	96113	0	50802	48004
171	125	16	125	96095	0	50802	48004

231	94	15	93	96707	0	50801	48003
74	109	16	110	96230	0	50802	48004
108	235	15	234	96995	0	50802	48004
69	94	31	110	95843	0	50802	48004
99	296	16	281	96329	0	50802	48004
84	219	16	219	95672	0	50802	48004

107	156	16	156	95501	0	50802	48004
84	110	15	109	95033	0	50802	48004
120	437	16	438	95384	0	50802	48004
163	109	16	109	95420	0	50802	48004
168	172	16	172	95609	1	50801	48003
202	0	32	16	95096	0	50802	48004

70	235	15	218	95285	0	50802	48004
162	125	15	125	95591	0	50802	48004
185	62	16	63	95348	0	50801	48003
65	141	15	140	95429	0	50802	48004
58	94	15	94	95348	0	50802	48004
125	234	16	235	95465	0	50802	48004
86	94	15	93	95699	0	50802	48004

93	140	16	141	95528	0	50802	48004
102	110	15	109	96005	0	50802	48004
118	281	16	282	95870	0	50802	48004
70	219	15	218	95456	0	50802	48004
59	156	16	157	96131	0	50802	48004
102	109	16	109	95807	0	50802	48004

129	94	16	94	95915	0	50802	48004
218	156	16	156	96347	0	50802	48004
221	69	10	63	95609	0	50801	48003
180	26	16	32	95753	0	50802	48004
83	203	16	203	96392	0	50802	48004
91	141	15	140	95726	0	50802	48004
113	222	16	223	95510	0	50802	48004
220	141	15	140	95708	0	50801	48003

91	437	16	438	95519	0	50802	48004
102	78	16	78	95897	0	50802	48004
109	141	16	141	96230	0	50802	48004
207	297	15	296	96023	0	50802	48004

327	187	16	188	95438	1	50800	48002
360	0	32	16	96041	0	50801	48003
257	63	15	46	96077	0	50802	48004
332	109	16	110	95573	1	50799	48001
231	0	31	15	96113	0	50798	48000
328	63	15	47	96167	0	50802	48004
187	125	15	125	96086	0	50801	48003
235	15	16	16	96239	0	50802	48004
86	284	15	283	103196	0	50802	48004
113	94	15	94	103727	0	50802	48004
89	109	16	110	103070	0	50802	48004

84	328	16	328	101567	0	50802	48004
95	78	16	78	102584	0	50802	48004
127	266	16	266	97706	0	50802	48004
102	141	15	140	99722	0	50802	48004

83	281	15	281	100973	0	50802	48004
75	359	16	360	101090	0	50802	48004
175	266	15	265	100154	0	50802	48004
235	94	15	94	100334	0	50801	48003
84	15	16	16	94448	0	50802	48004

87	703	16	703	95249	0	50802	48004
98	78	16	78	95240	0	50802	48004
79	81	16	81	95690	0	50802	48004
82	203	16	203	95240	0	50802	48004

85	270	16	270	94592	0	50802	48004
146	328	16	328	94988	0	50802	48004
141	94	15	93	94826	0	50802	48004
230	156	16	157	95402	0	50802	48004
244	47	16	47	95348	0	50800	48002
556	146	15	145	95321	0	50801	48003
137	47	15	47	95366	0	50802	48004
226	156	16	157	95195	0	50802	48004

334	141	15	140	95708	0	50799	48001
296	62	16	63	95348	1	50802	48004
462	0	31	15	95789	0	50800	48002
371	109	16	94	95339	0	50801	48003
321	16	16	16	95222	0	50802	48004
490	203	16	203	95618	0	50798	48000
670	281	16	281	94934	0	50802	48004
717	79	15	78	95897	0	50801	48003
847	31	15	31	95078	0	50798	48000
743	62	16	63	95645	1	50800	48002
643	0	32	16	95654	0	50799	48001

686	110	15	93	95051	0	50802	48004
599	47	15	47	95690	0	50801	48003
1096	62	16	63	95627	0	50798	48000
512	16	15	15	94682	0	50802	48004
355	343	16	344	95537	1	50798	48000
588	0	32	16	95870	0	50801	48003
419	32	15	15	95303	0	50799	48001
568	15	16	16	95069	0	50800	48002
447	79	15	78	95501	0	50798	48000
1087	140	16	141	95186	0	50802	48004
1126	172	16	172	95771	0	50802	48004

