DelayToEnqueue	DeltaEnqueue	QueueDelay	DeltaDequeue	FrameSize	Buffer
190	0	204	0	96564	1
246	188	47	31	96744	0
355	141	16	110	96213	0

396	109	0	93	96465	0
582	19	15	34	96924	0
643	94	15	94	96393	0
491	15	31	31	96276	0
521	63	0	32	95889	0
848	62	0	62	96609	0
565	16	15	31	96627	0
688	156	16	157	96213	0
758	203	0	187	96348	0
840	16	15	31	96339	0
916	109	31	125	96303	0
1030	47	16	32	95601	1
912	16	31	31	96591	0

1018	172	15	156	96087	0
1066	15	31	31	96024	2
1449	16	47	32	95817	1
1030	15	63	31	96582	0
1137	173	16	126	96105	0
1186	16	31	31	96636	1
1149	31	31	31	96060	0
1270	187	0	156	95997	0
1320	16	16	32	95988	1
1269	16	31	31	95979	0
1423	187	0	156	96654	0
1406	16	15	31	96060	0
1386	47	0	32	95979	0
1509	156	0	156	96123	0
1669	94	0	94	95853	0

1584	15	16	31	96231	0
1661	110	31	125	96474	0
1721	93	0	62	95979	0
1750	63	0	63	96321	0
1795	78	16	94	95718	0
1840	78	0	62	95745	0
1884	78	16	94	96285	0
1929	78	0	62	96087	0
1974	79	15	94	96069	0
2019	78	0	63	96096	0
2048	62	0	62	96402	0
2093	78	16	94	96312	0
2137	78	32	94	96096	0

2198	94	0	62	96510	0
2243	78	16	94	96159	0
2272	63	15	62	96789	0
2322	83	15	83	96393	0
2367	78	0	63	96267	0
2412	79	15	94	96411	0
2458	79	31	95	96402	0
2503	78	16	63	96087	0
2546	78	31	93	96213	0
2577	63	0	32	95880	0
2622	78	15	93	96537	0
2666	78	0	63	95826	0
2711	78	16	94	96294	0

2755	78	0	62	96528	0
2804	82	16	98	95763	0
2834	63	15	62	96555	0
2879	78	31	94	96051	0
2923	78	16	63	96204	0
3124	234	32	250	96159	0
2983	125	32	125	96087	1
2765	16	47	31	96132	1
3181	16	62	31	96600	0
2615	234	16	188	96276	0

2626	78	31	93	96330	0
2324	31	32	32	95988	0
2289	32	31	31	95844	0
2216	93	32	94	96258	0
3747	32	31	31	96177	0
2306	159	31	159	96384	1
2288	15	47	31	96330	0
1751	63	15	31	95772	0
2233	15	32	32	96357	0
1299	266	16	250	96123	0
1596	97	16	97	95970	0
1945	16	31	31	96186	0
1776	31	31	31	96249	1
1358	15	47	31	96024	1
1974	16	63	32	95916	0
1369	63	31	31	95520	0

1266	62	31	62	95970	0
1226	94	31	94	95799	0
1185	125	31	125	96735	0
969	219	31	219	96357	1
1252	15	47	31	96339	0
1029	78	32	63	96474	0
277	47	16	31	95862	0
374	31	16	31	96105	0
238	63	16	63	95673	0
233	62	16	62	96492	0
125	125	16	125	96744	0
207	16	31	31	96186	0

100	359	16	344	95484	0
176	110	31	125	95601	0
81	172	15	156	96321	0
114	468	16	469	95601	0

141	125	16	125	95799	0
140	32	15	31	95457	0
113	140	32	157	95574	0
148	235	15	218	94503	0
177	62	16	63	95574	0
100	156	16	156	95601	0

77	344	16	344	95583	0
213	203	32	219	95718	1
263	16	47	31	95817	1
159	31	47	31	95475	0
132	172	31	156	95421	0
160	94	31	94	95259	0
113	187	32	188	95898	0

107	594	31	593	95538	0
91	250	31	250	96024	0
96	205	16	190	95862	0

175	313	15	312	96249	0
189	47	31	63	95916	0
182	93	32	94	95808	0
93	344	31	343	95673	0
98	172	16	157	95907	0
247	16	31	31	95772	0
150	236	16	221	95817	0

116	266	31	281	96105	0
139	156	31	156	95934	0
113	141	15	125	95952	0
170	125	15	125	96357	0
147	109	31	125	96078	0
119	205	16	190	96069	0

140	156	16	156	95790	0
117	141	31	156	95862	0
216	234	16	219	95682	0
166	16	31	31	95907	0
313	47	15	31	95925	0
138	125	15	125	95223	0
94	156	16	157	95871	0

132	172	31	187	95628	1
215	16	46	31	95700	0
125	343	16	313	95511	0
214	156	16	156	95943	0
130	16	31	31	96060	0
144	281	32	282	95781	0
135	157	0	125	95637	0

109	109	16	125	95241	0
135	125	16	125	95322	0
121	219	15	218	96150	0
163	109	31	125	95241	0
106	109	16	94	95502	0
149	110	31	125	95124	0
131	250	31	250	94953	0

149	250	31	250	95394	0
225	109	16	94	95394	0
105	47	31	62	95124	0
163	125	31	125	95862	0
104	141	15	125	95907	0

119	781	16	782	95889	0
160	141	31	156	95304	0
157	31	31	31	96033	0
232	141	15	125	95862	0
180	15	32	32	95529	0
84	204	15	187	95304	0

140	156	15	156	95250	0
134	94	15	94	96186	0
107	406	16	407	95043	0
129	156	16	156	95763	0

94	831	31	846	95502	0
136	109	16	94	95880	0
88	219	15	218	95358	0

166	578	31	594	95763	0
211	78	16	63	95637	0
175	31	16	31	95502	0
153	78	32	94	95763	0
105	285	32	285	95547	0
151	79	15	62	95457	0

110	93	16	94	95466	0
155	78	32	94	95835	0
139	284	32	284	95322	0
121	282	31	281	95511	0
69	81	16	66	95466	0
141	172	31	187	96033	0

215	141	15	125	95088	0
316	234	31	250	95178	0
313	31	32	32	95511	1
429	16	47	31	95187	1
312	16	62	31	95043	0
84	172	15	125	95025	0
129	78	31	94	95358	0
112	250	31	250	95376	0

110	265	16	250	94953	0
126	282	15	281	95016	0
105	546	32	563	95880	0

122	250	32	250	95997	0
79	157	31	156	95808	0
138	93	32	94	95934	0
151	79	15	62	96258	0
129	78	31	94	95898	0
253	191	31	191	95241	0
314	94	31	94	96456	0
327	47	16	32	95817	0
177	16	31	31	96042	0

139	296	16	281	95790	0
127	188	16	188	95547	0
105	78	31	93	95862	0
149	344	31	344	95403	0
94	78	16	63	95250	0

138	344	15	343	95763	0
96	125	15	125	95871	0
119	156	16	157	95070	0
132	346	15	345	95367	0

116	218	16	219	95142	0
126	110	31	125	95700	0
153	93	32	94	95367	0
144	125	32	125	96285	0
221	110	15	93	96510	0
115	62	16	63	95412	0
82	266	31	281	95907	0

96	547	15	531	95943	0
115	219	15	219	95565	0
141	93	16	94	95223	0
98	157	15	156	95673	0

153	188	15	188	95421	0
146	126	15	126	95835	0
261	15	31	31	95853	0
119	125	31	125	95295	0
143	391	15	375	94755	0
121	78	31	94	95376	0
133	78	16	63	95016	0

132	266	31	281	95160	0
113	281	31	281	95250	0
136	156	31	156	95304	0
168	266	15	250	95169	0
226	125	15	125	95610	0
275	15	32	32	94773	0
87	79	15	62	94962	0

141	421	32	438	95502	0
248	141	16	125	95565	0

146	531	16	531	95781	0
108	94	16	94	95727	0
97	156	16	156	95133	0
91	94	16	94	95187	0
118	94	16	94	95457	0
145	94	15	93	95502	0
72	93	16	94	95439	0
184	145	31	160	95637	0
210	93	32	94	96186	0
275	32	31	31	95781	0

83	109	16	94	95772	0
125	142	32	158	95673	0
136	110	15	93	95376	0
210	140	32	157	95925	0
135	125	32	125	95862	0
400	32	31	31	95835	1
348	15	47	31	95502	0
92	78	32	63	96204	0
105	79	15	62	96150	0
78	140	31	156	96429	0
139	94	31	94	96420	0

76	203	16	188	96177	0
97	156	16	156	96618	0
148	250	16	250	96492	0
92	78	32	94	96195	0
320	127	31	126	96546	1
202	15	47	31	96339	0
180	78	32	63	96051	0

117	204	15	187	96618	0
128	78	31	94	96105	0
187	125	31	125	96087	0
246	93	0	62	96699	0
90	110	15	125	96222	0
123	234	31	250	96987	0
100	110	31	110	95835	0

115	281	0	250	96321	0
100	219	0	219	95664	0
123	156	31	187	95493	0
99	109	16	94	95025	0
136	438	15	437	95376	0

179	109	31	125	95412	0
184	172	16	157	95601	0
234	16	31	31	95088	0
85	218	32	219	95277	0
177	125	32	125	95583	0
201	63	31	62	95340	0
80	140	16	125	95421	0
73	94	16	94	95340	0

141	235	31	250	95457	0
101	93	32	94	95691	0
109	141	16	125	95520	0
117	109	32	125	95997	0
134	282	31	281	95862	0
85	218	32	219	95448	0

75	157	31	156	96123	0
118	109	16	94	95799	0
145	94	15	93	95907	0
234	156	16	157	96339	0
231	63	16	63	95601	0
196	32	15	31	95745	0
99	203	31	219	96384	0
106	140	16	125	95718	0

129	223	15	222	95502	0
235	140	32	157	95700	0
107	438	31	437	95511	0
118	78	16	63	95889	0
125	141	31	156	96222	0

222	296	16	281	96015	0
343	188	16	188	95430	0
392	16	31	31	96033	0
272	46	16	31	96069	0
348	110	31	125	95565	1
262	15	47	31	96105	0
343	47	32	32	96159	0
202	125	32	125	96078	1
251	16	47	31	96231	0

101	283	16	252	103188	0
128	94	16	94	103719	0
105	110	31	125	103062	0
100	328	15	312	101559	0
111	78	31	94	102576	0
143	266	15	250	97698	0

117	140	31	156	99714	0
98	281	32	282	100965	0
91	360	15	343	101082	0
190	265	32	282	100146	0

250	94	0	62	100326	0
100	16	15	31	94440	0
103	703	0	688	95241	0
114	78	16	94	95232	0
95	81	31	96	95682	0

98	203	15	187	95232	0
101	270	0	255	94584	0
162	328	15	343	94980	0
156	93	16	94	94818	0
246	157	15	156	95394	0
260	47	0	32	95340	0

571	145	16	161	95313	0
152	47	0	31	95358	0
242	157	31	188	95187	0
349	140	16	125	95700	0
312	63	15	62	95340	1
493	15	32	32	95781	0
387	94	0	62	95331	0
337	16	15	31	95214	0
506	203	0	188	95610	0

686	281	0	281	94926	0
732	78	16	94	95889	0
862	31	16	31	95070	0
759	63	16	63	95637	0
675	16	31	31	95646	0
701	93	32	94	95043	0
614	47	16	31	95682	0
1112	63	15	62	95619	0
527	15	32	32	94674	0
371	344	0	312	95529	0
620	16	15	31	95862	1
434	15	32	32	95295	1
584	16	47	31	95061	0
462	78	31	62	95493	0

1103	141	15	125	95178	0
1142	172	31	188	95763	0

