DelayToEnqueue	DeltaEnqueue	QueueDelay	DeltaDequeue	FrameSize	Buffer	RemotePort	LocalPort
1860	0	5	0	1355051	0	53249	48004
1883	49	8	52	1354925	0	53248	48003
2135	301	4	297	1353827	0	53247	48002

2250	132	5	133	1353143	0	53246	48001
2299	83	7	85	1353026	0	53245	48000
2993	727	4	724	1352513	0	53245	48000

3092	166	5	167	1345754	0	53248	48003
3112	55	5	55	1339643	0	53247	48002
3250	70	6	71	1349939	0	53249	48004
3265	114	8	116	1335674	0	53246	48001
3931	700	10	702	1330760	0	53249	48004

4007	109	5	104	1331093	0	53248	48003
3995	20	10	25	1332686	0	53247	48002
3993	32	9	31	1330283	0	53246	48001
4466	507	8	506	1333469	0	53249	48004
4590	190	5	187	1341758	0	53247	48002
4755	132	4	131	1338428	0	53248	48003

4874	185	6	187	1343180	0	53246	48001
4930	90	6	90	1343261	0	53249	48004
5169	273	4	271	1343495	0	53248	48003
5392	256	1	253	1343054	0	53247	48002
5519	160	2	161	1344773	0	53246	48001

5627	142	8	148	1345403	0	53249	48004
5833	239	4	235	1346024	0	53248	48003
6020	220	3	219	1346951	0	53247	48002
6056	69	2	68	1347365	0	53246	48001
6176	154	6	158	1348193	0	53249	48004
6206	63	3	60	1347941	0	53248	48003

6653	481	8	486	1348796	0	53247	48002
6718	98	7	97	1348400	0	53246	48001
6776	91	4	88	1348247	0	53249	48004
6813	71	3	70	1348994	0	53248	48003
6875	95	7	99	1349183	0	53247	48002
7000	193	3	189	1350326	0	53245	48000
7121	153	2	152	1349552	0	53245	48000

7254	167	4	169	1351064	0	53245	48000
7382	162	2	160	1351235	0	53245	48000
7545	196	1	195	1351604	0	53245	48000
7700	187	5	191	1351127	0	53245	48000
7848	182	7	184	1350704	0	53245	48000

7990	174	9	176	1351496	0	53245	48000
8144	188	7	186	1351307	0	53245	48000
8291	180	3	176	1349516	0	53245	48000
8426	169	3	169	1350299	0	53245	48000
8560	166	4	167	1349624	0	53245	48000
8726	200	3	199	1350200	0	53245	48000

8845	152	4	153	1352756	0	53245	48000
8981	170	4	170	1353728	0	53245	48000
9125	177	3	176	1354367	0	53245	48000
9273	181	7	185	1354043	0	53245	48000
9419	179	5	177	1353566	0	53245	48000
9553	168	6	169	1355357	0	53245	48000

9711	191	3	188	1353917	0	53245	48000
9844	167	8	172	1352927	0	53245	48000
9975	165	4	161	1351604	0	53245	48000
10124	182	8	186	1351154	0	53245	48000
10313	222	3	217	1351181	0	53245	48000

10440	160	6	163	1350686	0	53245	48000
10578	172	5	171	1350263	0	53245	48000
10704	158	6	159	1350992	0	53245	48000
10851	181	8	183	1351532	0	53245	48000
11000	183	6	181	1353170	0	53245	48000
11169	202	3	199	1354205	0	53245	48000

11305	170	4	171	1354493	0	53245	48000
11468	196	10	202	1354790	0	53245	48000
11634	200	9	199	1354691	0	53245	48000
11782	181	8	180	1354430	0	53245	48000
11926	178	7	177	1355933	0	53245	48000

12055	161	4	158	1354673	0	53245	48000
12213	192	7	195	1354331	0	53245	48000
12387	206	8	207	1354835	0	53245	48000
12515	161	4	157	1354943	0	53245	48000
12643	161	4	161	1354403	0	53245	48000
12783	175	2	173	1353161	0	53245	48000

12930	179	4	181	1353278	0	53245	48000
13113	217	3	216	1353314	0	53245	48000
13267	187	3	187	1353134	0	53245	48000
13415	181	1	179	1353404	0	53245	48000
13538	157	7	163	1352792	0	53245	48000
13681	178	3	174	1353404	0	53245	48000

13829	180	8	185	1353656	0	53245	48000
13981	186	4	182	1354268	0	53245	48000
14140	192	4	192	1354466	0	53245	48000
14268	161	0	157	1354052	0	53245	48000
14402	167	5	172	1353755	0	53245	48000

14543	174	3	172	1354673	0	53245	48000
14664	155	8	160	1354574	0	53245	48000
14808	178	4	174	1353809	0	53245	48000
14951	176	8	180	1354106	0	53245	48000
15101	182	4	178	1353746	0	53245	48000
15232	165	9	170	1353944	0	53245	48000

15397	199	5	195	1353098	0	53245	48000
15570	206	10	211	1352837	0	53245	48000
15726	190	4	184	1352144	0	53245	48000
15883	190	3	189	1352837	0	53245	48000
16032	182	4	183	1353260	0	53245	48000

16167	169	4	169	1352531	0	53245	48000
16337	204	2	202	1352531	0	53245	48000
16489	184	8	190	1352747	0	53245	48000
16649	193	1	186	1352531	0	53245	48000
16830	214	8	221	1352054	0	53245	48000

16980	183	2	177	1352225	0	53245	48000
17146	199	6	203	1353269	0	53245	48000
17277	166	4	164	1354268	0	53245	48000
17417	172	8	176	1355177	0	53245	48000
17574	191	8	191	1354970	0	53245	48000
17695	155	7	154	1355348	0	53245	48000

17856	193	3	189	1356356	0	53245	48000
17995	173	2	172	1356221	0	53245	48000
18131	169	0	167	1355924	0	53245	48000
18270	173	5	178	1355483	0	53245	48000
18413	176	2	173	1355267	0	53245	48000
18565	186	8	192	1356239	0	53245	48000

18691	158	7	157	1356833	0	53245	48000
18850	193	6	192	1355096	0	53245	48000
19009	192	10	196	1352171	0	53245	48000
19159	183	9	182	1346330	0	53245	48000
19318	194	9	194	1340993	0	53245	48000

19446	160	4	155	1338986	0	53245	48000
19589	176	0	172	1337393	0	53245	48000
19717	162	4	166	1336826	0	53245	48000
19840	157	4	157	1337168	0	53245	48000
19988	181	4	181	1340579	0	53245	48000
20130	176	9	181	1342136	0	53245	48000

20269	172	9	172	1342829	0	53245	48000
20399	162	1	154	1344710	0	53245	48000
20552	187	8	194	1344458	0	53245	48000
20689	171	4	167	1344215	0	53245	48000
20811	154	4	154	1345502	0	53245	48000
20942	165	8	169	1345556	0	53245	48000

21065	156	8	156	1346060	0	53245	48000
21216	185	7	184	1345601	0	53245	48000
21376	194	3	190	1344755	0	53245	48000
21538	195	7	199	1345934	0	53245	48000
21659	153	3	149	1346501	0	53245	48000
21778	154	3	154	1346015	0	53245	48000

21931	185	4	186	1345898	0	53245	48000
22080	183	4	183	1346285	0	53245	48000
22232	185	13	194	1344926	0	53245	48000
22367	169	3	159	1345655	0	53245	48000
22522	189	3	189	1345142	0	53245	48000
22646	157	7	161	1345790	0	53245	48000

22792	179	6	178	1345907	0	53245	48000
22937	178	3	175	1345745	0	53245	48000
23046	143	7	147	1345844	0	53245	48000
23191	178	7	178	1346384	0	53245	48000

23703	544	10	547	1346861	0	53245	48000
23681	12	3	5	1346519	0	53245	48000
23732	84	7	88	1346132	0	53245	48000
23847	148	9	150	1346186	0	53245	48000
23985	172	8	171	1346510	0	53245	48000
24136	184	4	180	1346555	0	53245	48000
24266	163	6	165	1346717	0	53245	48000

24383	151	7	152	1347374	0	53245	48000
24530	181	2	176	1347122	0	53245	48000
24682	184	7	189	1347878	0	53245	48000
24827	179	4	176	1347014	0	53245	48000
24971	179	8	183	1346969	0	53245	48000
25085	146	4	142	1347536	0	53245	48000

25213	162	3	161	1347554	0	53245	48000
25400	220	5	222	1348184	0	53245	48000
25497	130	7	132	1347644	0	53245	48000
25602	139	5	137	1348193	0	53245	48000
25748	179	9	183	1347878	0	53245	48000
25885	170	5	166	1347302	0	53245	48000

26038	187	4	186	1348445	0	53245	48000
26175	170	10	176	1347509	0	53245	48000
26305	163	2	155	1348355	0	53245	48000
26444	173	1	172	1347905	0	53245	48000
26613	201	7	207	1348265	0	53245	48000

26747	167	2	162	1347698	0	53245	48000
26870	157	9	164	1347887	0	53245	48000
27007	171	5	167	1348022	0	53245	48000
27158	183	8	186	1348193	0	53245	48000
27305	181	4	177	1348004	0	53245	48000
27429	158	3	157	1348094	0	53245	48000

27537	141	5	143	1347725	0	53245	48000
27679	175	7	177	1348229	0	53245	48000
27847	201	2	196	1347491	0	53245	48000
28053	239	9	246	1348499	0	53245	48000
28238	219	7	217	1347554	0	53245	48000

28436	231	2	226	1347500	0	53245	48000
28602	200	7	205	1346888	0	53245	48000
28762	193	0	186	1347716	0	53245	48000

29510	782	7	789	1347482	0	53245	48000
29686	209	4	206	1348364	0	53245	48000
29071	84	9	89	1347671	0	53249	48004
29156	152	4	147	1348130	0	53248	48003
29114	91	6	93	1347815	0	53247	48002
29122	76	7	77	1348067	0	53246	48001

29189	233	9	235	1347743	0	53249	48004
28841	418	4	413	1347626	0	53248	48003
28443	170	3	169	1346618	0	53247	48002
28352	76	5	78	1348310	0	53246	48001
27517	31	5	31	1347617	0	53249	48004
27505	123	8	126	1347176	0	53248	48003

27787	480	10	482	1347059	0	53247	48002
27621	135	4	129	1348193	0	53246	48001
26777	23	9	28	1346762	0	53249	48004
26612	34	10	35	1346681	0	53248	48003

26102	457	5	452	1347158	0	53247	48002
25281	178	1	174	1346546	0	53246	48001
24949	35	7	41	1347761	0	53249	48004
24818	35	2	30	1341812	0	53248	48003
24887	170	8	176	1320320	0	53247	48002
24984	396	7	395	1280108	0	53246	48001

24949	166	1	160	1292276	0	53249	48004
24840	24	7	30	1293365	0	53248	48003
23922	48	4	45	1296353	0	53247	48002
24039	251	4	251	1297370	0	53246	48001
24248	309	5	310	1298054	0	53249	48004
24269	255	7	257	1297604	0	53248	48003
24261	58	5	56	1297730	0	53247	48002

24150	55	5	55	1342586	0	53246	48001
23942	127	4	126	1340390	0	53249	48004
24097	422	4	422	1344296	0	53248	48003
24109	178	9	183	1342433	0	53247	48002
24110	67	7	65	1342271	0	53246	48001
23931	21	4	18	1345682	0	53249	48004
23168	104	5	105	1345214	0	53248	48003

23543	475	3	473	1344548	0	53247	48002
23090	114	8	119	1344476	0	53246	48001
22684	27	9	28	1345295	0	53249	48004
22584	34	3	28	1345142	0	53248	48003
21965	248	7	252	1344323	0	53247	48002

22353	455	7	455	1343630	0	53246	48001
21651	97	10	100	1344791	0	53249	48004
21620	36	3	29	1344143	0	53248	48003
21210	57	4	58	1335386	0	53247	48002
20369	224	8	228	1286840	0	53249	48004
20545	110	5	107	1285715	0	53246	48001

20661	249	4	248	1288064	0	53248	48003
19496	201	7	204	1290026	0	53249	48004
20924	128	6	127	1289153	0	53247	48002
20194	38	4	36	1290161	0	53246	48001
18494	133	9	138	1295435	0	53248	48003
17975	314	9	314	1298810	0	53249	48004
18914	139	8	138	1295894	0	53247	48002

18364	151	4	147	1299620	0	53246	48001
17872	42	4	42	1301618	0	53248	48003
17733	161	5	162	1302230	0	53247	48002
17641	207	7	209	1301906	0	53249	48004
18012	238	5	236	1302320	0	53246	48001
17691	145	4	144	1302914	0	53248	48003
17511	54	8	58	1302968	0	53247	48002

17576	232	4	228	1303724	0	53249	48004
17790	147	2	145	1302527	0	53246	48001
17818	262	6	266	1302554	0	53248	48003
16570	217	9	220	1345997	0	53249	48004

18032	162	10	163	1302212	0	53247	48002
17783	52	4	46	1297451	0	53246	48001
16775	124	5	125	1348949	0	53248	48003
16327	353	2	350	1347689	0	53249	48004
17013	152	8	158	1348859	0	53247	48002
16816	169	6	167	1347671	0	53246	48001
16408	26	4	24	1347725	0	53248	48003

15893	151	8	155	1351361	0	53247	48002
15449	225	6	223	1351559	0	53249	48004
13904	387	9	390	1352288	0	53245	48000

16576	372	5	368	1352684	0	53246	48001
15763	220	8	223	1352639	0	53248	48003

15313	851	10	853	1351955	0	53245	48000
15109	29	8	27	1352207	0	53245	48000
14733	25	7	24	1351514	0	53245	48000
14519	85	2	80	1351766	0	53245	48000
14570	184	4	186	1351532	0	53245	48000
14410	173	1	170	1351919	0	53245	48000
14101	157	9	165	1352027	0	53245	48000
13695	162	3	156	1346555	0	53245	48000
16291	29	9	35	1351793	0	53249	48004

13443	119	4	114	1342937	0	53245	48000
13371	160	4	160	1343909	0	53245	48000
12796	160	5	161	1346762	0	53245	48000
12824	160	9	164	1345430	0	53245	48000
12615	158	10	159	1343999	0	53245	48000
12699	150	4	144	1343684	0	53245	48000
12487	156	4	156	1301483	0	53245	48000

12123	169	5	170	1299152	0	53245	48000
12256	399	3	397	1323308	0	53245	48000
12102	113	7	117	1354178	0	53245	48000
12075	147	6	146	1353872	0	53245	48000
12005	190	6	190	1353854	0	53245	48000

12121	183	4	181	1352981	0	53245	48000
11691	203	8	207	1341596	0	53245	48000
10836	178	2	172	1345763	0	53245	48000
10985	183	8	189	1346222	0	53245	48000
10688	169	6	167	1344584	0	53245	48000

10846	191	9	194	1345160	0	53245	48000
10626	181	10	182	1342982	0	53245	48000
10773	212	8	210	1343927	0	53245	48000
10483	178	8	178	1342955	0	53245	48000
9677	327	8	327	1342775	0	53245	48000

8552	241	6	239	1344485	0	53247	48002
9786	34	4	32	1342946	0	53245	48000
9809	223	12	231	1342793	0	53245	48000
8997	154	1	143	1343711	0	53248	48003

9008	378	4	381	1346771	0	53248	48003
9010	69	3	68	1346753	0	53247	48002
9619	143	9	149	1343873	0	53249	48004
9464	178	4	173	1345565	0	53249	48004
9694	30	5	31	1344242	0	53246	48001
9597	437	1	433	1346627	0	53249	48004
9624	60	7	66	1345916	0	53248	48003
9606	49	6	48	1346393	0	53247	48002

9967	161	3	158	1346879	0	53246	48001
10087	420	5	422	1346222	0	53249	48004
10019	64	4	63	1346303	0	53248	48003
9900	49	1	46	1346339	0	53247	48002
10408	174	7	180	1346825	0	53246	48001

10490	481	3	477	1347770	0	53249	48004
10543	88	6	91	1346807	0	53248	48003
10513	69	3	66	1347302	0	53247	48002
10841	161	6	164	1347194	0	53246	48001

11033	460	4	458	1346870	0	53249	48004
11070	70	6	72	1346744	0	53248	48003
11126	89	5	88	1347410	0	53247	48002
11418	159	2	156	1347509	0	53246	48001
11670	452	3	453	1346348	0	53249	48004
11716	79	2	78	1347671	0	53248	48003

11717	67	2	67	1345898	0	53247	48002
12003	153	6	157	1346438	0	53246	48001
12243	474	6	474	1343855	0	53249	48004
12235	59	4	57	1344548	0	53248	48003
12163	60	4	60	1345439	0	53247	48002
12564	168	10	174	1345538	0	53246	48001

12654	524	8	522	1345511	0	53249	48004
12590	69	3	64	1345007	0	53248	48003
12592	69	6	72	1345205	0	53247	48002
12967	142	4	140	1345520	0	53246	48001

13130	463	4	463	1345889	0	53249	48004
13157	60	9	65	1345673	0	53248	48003
13092	68	4	63	1345664	0	53247	48002
13467	175	9	180	1346609	0	53246	48001
13685	485	4	480	1345304	0	53249	48004

13666	80	4	80	1346096	0	53248	48003
13666	68	8	72	1346069	0	53247	48002
14053	187	6	185	1345835	0	53246	48001
14212	460	4	458	1345700	0	53249	48004
14155	75	7	78	1346006	0	53248	48003
14164	45	3	41	1345736	0	53247	48002

14563	197	5	199	1346087	0	53246	48001
14591	462	4	461	1345979	0	53249	48004
14550	58	5	59	1346015	0	53248	48003
14544	61	5	61	1346420	0	53247	48002
14888	145	6	146	1346339	0	53246	48001

14954	465	2	461	1346816	0	53249	48004
14918	64	2	64	1346528	0	53248	48003
14949	64	5	67	1346564	0	53247	48002
15251	136	1	132	1345952	0	53246	48001
15458	474	5	478	1346294	0	53249	48004

15278	52	2	49	1346420	0	53248	48003
15233	56	0	54	1346411	0	53247	48002
15739	140	3	143	1346501	0	53246	48001
15688	480	4	481	1346510	0	53249	48004
15656	68	4	68	1346033	0	53248	48003
15616	60	5	61	1345394	0	53247	48002

16044	161	4	160	1346834	0	53246	48001
16175	499	6	501	1346492	0	53249	48004
16157	48	5	47	1346411	0	53248	48003
16169	46	4	45	1346258	0	53247	48002
16481	145	9	150	1345754	0	53246	48001

16593	513	4	508	1344539	0	53249	48004
16550	56	5	57	1343495	0	53248	48003
16546	30	7	32	1344665	0	53247	48002
16872	159	4	156	1346528	0	53246	48001

17133	561	7	564	1343504	0	53249	48004
17126	26	5	24	1343675	0	53248	48003
16938	46	8	49	1344863	0	53247	48002
17422	183	5	180	1343333	0	53246	48001
17152	463	4	462	1344179	0	53248	48003
17115	30	7	33	1343972	0	53247	48002

17413	199	4	196	1343117	0	53249	48004
17529	82	3	81	1343756	0	53246	48001
17846	650	5	652	1344683	0	53249	48004
17770	25	4	24	1343774	0	53248	48003
17761	24	4	24	1344278	0	53247	48002
18149	188	7	191	1344170	0	53246	48001

18256	340	4	337	1344242	0	53246	48001

18775	753	5	754	1344116	0	53245	48000
18977	103	8	106	1344062	0	53249	48004
18967	22	4	18	1343603	0	53248	48003
18956	21	0	17	1344332	0	53247	48002
19064	175	4	179	1344125	0	53245	48000
19307	276	4	276	1343945	0	53245	48000
19459	186	3	185	1343540	0	53245	48000

19613	187	7	191	1343891	0	53245	48000
19737	191	8	192	1343882	0	53245	48000
19857	187	3	182	1344431	0	53245	48000
20016	192	4	193	1343459	0	53245	48000
20174	191	7	194	1343882	0	53245	48000

20381	242	6	241	1343270	0	53245	48000
20500	151	2	147	1343738	0	53245	48000
20605	172	2	172	1343783	0	53245	48000
20690	184	9	191	1343549	0	53245	48000
20846	190	5	186	1343747	0	53245	48000
21002	189	3	187	1343153	0	53245	48000

21089	188	5	190	1344197	0	53245	48000
21249	193	4	192	1343450	0	53245	48000
21416	201	4	201	1343693	0	53245	48000
21583	199	6	201	1344278	0	53245	48000
21751	202	5	201	1343666	0	53245	48000

21887	169	9	173	1343162	0	53245	48000
22035	182	9	182	1343459	0	53245	48000
22182	181	4	176	1344017	0	53245	48000
22292	176	5	177	1343729	0	53245	48000
22457	198	4	197	1344107	0	53245	48000
22625	201	8	205	1343585	0	53245	48000

22755	197	7	196	1343918	0	53245	48000
22786	164	4	161	1343594	0	53245	48000
22951	199	5	200	1344215	0	53245	48000
23087	168	6	169	1344215	0	53245	48000
23229	176	7	177	1343504	0	53245	48000

23411	217	7	217	1343747	0	53245	48000
23563	184	4	181	1344071	0	53245	48000
23727	197	2	195	1344008	0	53245	48000
23842	149	10	157	1343279	0	53245	48000
23997	188	3	181	1343063	0	53245	48000
24155	191	6	194	1343675	0	53245	48000

24221	166	3	163	1343936	0	53245	48000
24341	186	2	185	1343549	0	53245	48000
24473	166	4	168	1343468	0	53245	48000
24612	172	7	175	1343324	0	53245	48000
24768	189	6	188	1343621	0	53245	48000

24926	192	8	194	1343549	0	53245	48000
25078	185	8	185	1344197	0	53245	48000
25243	198	7	197	1343963	0	53245	48000
25391	182	10	185	1343459	0	53245	48000
25556	198	4	192	1343477	0	53245	48000

25708	185	7	188	1343891	0	53245	48000
25868	194	8	195	1344026	0	53245	48000
26022	187	4	183	1344026	0	53245	48000
26165	177	2	175	1344197	0	53245	48000
26338	206	3	207	1342991	0	53245	48000
26471	167	10	174	1343927	0	53245	48000

26634	196	3	189	1343810	0	53245	48000
26817	216	2	215	1343837	0	53245	48000
26956	172	4	174	1344296	0	53245	48000
27104	182	2	180	1344008	0	53245	48000
27239	168	2	168	1343792	0	53245	48000

27409	206	9	213	1344017	0	53245	48000
27528	184	8	183	1344107	0	53245	48000
27682	187	5	184	1343711	0	53245	48000
27844	195	4	194	1343792	0	53245	48000
27984	173	10	179	1343954	0	53245	48000
28133	182	6	178	1343873	0	53245	48000

28320	220	7	221	1344557	0	53245	48000
28470	217	10	220	1343900	0	53245	48000
28634	197	6	193	1344323	0	53245	48000
28774	173	4	171	1343558	0	53245	48000
28891	184	4	184	1344017	0	53245	48000

29045	188	7	191	1344089	0	53245	48000
29189	177	4	174	1343954	0	53245	48000
29287	165	10	171	1344449	0	53245	48000
29447	194	8	192	1343828	0	53245	48000
29676	261	3	256	1343135	0	53245	48000

29736	93	4	94	1343540	0	53245	48000
29879	177	8	181	1343792	0	53245	48000
29982	170	8	170	1343504	0	53245	48000
30141	193	11	196	1343585	0	53245	48000
30294	185	7	181	1343585	0	53245	48000
30428	201	2	196	1343864	0	53245	48000

30529	168	1	167	1343252	0	53245	48000
30609	213	5	217	1343801	0	53245	48000
30715	140	5	140	1344224	0	53245	48000
30861	179	5	179	1343243	0	53245	48000
31001	173	3	171	1343792	0	53245	48000

31112	178	3	178	1344719	0	53245	48000
31243	197	4	198	1343972	0	53245	48000
31391	216	8	220	1343891	0	53245	48000
31584	225	8	225	1343729	0	53245	48000
31723	173	6	171	1344053	0	53245	48000

31963	273	6	273	1343747	0	53245	48000
32119	189	9	192	1344440	0	53245	48000
32266	180	10	181	1343981	0	53245	48000
32399	201	8	199	1343459	0	53245	48000
32562	195	5	192	1344827	0	53245	48000

32736	208	7	210	1344287	0	53245	48000
32886	184	7	184	1344548	0	53245	48000
33066	213	3	209	1344017	0	53245	48000
33182	149	6	152	1343666	0	53245	48000
33325	176	9	179	1343450	0	53245	48000
33472	180	6	177	1343873	0	53245	48000

33598	193	4	191	1343711	0	53245	48000
33726	162	2	160	1343954	0	53245	48000
33822	162	7	167	1344098	0	53245	48000
34036	248	9	250	1344458	0	53245	48000
34100	97	3	91	1344134	0	53245	48000

34243	176	9	182	1343882	0	53245	48000
34364	155	8	154	1343909	0	53245	48000
34516	185	1	178	1345034	0	53245	48000
34653	170	4	173	1343900	0	53245	48000
34789	169	4	169	1344737	0	53245	48000
34934	180	10	186	1344314	0	53245	48000

35058	156	4	150	1344467	0	53245	48000
35168	177	3	176	1343495	0	53245	48000
35262	160	7	164	1344692	0	53245	48000
35405	177	8	178	1344422	0	53245	48000
35551	179	4	175	1344863	0	53245	48000
35695	178	7	181	1344521	0	53245	48000

35833	172	8	173	1345052	0	53245	48000
35965	164	5	161	1344656	0	53245	48000
36090	159	8	162	1345322	0	53245	48000
36214	158	7	157	1343837	0	53245	48000
36376	195	6	194	1344908	0	53245	48000
36548	206	4	204	1344548	0	53245	48000

36665	150	3	149	1344548	0	53245	48000
36831	199	4	200	1344746	0	53245	48000
36954	156	10	162	1344530	0	53245	48000
37084	163	6	159	1344836	0	53245	48000
37218	167	1	162	1345025	0	53245	48000
37220	169	4	172	1343765	0	53245	48000

37361	174	2	172	1344071	0	53245	48000
37489	161	10	169	1344584	0	53245	48000
37611	156	2	148	1343981	0	53245	48000
37725	147	4	149	1344764	0	53245	48000
37817	159	7	162	1345430	0	53245	48000
37982	198	9	200	1343972	0	53245	48000

38136	188	4	183	1344737	0	53245	48000
38281	178	6	180	1344674	0	53245	48000
38417	169	8	171	1344728	0	53245	48000
38552	169	6	167	1344863	0	53245	48000
38661	175	8	177	1344089	0	53245	48000
38745	151	4	147	1343891	0	53245	48000

38874	162	10	168	1344647	0	53245	48000
39011	171	0	161	1343990	0	53245	48000
39119	174	6	180	1345250	0	53245	48000
39235	150	8	152	1344395	0	53245	48000
39371	170	2	164	1344062	0	53245	48000
39425	153	7	158	1344584	0	53245	48000

39558	167	4	164	1344314	0	53245	48000
39700	175	3	174	1344647	0	53245	48000
39854	187	7	191	1344755	0	53245	48000
40011	190	9	192	1343558	0	53245	48000
40164	186	4	181	1344656	0	53245	48000
40281	184	3	183	1344782	0	53245	48000

40406	158	0	155	1344206	0	53245	48000
40563	191	6	197	1344053	0	53245	48000
40698	168	3	165	1344728	0	53245	48000
40855	191	5	193	1344728	0	53245	48000
40989	167	4	166	1344161	0	53245	48000

41116	160	4	160	1344341	0	53245	48000
41253	171	7	174	1344872	0	53245	48000
41405	185	4	182	1344593	0	53245	48000
41523	151	3	150	1344566	0	53245	48000
41665	176	7	180	1343531	0	53245	48000
41801	169	11	173	1343990	0	53245	48000

41964	196	2	187	1343999	0	53245	48000
42236	306	9	313	1343603	0	53245	48000
42374	172	3	166	1344125	0	53245	48000
42641	299	2	298	1343873	0	53245	48000

42874	300	7	305	1343963	0	53245	48000
42987	180	7	180	1343783	0	53245	48000
43046	159	8	160	1344341	0	53245	48000
43310	296	4	292	1344404	0	53245	48000
43436	161	4	161	1344458	0	53245	48000

43583	192	7	195	1344215	0	53245	48000
43734	172	2	167	1343918	0	53245	48000
43872	171	9	178	1344404	0	53245	48000
44024	187	8	186	1344746	0	53245	48000
44142	183	7	182	1344206	0	53245	48000
44263	155	1	149	1344134	0	53245	48000

44409	179	4	182	1344395	0	53245	48000
44549	173	9	178	1343360	0	53245	48000
44694	179	8	178	1344188	0	53245	48000
44816	156	5	153	1344449	0	53245	48000
44943	160	4	159	1344755	0	53245	48000
45055	147	7	150	1343810	0	53245	48000

45202	179	7	179	1343990	0	53245	48000
45357	187	6	186	1343774	0	53245	48000
45492	170	6	170	1344368	0	53245	48000
45615	189	6	189	1344575	0	53245	48000
45753	172	4	170	1344467	0	53245	48000

45903	182	4	182	1344233	0	53245	48000
46027	157	3	156	1344053	0	53245	48000
46163	170	9	176	1345043	0	53245	48000
46322	192	2	185	1344170	0	53245	48000
46445	156	3	157	1343783	0	53245	48000
46497	153	4	154	1343639	0	53245	48000

46643	179	4	179	1344503	0	53245	48000
46776	166	7	169	1344548	0	53245	48000
46867	157	4	154	1344593	0	53245	48000
47011	178	6	180	1344476	0	53245	48000
47194	216	2	212	1344674	0	53245	48000
47361	201	3	202	1344134	0	53245	48000

47530	202	3	202	1344674	0	53245	48000
47665	168	4	169	1345214	0	53245	48000
47823	192	4	192	1344512	0	53245	48000
47940	150	11	157	1344728	0	53245	48000
48047	174	1	164	1344215	0	53245	48000

48181	167	5	171	1344251	0	53245	48000
48329	181	8	184	1344935	0	53245	48000
48451	156	4	152	1344719	0	53245	48000
48549	164	7	167	1343414	0	53245	48000
48663	149	3	145	1344116	0	53245	48000
48829	198	2	197	1344026	0	53245	48000

48976	180	3	181	1344656	0	53245	48000
49097	155	4	156	1344332	0	53245	48000
49250	186	8	190	1344017	0	53245	48000
49395	178	2	172	1344089	0	53245	48000
49517	156	1	155	1344278	0	53245	48000
49640	156	4	159	1343783	0	53245	48000

49808	201	4	201	1344053	0	53245	48000
49964	190	8	194	1344296	0	53245	48000
50365	435	7	434	1343810	0	53245	48000

50623	324	7	324	1344161	0	53245	48000
50810	221	10	224	1344926	0	53245	48000
10994	252	7	249	1344044	0	53245	48000
11165	204	3	200	1344512	0	53245	48000
11325	192	4	193	1343846	0	53245	48000

11468	176	4	176	1344008	0	53245	48000
11633	199	6	201	1344809	0	53245	48000
11769	169	8	171	1344026	0	53245	48000
11906	204	7	203	1344206	0	53245	48000
12047	173	9	175	1344026	0	53245	48000
12178	165	3	159	1344692	0	53245	48000

12310	166	7	170	1344350	0	53245	48000
12439	162	8	163	1344377	0	53245	48000
12487	147	4	143	1343828	0	53245	48000
12613	161	2	159	1344467	0	53245	48000
12742	162	9	169	1343756	0	53245	48000
12869	160	4	155	1345034	0	53245	48000

13018	182	3	181	1344242	0	53245	48000
13142	157	9	163	1344116	0	53245	48000
13275	166	8	165	1344512	0	53245	48000
13420	178	7	177	1344008	0	53245	48000
13574	190	2	185	1344161	0	53245	48000
13651	142	2	142	1344080	0	53245	48000

13773	189	6	193	1345142	0	53245	48000
13879	173	8	175	1343612	0	53245	48000
14020	174	4	170	1343882	0	53245	48000
14144	158	4	158	1344305	0	53245	48000
14277	166	6	168	1344782	0	53245	48000
14446	202	5	201	1344251	0	53245	48000

8457	311	3	309	1340219	0	53247	48002
8533	275	3	275	1339283	0	53247	48002
8910	79	7	83	1339778	0	53249	48004
8975	230	8	231	1339724	0	53249	48004

9323	215	6	213	1340831	0	53248	48003
9254	31	3	28	1340570	0	53246	48001
9313	360	6	363	1340894	0	53247	48002
9552	38	4	36	1339058	0	53248	48003
9653	268	5	269	1339517	0	53248	48003
9739	52	6	53	1340282	0	53249	48004
9889	117	5	116	1340300	0	53246	48001

9963	374	5	374	1341416	0	53247	48002
10129	133	4	132	1341641	0	53248	48003
10205	43	6	45	1341875	0	53249	48004
10404	99	5	98	1340534	0	53246	48001
10464	373	5	373	1341686	0	53247	48002

10656	145	4	144	1342028	0	53248	48003
10740	50	4	50	1341704	0	53249	48004
10875	102	6	104	1342712	0	53246	48001
11007	366	4	364	1341803	0	53247	48002
11197	156	4	156	1341794	0	53248	48003
11274	44	5	45	1341263	0	53249	48004
11424	116	7	118	1341551	0	53246	48001

11594	404	4	401	1342586	0	53247	48002
51750	122	8	126	1342388	0	53248	48003
51833	50	8	50	1342361	0	53249	48004
51969	103	8	103	1342613	0	53246	48001

52092	390	4	386	1343486	0	53247	48002
52262	137	9	142	1342568	0	53248	48003
52347	51	8	50	1343423	0	53249	48004
52626	246	10	248	1342325	0	53246	48001
52884	525	5	520	1343459	0	53247	48002

53167	250	5	250	1343558	0	53248	48003
53247	45	4	44	1343333	0	53249	48004
53473	194	5	195	1343153	0	53246	48001
53736	495	4	494	1343855	0	53247	48002

53922	154	4	154	1344197	0	53248	48003
53999	44	5	45	1343000	0	53249	48004
54143	109	11	115	1343144	0	53246	48001
54306	397	12	398	1343180	0	53247	48002
54483	144	3	135	1343207	0	53248	48003
54559	43	5	45	1343090	0	53249	48004
54694	102	3	100	1343036	0	53246	48001

54844	383	9	389	1343279	0	53247	48002
55000	122	0	113	1343612	0	53248	48003
55074	40	5	45	1343279	0	53249	48004
55244	137	6	138	1343009	0	53246	48001

55389	378	7	379	1343414	0	53247	48002
55581	158	2	153	1342838	0	53248	48003
55659	46	3	47	1343603	0	53249	48004
55798	106	3	106	1343243	0	53246	48001
55920	389	8	394	1342946	0	53247	48002
56093	139	6	137	1343234	0	53248	48003
56163	36	3	33	1342820	0	53249	48004
56354	125	7	129	1342856	0	53246	48001

56449	395	4	392	1343297	0	53247	48002
56614	131	3	130	1342883	0	53248	48003
56691	45	5	47	1342388	0	53249	48004
56874	116	6	117	1342379	0	53246	48001

57037	430	8	432	1343432	0	53247	48002
57187	117	9	118	1343198	0	53248	48003
57264	43	5	39	1343153	0	53249	48004
57430	132	8	135	1342874	0	53246	48001
57595	398	7	397	1343639	0	53247	48002
57741	114	4	111	1343621	0	53248	48003
57830	55	5	56	1342595	0	53249	48004

57980	117	4	116	1343387	0	53246	48001
58181	434	6	436	1343117	0	53247	48002
58315	101	4	99	1343270	0	53248	48003
58403	55	4	55	1344530	0	53249	48004
58572	136	4	136	1344035	0	53246	48001

58740	433	7	436	1343621	0	53247	48002
58917	111	4	108	1343864	0	53248	48003
58996	45	6	47	1343378	0	53249	48004
59140	111	5	110	1343369	0	53246	48001
59295	422	8	425	1343297	0	53247	48002

59426	97	4	93	1342973	0	53248	48003
59524	65	6	67	1344431	0	53249	48004
59673	116	8	118	1343612	0	53246	48001
59841	401	5	398	1344467	0	53247	48002
59976	102	8	105	1344737	0	53248	48003
60064	54	9	55	1343864	0	53249	48004
60208	112	6	109	1344278	0	53246	48001

60509	534	5	533	1344431	0	53247	48002
60666	123	6	124	1344575	0	53248	48003
60738	39	4	37	1344674	0	53249	48004
60902	131	1	128	1344530	0	53246	48001
60975	306	7	312	1344557	0	53248	48003

61125	184	9	186	1344503	0	53247	48002
61892	633	9	633	1345124	0	53246	48001

62030	439	8	438	1344665	0	53247	48002
62320	22	8	22	1344440	0	53249	48004
62157	71	8	71	1344890	0	53248	48003
62317	126	9	127	1345259	0	53249	48004
62528	145	5	141	1344566	0	53246	48001

62637	407	5	407	1344512	0	53247	48002
62765	96	3	94	1344170	0	53248	48003
62900	102	3	102	1345430	0	53249	48004
63038	104	5	106	1344719	0	53246	48001
63126	423	3	421	1344818	0	53247	48002
63273	112	9	118	1345250	0	53248	48003
63451	112	4	107	1344962	0	53249	48004

63660	109	3	108	1344242	0	53246	48001
63688	394	7	398	1347581	0	53247	48002
63814	93	10	96	1347653	0	53248	48003
63947	100	4	94	1347428	0	53249	48004
64069	88	8	92	1347599	0	53246	48001

64241	406	5	403	1343666	0	53247	48002
64376	101	9	105	1344755	0	53248	48003
64503	95	7	93	1343765	0	53249	48004
64629	92	0	85	1345943	0	53246	48001
64755	427	5	432	1345079	0	53247	48002
64896	106	4	105	1344161	0	53248	48003

65060	98	9	103	1342136	0	53249	48004
65224	97	5	93	1342775	0	53246	48001
65273	382	6	383	1345916	0	53247	48002
65441	102	5	101	1346843	0	53248	48003
65581	107	4	106	1347212	0	53249	48004
65708	93	7	96	1346168	0	53246	48001

65816	409	4	406	1345061	0	53247	48002
65933	83	8	87	1345403	0	53248	48003
66084	117	4	113	1345421	0	53249	48004
66219	103	8	107	1346285	0	53246	48001
66363	410	8	410	1344908	0	53247	48002

66510	81	3	76	1345106	0	53248	48003
66666	122	4	123	1345052	0	53249	48004
66792	92	3	91	1344602	0	53246	48001
66852	395	3	395	1343288	0	53247	48002
67001	82	4	83	1344224	0	53248	48003
67165	130	5	131	1344692	0	53249	48004
67321	90	7	92	1345250	0	53246	48001

67456	435	4	432	1343162	0	53247	48002
67579	90	3	89	1344368	0	53248	48003
67723	110	6	113	1344161	0	53249	48004
67845	89	2	85	1343594	0	53246	48001

68538	826	4	828	1343945	0	53246	48001
68816	311	2	309	1344323	0	53249	48004
68768	21	2	21	1343729	0	53247	48002

69169	432	12	442	1344071	0	53246	48001
69611	475	4	467	1344053	0	53249	48004
69519	42	5	43	1344179	0	53247	48002

69620	235	4	234	1344935	0	53249	48004
69973	253	7	256	1345214	0	53246	48001
70710	470	6	469	1345205	0	53248	48003
70538	28	6	28	1344332	0	53248	48003

70649	344	8	346	1343414	0	53247	48002
70741	159	3	154	1343927	0	53249	48004
70821	147	4	148	1343513	0	53247	48002
70995	74	9	79	1344584	0	53246	48001
71192	362	9	362	1343729	0	53249	48004
71368	143	6	140	1343963	0	53246	48001

71652	87	3	84	1343864	0	53248	48003
71978	624	5	626	1343936	0	53247	48002
72001	123	7	125	1343900	0	53249	48004
72329	63	2	58	1343603	0	53248	48003
72178	81	1	80	1344134	0	53246	48001

72515	436	2	437	1344278	0	53247	48002
72599	152	2	152	1343855	0	53249	48004
72899	32	1	31	1344278	0	53248	48003
72778	114	3	116	1344314	0	53246	48001

73114	437	7	441	1344296	0	53247	48002
73162	148	8	149	1344467	0	53249	48004
73467	37	8	37	1343981	0	53248	48003
73331	63	2	57	1344872	0	53246	48001
73727	529	11	538	1345331	0	53247	48002

73779	120	4	113	1345043	0	53249	48004
73832	21	8	25	1344530	0	53246	48001
74086	19	5	16	1343306	0	53248	48003
74275	556	5	556	1346069	0	53247	48002
74505	30	6	31	1345007	0	53248	48003
74349	111	6	111	1346645	0	53249	48004
74442	59	4	57	1347167	0	53246	48001

74910	368	1	365	1343891	0	53248	48003
74737	29	5	33	1346042	0	53247	48002
74976	337	1	333	1347158	0	53249	48004
75064	55	7	61	1346429	0	53246	48001
75316	152	2	147	1346231	0	53248	48003
75133	17	4	19	1347419	0	53247	48002

75594	529	3	528	1347491	0	53249	48004
75685	57	3	57	1346357	0	53246	48001
75549	30	6	33	1346600	0	53247	48002
75801	19	4	17	1346573	0	53248	48003

76180	645	9	650	1346321	0	53246	48001
76277	30	9	30	1346618	0	53248	48003
76129	19	10	20	1346213	0	53247	48002
76229	33	7	30	1346411	0	53249	48004
76695	567	3	563	1345583	0	53246	48001
76789	27	3	27	1346141	0	53248	48003
76711	122	5	124	1344800	0	53247	48002
76882	70	8	73	1346123	0	53249	48004

77081	367	8	367	1346339	0	53246	48001
77253	38	8	38	1346024	0	53248	48003
77204	217	5	214	1346249	0	53247	48002
77403	233	2	230	1345475	0	53246	48001
77558	21	5	24	1345736	0	53249	48004
77580	56	8	59	1345187	0	53248	48003

77706	393	10	395	1345799	0	53246	48001
77884	77	10	77	1345079	0	53248	48003
77903	86	4	80	1344908	0	53247	48002
78238	236	3	235	1345952	0	53249	48004
78060	89	3	89	1345772	0	53246	48001
78236	109	5	111	1345106	0	53248	48003

78390	386	1	382	1344638	0	53246	48001
78612	122	4	125	1345196	0	53248	48003
78737	26	2	24	1345034	0	53247	48002
78861	58	5	61	1344935	0	53249	48004
78965	437	2	434	1345376	0	53248	48003
78957	59	2	59	1345223	0	53246	48001
79161	37	3	38	1346105	0	53247	48002

79383	123	4	124	1345529	0	53249	48004
79571	521	5	522	1345961	0	53248	48003
79505	33	4	32	1345115	0	53246	48001
79729	24	3	23	1346150	0	53247	48002
79901	105	4	106	1346024	0	53249	48004

80156	488	5	489	1345691	0	53247	48002
80168	113	0	108	1346024	0	53248	48003
80122	20	1	21	1345772	0	53246	48001
80512	124	12	135	1346303	0	53249	48004

