DelayToEnqueue	DeltaEnqueue	QueueDelay	DeltaDequeue	FrameSize	Buffer
1476	0	145	0	332319	2
1534	130	42	27	333786	1
1606	10	54	22	333678	0
1544	66	10	22	334101	0
1654	10	24	24	333336	0
1621	33	15	24	333741	0
1598	44	18	47	333201	0
1618	87	21	90	333804	0
1745	93	17	89	333597	0
1753	75	6	64	333705	1
1725	6	26	26	333696	2
1702	10	37	21	333822	1
1676	7	56	26	333723	0
1665	56	22	22	333183	0
1668	36	9	23	332922	0
1761	26	6	23	333498	0
1724	63	12	69	333075	0
1720	30	5	23	333570	0
1718	98	19	112	336522	0
1705	19	25	25	336765	0
1710	39	9	23	336945	0
1734	58	21	70	336423	1
1917	15	31	25	334731	0

1944	62	14	45	335838	0
1822	44	20	50	336657	0
1834	45	23	48	336477	0
1859	58	12	47	335613	0
1856	31	4	23	335379	0
1874	51	17	64	335325	0
1888	48	16	47	334299	0
1891	36	4	24	337089	0
1856	65	10	71	343632	0
1868	45	15	50	338061	0
1897	63	22	70	328917	0
1905	41	4	23	315606	0
1897	26	24	46	308073	0
1915	50	21	47	308892	0
2176	28	21	28	340365	0
1981	71	17	67	308613	0
1989	41	0	24	308037	0
1989	35	14	49	310863	0
1990	33	7	26	310368	0
1990	34	20	47	309414	0
2006	83	11	74	300486	0
2021	81	3	73	289866	0

2061	7	20	24	294402	1
2543	16	32	28	343911	0
2009	32	22	22	281928	1
2192	17	30	25	307524	0
2090	30	25	25	285744	1
2044	21	28	24	278337	0
1982	39	12	23	269517	0
1993	44	13	45	267825	0
1986	25	14	26	267348	0
1984	33	5	24	266619	0
1982	32	22	49	266295	0
1989	39	4	21	264774	0
1981	26	22	44	263739	0
1986	38	6	22	263064	0
1984	31	20	45	262641	0
1980	30	13	23	262254	0
1978	31	6	24	262083	0
1943	32	23	49	262686	0
2503	93	23	93	275205	0
2100	30	17	24	262317	0
2001	67	21	71	263298	2
2575	8	35	22	272208	3
2115	7	55	27	262641	3
1999	16	64	25	264027	3
2104	5	82	23	262542	3
2086	16	90	24	263172	3
2023	38	74	22	264657	2
2009	19	81	26	265206	2
2010	33	70	22	265998	2
2003	27	66	23	266466	1
2009	39	49	22	268050	1
2003	27	50	28	267321	1

1998	30	42	22	266331	1
1995	29	39	26	264972	1
1988	27	36	24	264450	1
1985	31	27	22	263217	0
1984	31	21	25	262803	0
1979	29	17	25	262533	0
1915	36	5	24	263181	0
1908	27	25	47	264009	0
1921	46	6	27	265269	0
1916	28	21	43	266250	0
1917	35	9	23	267483	0
1923	38	17	46	268725	0
1924	36	4	23	269769	0
1928	36	16	48	271362	0
1918	23	16	23	273081	0
1941	56	4	44	274836	0
1927	20	7	23	276501	0
1936	43	13	49	278886	0
1950	47	12	46	280965	0
1942	25	13	26	284205	0
1986	78	5	70	287229	0
2529	10	16	21	262281	0
2521	25	19	28	262497	0
2022	34	10	25	290541	0
2016	28	8	26	293016	0
2025	42	14	48	294816	0
2036	44	16	46	296895	0
2051	49	18	51	297273	0
2056	38	4	24	296688	0
2063	40	14	50	296175	0

2066	37	21	44	294069	0
2076	43	24	46	291648	1
2059	16	30	22	289029	0
2059	34	26	30	285303	0
2060	34	16	24	282099	0
2027	34	4	22	273828	0
2021	26	20	42	270174	0
2039	51	16	47	267276	0
2031	27	16	27	265332	0
2029	30	11	25	265368	0
2037	42	13	44	265944	0
2040	36	22	45	267852	0
2039	33	11	22	270399	0
2035	28	6	23	273351	0
2032	31	20	45	276159	0
2028	30	16	26	279309	0
2032	37	23	44	281991	0
2035	37	11	25	284655	0
2051	49	9	47	286374	0
2044	26	6	23	287436	0
2029	52	0	46	290271	0
2619	22	5	27	278112	0
2062	44	4	43	291351	0
2077	48	5	49	292098	0
2196	20	9	24	288984	1
2072	9	24	24	292629	0
2076	36	11	23	292305	0
2069	28	4	21	291558	0
2075	38	14	48	291441	0

2080	38	22	46	291090	0
2095	49	0	27	291153	0
2128	66	21	87	291243	0
2168	73	12	64	290613	0
2195	62	20	70	289956	0
2228	66	25	71	290298	0
2244	49	23	47	289911	0
2274	64	4	45	290091	0
2279	38	16	50	290181	0
2305	59	22	65	290820	0
2209	70	21	69	293052	0
2213	37	8	24	292944	0
2213	34	0	26	293322	0
2220	40	6	46	292989	0
2218	32	0	26	293457	0
2222	37	9	46	293403	0
2227	39	16	46	293295	0
2230	36	5	25	293142	0
2229	32	19	46	292674	0
2239	44	0	25	292179	0
2244	38	11	49	292404	0

2251	41	17	47	292359	0
2260	42	22	47	292359	0
2270	43	8	29	292440	0
2255	84	21	97	292557	0
2160	40	4	23	293268	0
2970	10	22	28	291441	0
2422	52	20	50	292278	1
2329	6	41	27	292287	1
2331	35	32	26	292836	0
2463	32	25	25	292188	1
2172	9	38	22	294015	1
2302	31	36	29	294015	0
2305	36	24	24	293709	0
2471	65	5	46	293124	0
2318	47	25	67	293853	0
2376	92	23	90	294267	0
2385	43	3	23	294087	0
2557	39	10	46	293736	1
2363	6	27	23	294582	0
2403	73	20	66	294519	0
2395	25	21	26	294510	0
2355	26	19	24	294384	0
2371	50	14	45	294078	0
2295	58	24	68	294960	0

2463	67	4	47	294294	0
2464	34	19	49	294663	0
2756	26	15	22	294312	0
2474	84	21	90	294897	1
2381	8	35	22	295266	1
2467	18	41	24	295428	0
2780	48	19	26	294528	0
2420	41	21	43	295275	0
2521	66	20	65	295392	0
2427	40	4	24	294366	0
2794	32	16	44	294708	0
2550	24	16	24	294942	0
2575	58	6	48	294546	0
2445	37	18	49	293106	0
2560	48	15	45	293862	0
2451	25	12	22	292503	0
2387	36	24	48	291477	1
2592	6	44	26	293700	0
2480	52	16	24	291792	1
2962	16	24	24	295302	0
2462	66	22	64	290289	1
2607	13	33	24	292107	1
2835	28	29	24	294015	0
2740	38	16	25	292764	1
2579	5	34	23	291000	0
2554	43	13	22	290118	0
4651	29	7	23	291891	0

4765	147	24	164	292566	0
2667	70	25	71	288381	0
2670	35	15	25	288300	0
2660	24	14	23	288129	0
2664	38	23	47	287940	0
2664	33	12	22	288120	0
2669	39	18	45	287985	0
2667	31	13	26	287823	0
2667	32	6	25	287553	0
2670	37	14	45	287868	0
2671	34	4	24	288174	0
2682	44	6	46	288453	0
2690	43	11	48	289200	0
2703	45	12	46	289506	0
2717	47	10	45	291036	0
2727	44	15	49	295590	0
2716	55	4	44	298452	0
2659	78	15	89	294969	0
2826	66	19	70	296994	0
2840	48	14	43	295545	0
2987	47	12	45	298821	1
2693	6	28	22	293664	0

2848	55	22	49	294357	0
2854	39	7	24	294303	0
2985	31	0	24	295032	0
2707	21	5	26	293223	0
2853	46	21	62	293871	0
2869	50	21	50	293754	0
2999	31	13	23	294096	0
2715	16	22	25	291783	0
2865	49	28	55	292980	0
2873	41	9	22	292692	0
2699	26	7	24	293169	0
3015	16	17	26	293781	0
2684	37	5	25	292323	0
2865	14	14	23	291468	0
2738	72	11	69	291549	1
6177	6	28	23	292710	0
2745	34	15	21	290838	0
2871	26	11	22	293979	1
2977	7	27	23	291414	0
3117	39	11	23	291981	0
2814	31	4	24	291558	0
3049	35	19	50	292611	0
2854	39	5	25	291576	0

4016	1195	16	1206	291432	0
4030	48	14	46	291810	0

5996	398	21	405	289560	0
6054	92	19	90	289371	0
6097	77	11	69	289074	0

