DelayToEnqueue	DeltaEnqueue	QueueDelay	DeltaDequeue	FrameSize	Buffer
554	0	128	0	1281351	1
654	118	48	38	1282161	0

925	337	24	313	1281504	0
968	109	8	93	1282863	0
1175	176	24	192	1281855	0
1192	82	10	68	1281891	0
1636	477	0	467	1282314	0

1892	291	6	297	1281333	0
1968	108	13	115	1281081	0
2218	285	4	276	1282602	0
2279	92	11	99	1281810	0
2336	91	8	88	1282530	0

2600	297	14	303	1282593	0
2710	143	4	133	1283286	0
3139	563	7	566	1284609	0
3272	33	0	26	1282692	0
3331	192	14	206	1284636	0

3454	23	18	27	1284339	0
3522	101	7	90	1284069	0
3738	316	10	319	1281999	0
3897	227	4	221	1271568	0
4046	115	13	124	1274691	0
4151	170	9	166	1269714	0

4205	89	19	99	1266348	0
4518	347	0	328	1266618	0
4539	53	19	72	1267077	0
4858	353	11	345	1268148	0
4846	21	14	24	1273170	0
4983	170	13	169	1277364	0

5006	57	8	52	1277184	0
5417	511	23	526	1284159	0
5498	47	3	27	1281378	0
5558	26	9	32	1277508	0
5476	19	16	26	1284258	0

5994	617	16	617	1284879	0
6016	56	20	60	1284735	0
6136	54	12	46	1284852	0
6189	20	27	35	1283799	0

6699	709	12	694	1285635	0
6697	33	7	28	1285230	0
6821	23	10	26	1285248	0
6821	33	6	29	1284969	0
6874	153	22	169	1284240	0
7243	501	20	499	1285005	0
7451	144	15	139	1285131	0

7511	92	17	94	1284564	0
7472	28	15	26	1284888	0
7612	173	6	164	1284645	0
7737	158	24	176	1285410	0
7885	181	10	167	1286211	0
7999	148	22	160	1284888	0
8135	169	13	160	1285194	0

8251	150	22	159	1285311	0
8467	249	8	235	1285752	0
8575	141	9	142	1285752	0
8685	144	21	156	1284582	0
8832	180	22	181	1285050	0
8951	152	7	137	1286337	0

9126	209	0	202	1285464	0
9336	243	0	243	1286310	0
9469	166	4	170	1286040	0
9596	160	12	168	1285203	0
9705	142	9	139	1286085	0

10022	351	3	345	1285896	0
10203	215	19	231	1285986	0
10306	136	4	121	1285959	0
10438	165	10	171	1286832	0

10963	559	4	553	1286013	0
11013	83	25	104	1286139	0

11657	677	15	667	1287093	0
12172	549	14	548	1284708	0

12682	543	7	536	1285680	0
13069	420	0	413	1285878	0
13288	253	5	258	1286283	0
13460	205	15	215	1285653	0

13767	341	9	335	1285383	0
13912	178	17	186	1286184	0
14054	175	5	163	1286553	0
14223	203	20	218	1286958	0

14363	173	22	175	1286436	0
14549	218	12	208	1286058	0
14696	181	12	181	1286427	0
14842	180	17	185	1286886	0
15013	204	0	187	1285419	0

15194	214	19	233	1286688	0
15351	191	14	186	1286076	0
15496	178	8	172	1286625	0
15667	204	24	220	1286013	0
15809	176	0	152	1285113	0
15953	177	13	190	1286418	0

16181	261	12	260	1285365	0
16389	242	0	230	1285896	0
16604	248	8	256	1286940	0
16750	179	9	180	1286418	0

16941	226	0	217	1287273	0
17087	178	7	185	1286004	0
17241	188	21	202	1286931	0
17421	213	0	192	1288101	0
17537	150	14	164	1287876	0
17665	160	13	159	1286157	0

17815	185	20	192	1286373	0
17951	169	19	168	1286544	0
18116	197	9	187	1286364	0
18235	154	15	160	1286904	0
18385	182	0	167	1287552	0

18507	155	4	159	1286670	0
18628	155	9	160	1286823	0
18815	220	24	235	1286787	0
18952	171	16	163	1287201	0
19088	169	4	157	1286283	0
19223	168	0	164	1285824	0

19357	167	11	178	1286211	0
19513	190	3	182	1285617	0
19713	233	8	238	1286130	0
20066	386	13	391	1288056	0

20388	357	4	348	1286850	0
20515	160	9	165	1285752	0
20665	183	5	179	1286769	0
20780	149	14	158	1286706	0
20923	176	0	162	1285896	0

21053	162	17	179	1286301	0
21222	204	14	201	1286517	0
21357	168	8	162	1285590	0
21491	166	5	163	1286877	0
21623	167	21	183	1286328	0
21770	179	5	163	1286814	0

21916	179	11	185	1285302	0
22074	193	21	203	1286481	0
22172	131	17	127	1287723	0
22324	185	15	183	1286337	0
22447	156	20	161	1286607	0
22568	155	4	139	1285293	0

22709	174	5	175	1285905	0
22809	133	13	141	1286409	0
22933	157	22	166	1286508	0
23057	159	4	141	1287300	0
23175	151	16	163	1285320	0
23294	151	6	141	1286445	0

23417	156	12	162	1284834	0
23552	169	9	166	1286184	0
23671	152	23	166	1286184	0
23814	178	6	161	1286292	0
23946	164	6	164	1285734	0
24077	165	25	184	1285833	0

24214	172	19	166	1286418	0
24348	170	9	160	1286526	0
24485	166	7	164	1286103	0
24634	182	16	191	1286436	0
24758	158	20	162	1286652	0
24911	185	21	186	1286787	0

25044	166	25	170	1285851	0
25170	161	12	148	1285995	0
25378	241	9	238	1286193	0
25471	126	24	141	1285518	0
25580	142	13	131	1285914	0
25680	133	19	139	1286652	0

25820	173	10	164	1285392	0
25945	160	14	164	1286688	0
26109	197	4	187	1285923	0
26255	178	12	186	1286211	0
26414	193	6	187	1286427	0
26547	166	7	167	1286112	0

26682	168	4	165	1286706	0
26890	242	12	250	1286562	0
27017	160	17	165	1286265	0
27115	131	7	121	1286796	0
27228	147	18	158	1286724	0
27366	171	6	159	1285932	0

27499	167	23	184	1286769	0
27638	172	16	165	1287120	0
27783	178	4	166	1286382	0
27910	160	12	168	1286274	0
28040	164	15	167	1286130	0
28172	165	16	166	1286283	0

28305	166	9	159	1285950	0
28483	212	25	228	1287165	0
28667	217	22	214	1286814	0
28849	216	11	205	1286526	0
28974	159	16	164	1285995	0

29076	135	25	144	1286958	0
29166	122	11	108	1286040	0
29272	140	12	141	1286247	0
29384	145	6	139	1286769	0
29507	156	16	166	1286517	0
29651	178	21	183	1286103	0
29775	157	4	140	1285977	0

29901	159	7	162	1287138	0
-9858	275	12	280	1286994	0
-9765	126	7	121	1286886	0
-9571	227	12	232	1285284	0
-9441	164	16	168	1286193	0

-9287	187	18	189	1286373	0
-9142	178	22	182	1287390	0
-9028	148	12	138	1287750	0
-8913	148	6	142	1286067	0
-8773	173	15	182	1285968	0
-8645	161	23	169	1286067	0

-8488	190	4	171	1287318	0
-8298	223	10	229	1286148	0
-8139	194	4	188	1287759	0
-8017	155	5	156	1286571	0
-7919	131	14	140	1286229	0
-7793	159	4	149	1287417	0

-7686	141	12	149	1286382	0
-7513	206	13	207	1286436	0
-7346	201	4	192	1285896	0
-7241	138	7	141	1286931	0
-7072	202	14	209	1285860	0

-6878	228	8	222	1286202	0
-6767	144	6	142	1286013	0
-6652	148	24	166	1286589	0
-6533	153	11	140	1284474	0
-6287	279	6	274	1286238	0
-6179	141	16	151	1288002	0

-6071	142	18	144	1287264	0
-5970	134	22	138	1285608	0
-5857	146	18	142	1287075	0
-5755	137	16	135	1286292	0
-5644	143	13	140	1286274	0
-5547	131	19	137	1286544	0
-5439	142	0	123	1286400	0
-5352	119	0	119	1286634	0

-5211	173	15	188	1288218	0
-5088	158	0	143	1286220	0
-4963	158	6	164	1287228	0
-4834	162	4	160	1286184	0
-4705	172	14	182	1286004	0
-4576	153	5	144	1287138	0

-4448	161	14	170	1287336	0
-4301	181	3	170	1286733	0
-4151	183	8	188	1287687	0
-4025	159	15	166	1287462	0
-3907	152	0	137	1287057	0
-3763	177	9	186	1286769	0

-3625	171	4	166	1287426	0
-3484	175	22	193	1286742	0
-3335	182	0	160	1285896	0
-3174	194	21	215	1286679	0
-3074	134	6	119	1286886	0
-2977	130	21	145	1287165	0

-2851	159	21	159	1286499	0
-2718	167	8	154	1286625	0
-2602	149	24	165	1286157	0
-2326	576	20	572	1285959	0

-2315	44	9	33	1286949	0
-2182	68	16	75	1287390	0
-2224	57	9	50	1286319	0
-1715	575	4	570	1286841	0
-1731	18	14	28	1286049	0
-1641	23	17	26	1286589	0
-1710	31	14	28	1286391	0

-1262	481	14	481	1286202	0
-1249	47	16	49	1286562	0
-1249	33	10	27	1286247	0
-1113	168	6	164	1287048	0
-730	417	5	416	1285635	0
-749	15	26	36	1286967	0
-746	36	15	25	1286994	0

-579	200	0	185	1287084	0
-175	437	17	454	1287291	0
-164	45	4	32	1286805	0
-171	27	6	29	1286742	0
-44	160	12	166	1287750	0

328	439	14	441	1286850	0
390	28	15	29	1286085	0
346	23	19	27	1286463	0
934	621	17	619	1286256	0

1332	465	14	462	1286877	0
1356	57	5	48	1286211	0
1569	147	20	162	1286778	0
1494	25	24	29	1286688	0

1906	479	5	460	1285707	0
1956	84	14	93	1286220	0
2156	132	25	143	1286634	0
2101	46	6	27	1287030	0
2585	550	17	561	1286076	0
2589	37	7	27	1286184	0
2690	36	0	29	1285995	0

2755	163	21	184	1287174	0
3090	402	0	381	1286463	0
3082	25	4	29	1287291	0
3192	44	8	48	1286481	0
3256	164	4	160	1286544	0

3492	302	8	306	1285941	0
3607	149	10	151	1286571	0
3716	42	16	48	1286112	0
3824	208	9	201	1286931	0
4064	307	7	305	1287345	0
4150	119	5	117	1286175	0
4255	38	18	51	1287048	0
4355	200	5	187	1286787	0
4638	350	4	349	1287138	0
4648	43	8	47	1286490	0
4800	87	9	88	1285914	0
4905	204	4	199	1286922	0

5152	313	22	331	1287075	0
5172	53	7	38	1286445	0
5317	78	18	89	1287003	0
5464	248	0	230	1287075	0
5673	276	21	297	1286886	0
5685	45	4	28	1287471	0
5824	72	6	74	1286634	0

6010	286	9	289	1286625	0
6225	282	13	286	1288542	0
6209	17	19	23	1290549	0
6359	84	5	70	1288902	0
6532	273	24	292	1289451	0
6598	133	4	113	1289298	0

6732	168	0	164	1289235	0
6856	56	13	69	1289838	0
7044	287	18	292	1289469	0
7052	76	13	71	1288992	0
7099	80	2	69	1289442	0
7311	145	18	161	1288830	0

7545	334	16	332	1289712	0
7565	87	0	71	1289712	0
7614	82	12	94	1290117	0
7887	206	4	198	1290027	0
8097	310	15	321	1288812	0
8117	87	21	93	1290135	0
8148	65	22	66	1289172	0

8354	139	17	134	1289586	0
8646	392	6	381	1289964	0
8650	71	11	76	1289982	0
8658	42	15	46	1289100	0
8878	152	22	159	1289262	0

9153	376	4	358	1288965	0
9144	56	0	52	1288623	0
9150	40	15	55	1287192	0
9377	161	13	159	1288641	0
9695	418	12	417	1287660	0
9654	25	14	27	1287219	0
9656	36	4	26	1287021	0

50023	300	23	319	1287750	0
50163	307	11	295	1285905	0
50161	31	6	26	1284717	0
50275	14	19	27	1285878	0
50375	133	24	138	1284537	0

50758	483	11	470	1285653	0
50703	11	24	24	1284267	1
50688	19	31	26	1282566	0
50875	121	17	107	1284735	0
50960	251	6	240	1282494	0
51227	201	8	203	1283106	0
51150	23	11	26	1283682	0
51307	90	15	94	1282197	0

51569	429	12	426	1283736	0
51674	138	11	137	1284699	0
51877	102	21	112	1283358	0
51894	52	20	51	1284312	0
52001	272	23	275	1284762	0
52110	143	4	124	1285581	0

52374	164	21	181	1285158	0
52384	44	8	31	1285554	0
52563	345	7	344	1286607	0
52669	141	9	143	1286319	0
52905	135	12	138	1284420	0
52889	17	23	28	1287210	0

53019	298	5	280	1286985	0
53146	160	13	168	1287165	0
53452	205	17	209	1285752	0
53527	108	0	91	1287579	0
53626	267	0	267	1287201	0
53712	117	0	117	1286841	0

53910	133	22	155	1287309	1
53958	14	35	27	1287462	0
54003	245	16	226	1285932	0
54126	157	15	156	1287228	0
54447	220	4	209	1287057	0
54438	25	7	28	1287858	0

54523	252	22	267	1287642	0
54686	197	15	190	1286643	0
54970	183	15	183	1287048	0
54961	23	18	26	1286652	0
55187	394	18	394	1287012	0

55338	184	18	184	1287057	0
55612	174	16	172	1287039	0
55610	32	10	26	1285626	0
55719	275	12	277	1286058	0
55837	152	4	144	1287111	0
56136	199	17	212	1286823	0
56141	39	4	26	1287534	0

56255	280	22	298	1286841	0
56323	101	23	102	1286958	0
56597	174	4	155	1286589	0
56590	26	4	26	1286733	0

