DelayToEnqueue	DeltaEnqueue	QueueDelay	DeltaDequeue	FrameSize	Buffer	RemotePort	LocalPort
2181	0	5	0	370469	0	53226	48004
2216	133	6	134	371045	0	53226	48004
2316	33	9	36	370523	0	53225	48003
2310	28	4	23	370982	0	53224	48002
2342	98	5	99	370667	0	53223	48001
2334	26	3	24	370802	0	53222	48000
2353	51	1	49	371162	0	53222	48000
2384	65	5	69	371198	0	53222	48000
2525	175	7	177	371621	0	53222	48000
2553	60	5	58	371612	0	53226	48004
2536	16	3	14	372008	0	53225	48003
2533	32	4	33	372413	0	53224	48002
2522	22	4	22	374096	0	53223	48001
2508	19	7	22	377984	0	53222	48000
2529	55	8	56	383429	0	53222	48000

2571	175	3	170	388730	0	53225	48003
2599	95	3	95	365258	0	53223	48001
2772	6	3	6	379064	0	53222	48000
2812	73	5	75	377813	1	53222	48000
2781	3	8	6	380234	0	53226	48004
2768	53	4	49	381125	0	53224	48002
2723	22	2	20	349283	0	53226	48004
2735	45	1	44	340049	0	53225	48003
2750	81	2	82	328988	0	53223	48001
2764	82	4	84	314930	1	53225	48003
2800	1	12	9	323030	1	53226	48004
2872	7	10	5	332165	0	53224	48002
2775	35	7	32	306713	0	53224	48002
2500	58	5	56	328799	0	53226	48004
2448	49	1	45	332534	0	53225	48003
2412	63	4	66	336746	0	53223	48001
2281	37	3	36	340355	0	53222	48000
2507	25	4	26	335954	0	53224	48002
2262	56	3	55	347267	0	53226	48004
2277	48	0	45	348185	0	53225	48003

2278	35	4	39	348221	0	53224	48002
2166	54	8	58	345899	0	53226	48004
2148	215	4	211	345764	0	53226	48004
2130	148	4	148	346556	0	53226	48004
2123	227	4	227	349625	0	53226	48004

2122	399	5	400	349319	0	53226	48004
2120	64	8	67	349292	0	53226	48004
2111	326	8	326	350939	0	53226	48004
2115	70	4	66	351398	0	53226	48004
2200	252	4	252	352100	0	53226	48004
2246	146	6	148	352163	0	53226	48004

2330	117	4	115	351893	0	53225	48003
2278	81	4	81	351218	0	53226	48004
2194	383	4	383	352181	0	53226	48004
2096	101	4	101	352505	0	53226	48004
2130	68	8	72	352964	0	53226	48004
2117	153	5	150	353189	0	53226	48004
2104	121	9	125	352559	0	53226	48004

2124	220	7	218	353981	0	53226	48004
2134	110	4	107	353423	0	53226	48004
2140	72	4	72	351731	0	53226	48004
2126	153	5	154	353333	0	53226	48004
2103	110	2	107	350813	0	53226	48004
2145	209	5	212	324731	0	53226	48004

2208	230	1	226	315659	0	53226	48004
2107	165	5	169	322787	0	53226	48004
2128	56	8	59	319790	0	53226	48004
2103	707	4	703	302114	0	53226	48004

2099	63	5	64	301016	0	53226	48004
2127	162	3	160	313400	0	53226	48004
2124	64	7	68	326198	0	53226	48004
2126	167	6	166	375185	0	53226	48004
2139	80	3	77	386021	0	53226	48004
2146	407	1	405	348374	0	53226	48004
2157	45	2	46	347564	0	53225	48003

2176	285	4	287	351416	0	53226	48004
2108	366	6	368	348536	0	53226	48004
2123	115	7	116	347672	0	53226	48004
2148	59	6	58	347564	0	53226	48004
2088	105	4	103	344252	0	53226	48004

2105	217	10	223	345944	0	53226	48004
2131	60	9	59	343892	0	53226	48004
2111	213	5	209	324317	0	53226	48004
2123	412	7	414	323264	0	53226	48004
2094	104	7	104	326711	0	53226	48004

2100	206	4	203	327827	0	53226	48004
2114	315	5	316	328844	0	53226	48004

2090	843	10	848	322985	0	53226	48004
2138	247	7	244	323147	0	53226	48004

2135	964	5	962	325991	0	53226	48004

2119	985	4	984	327278	0	53226	48004
2107	353	4	353	329852	0	53226	48004
2139	199	5	200	330482	0	53226	48004

2103	64	4	63	330914	0	53226	48004
2099	297	5	298	330230	0	53226	48004
2121	221	6	222	329213	0	53226	48004
2101	113	5	112	327278	0	53226	48004

2101	967	7	969	340139	0	53226	48004
2129	161	3	157	338249	0	53226	48004
2139	111	6	114	337178	0	53226	48004

2101	196	4	194	343289	0	53226	48004
2111	75	5	76	343145	0	53226	48004
2100	157	7	159	330527	0	53226	48004
2132	364	5	362	328025	0	53226	48004
2131	267	7	269	311258	0	53226	48004

2110	146	4	143	309548	0	53226	48004
2119	75	4	75	308972	0	53226	48004
2147	228	7	231	307766	0	53226	48004

2123	842	4	839	305939	0	53226	48004
2139	117	4	117	325649	0	53226	48004
2133	561	2	559	374456	0	53226	48004

2119	418	7	423	352334	0	53226	48004
2101	116	3	112	352154	0	53226	48004

2104	870	5	872	334550	0	53226	48004
2102	64	9	68	334289	0	53226	48004
2144	309	4	304	331931	0	53226	48004
2122	112	1	109	327080	0	53226	48004

2121	264	5	268	318962	0	53226	48004
2132	111	9	115	319637	0	53226	48004
2141	44	5	40	319925	0	53225	48003
2144	69	4	68	320618	0	53226	48004
2109	65	5	66	321023	0	53226	48004
2156	380	6	381	321176	0	53226	48004
2163	42	4	40	321023	0	53225	48003
2174	77	4	77	320312	0	53226	48004
2193	85	9	90	320393	0	53226	48004
2193	33	8	32	320861	0	53225	48003

2136	77	6	75	321437	0	53226	48004
2132	163	4	161	321293	0	53226	48004
2122	222	6	224	322445	0	53226	48004
2115	60	6	60	322355	0	53226	48004
2124	75	5	74	321734	0	53226	48004
2125	68	4	67	322130	0	53226	48004
2141	117	8	121	321176	0	53226	48004
2143	34	4	30	321194	0	53225	48003
2162	54	4	54	321158	0	53226	48004
2141	44	1	41	321545	0	53225	48003
2176	70	7	76	321446	0	53226	48004
2171	28	3	24	321194	0	53225	48003

2175	37	4	38	321392	0	53224	48002
2209	68	4	68	321824	0	53226	48004
2123	113	6	115	322175	0	53226	48004
2142	52	4	50	322454	0	53226	48004
2139	64	6	66	324902	0	53226	48004
2093	54	4	52	335468	0	53226	48004
2126	66	0	62	338708	0	53226	48004
2109	151	4	155	341237	0	53226	48004
2114	70	7	73	341309	0	53226	48004
2146	67	8	68	341633	0	53226	48004
2137	257	4	253	342614	0	53226	48004

2120	82	2	80	342452	0	53226	48004
2124	171	6	175	341309	0	53226	48004
2122	99	5	98	337925	0	53226	48004
2108	452	6	453	327134	0	53226	48004

2134	259	11	264	321662	0	53226	48004
2126	125	4	118	316712	0	53226	48004
2167	75	6	77	315668	0	53226	48004
2177	49	7	50	314660	0	53225	48003
2192	42	4	39	313229	0	53224	48002
2196	71	6	73	312518	0	53226	48004
2173	44	6	44	311276	0	53225	48003
2200	60	4	58	310664	0	53226	48004
2199	33	2	31	310601	0	53225	48003
2208	42	8	48	310700	0	53224	48002
2209	34	5	31	310619	0	53223	48001
2235	60	5	60	311501	0	53226	48004
2141	72	7	74	320591	0	53226	48004
2145	171	4	168	330275	0	53226	48004

2145	167	5	168	405092	0	53226	48004
2115	169	8	172	409934	0	53226	48004
2152	137	4	133	407936	0	53226	48004
2129	211	0	207	371567	0	53226	48004
2126	63	5	68	334532	0	53226	48004
2098	106	4	105	311132	0	53226	48004
2126	161	8	165	328583	0	53226	48004

2130	171	9	172	344882	0	53226	48004
2152	55	4	50	346412	0	53225	48003
2122	70	10	76	352298	0	53226	48004
2165	77	7	74	353126	0	53226	48004
2169	37	4	34	352820	0	53225	48003
2136	67	4	67	351992	0	53226	48004
2109	173	3	172	353216	0	53226	48004
2141	165	10	172	352901	0	53226	48004
2150	77	4	71	352361	0	53226	48004
2127	76	4	76	349814	0	53226	48004
2168	74	4	74	349031	0	53226	48004

2167	32	4	32	348311	0	53225	48003
2137	71	4	71	349193	0	53226	48004
2129	58	4	58	353549	0	53226	48004
2122	126	4	126	365249	0	53226	48004
2146	59	4	59	370163	0	53226	48004
2143	129	1	126	375950	0	53226	48004
2170	61	4	64	365492	0	53226	48004
2150	279	4	279	308630	0	53226	48004

2116	501	4	501	299288	0	53226	48004
2126	209	8	213	299423	0	53226	48004
2157	64	4	60	299801	0	53226	48004
2161	37	5	38	300296	0	53225	48003
2144	117	6	118	299954	0	53226	48004
2142	31	7	32	299180	0	53225	48003
2167	58	4	55	299900	0	53226	48004
2106	73	4	73	299855	0	53226	48004
2136	63	4	63	300287	0	53226	48004
2090	54	4	54	300683	0	53226	48004

2119	62	4	62	301079	0	53226	48004
2124	105	4	105	302321	0	53226	48004
2374	584	2	582	303626	0	53226	48004
2388	47	7	52	303131	0	53226	48004
2318	30	6	29	302825	0	53225	48003
2303	52	8	54	303383	0	53224	48002
2311	41	5	38	303500	0	53223	48001
2130	52	4	51	303770	0	53226	48004

2113	217	4	217	304076	0	53226	48004
2134	54	8	58	304166	0	53226	48004
2147	46	5	43	304598	0	53225	48003
2115	102	6	103	304319	0	53226	48004
2140	125	5	124	304310	0	53226	48004
2109	102	4	101	304229	0	53226	48004
2133	58	8	62	304409	0	53226	48004
2149	49	5	46	305426	0	53225	48003
2131	115	4	114	306011	0	53226	48004
2153	56	4	56	305867	0	53226	48004
2154	67	7	70	306407	0	53226	48004
2163	43	4	40	306596	0	53225	48003

2119	122	4	122	305966	0	53226	48004
2150	64	5	65	306164	0	53226	48004
2133	50	4	49	306173	0	53226	48004
2122	56	7	59	305525	0	53226	48004
2133	44	4	41	305975	0	53225	48003
2168	69	5	70	305867	0	53226	48004
2142	208	1	204	304544	0	53226	48004
2156	46	5	50	304535	0	53225	48003
2096	207	3	205	304769	0	53226	48004
2138	109	8	114	305372	0	53226	48004

2111	105	4	101	303788	0	53226	48004
2110	167	3	166	329870	0	53226	48004
2124	114	5	116	361064	0	53226	48004
2132	74	3	72	375977	0	53226	48004
2128	63	4	64	385697	0	53226	48004
2133	171	2	169	363242	0	53226	48004
2165	66	3	67	357833	0	53226	48004
2172	41	1	39	354206	0	53225	48003
2200	61	4	64	351146	0	53226	48004

2139	205	4	205	345017	0	53226	48004
2104	65	4	65	343424	0	53226	48004
2099	62	5	63	341777	0	53226	48004
2122	56	4	55	342083	0	53226	48004
2172	85	5	86	341849	0	53226	48004
2180	40	7	42	341732	0	53225	48003
2215	68	6	67	341876	0	53226	48004
2106	58	3	55	340661	0	53226	48004
2144	71	3	71	340463	0	53226	48004
2164	54	6	57	340166	0	53225	48003
2134	70	5	69	339932	0	53226	48004
2165	64	3	62	339761	0	53226	48004
2174	43	4	44	339815	0	53225	48003
2183	75	6	77	339095	0	53226	48004
2148	65	9	68	339257	0	53226	48004
2156	41	4	36	339365	0	53225	48003
2145	56	11	63	339590	0	53226	48004

2119	174	8	171	339995	0	53226	48004
2144	125	4	121	339761	0	53226	48004
2178	68	2	66	339923	0	53226	48004
2149	70	5	73	339311	0	53226	48004
2238	189	3	187	339950	0	53226	48004
2240	37	5	39	338645	0	53225	48003
2200	59	9	63	338735	0	53226	48004
2219	52	4	47	338024	0	53225	48003
2179	60	9	65	338240	0	53226	48004

2122	210	4	205	341543	0	53226	48004
2124	68	5	69	342650	0	53226	48004
2117	60	4	59	339284	0	53226	48004
2144	60	5	61	338204	0	53226	48004
2151	275	1	271	344018	0	53226	48004
2121	102	5	106	346340	0	53226	48004
2155	68	9	72	346421	0	53226	48004
2165	43	7	41	346934	0	53225	48003
2202	70	4	67	347645	0	53226	48004
2210	42	7	45	347960	0	53225	48003
2181	37	2	32	348275	0	53224	48002
2208	61	6	65	348032	0	53226	48004
2174	32	4	30	347798	0	53225	48003

2136	63	3	62	346169	0	53226	48004
2144	74	7	78	344180	0	53226	48004
2160	83	7	83	342425	0	53226	48004
2163	69	3	65	341039	0	53226	48004
2156	60	10	67	339815	0	53226	48004
2162	39	4	33	339329	0	53225	48003
2187	59	2	57	338843	0	53226	48004
2195	41	9	48	337925	0	53225	48003
2201	73	6	70	337052	0	53226	48004
2218	50	3	47	337187	0	53225	48003
2219	34	5	36	337034	0	53224	48002
2224	72	6	73	337016	0	53226	48004
2193	36	6	36	335225	0	53225	48003
2113	54	3	51	330581	0	53226	48004
2112	165	4	166	328736	0	53226	48004
2135	56	4	56	329231	0	53226	48004

2126	58	4	58	329447	0	53226	48004
2118	58	4	58	330662	0	53226	48004
2124	73	4	73	331355	0	53226	48004
2145	54	5	55	331004	0	53226	48004
2136	59	4	58	325757	0	53226	48004
2126	56	4	56	322436	0	53226	48004
2140	80	8	84	322814	0	53226	48004
2117	111	8	111	321941	0	53226	48004
2154	71	1	64	322364	0	53226	48004
2165	43	7	49	322202	0	53225	48003
2188	57	4	54	322319	0	53226	48004
2195	40	4	40	322211	0	53225	48003
2103	108	4	108	321455	0	53226	48004
2102	66	5	67	321392	0	53226	48004
2132	64	2	61	321122	0	53226	48004
2139	39	4	41	320924	0	53225	48003

2090	52	8	56	321113	0	53226	48004
2128	72	4	68	321140	0	53226	48004
2136	107	6	109	322049	0	53226	48004
2143	41	1	36	322085	0	53225	48003
2120	109	4	112	323615	0	53226	48004
2138	52	4	52	323885	0	53226	48004
2139	67	5	68	323813	0	53226	48004
2128	56	4	55	323489	0	53226	48004
2129	201	4	201	322310	0	53226	48004
2122	160	4	160	322508	0	53226	48004

2199	177	3	176	323282	0	53226	48004
2242	76	4	77	322643	0	53225	48003
2167	58	2	56	332687	0	53226	48004
2338	238	5	241	334847	0	53224	48002
2403	98	1	94	337313	0	53226	48004
2398	96	3	98	346592	0	53223	48001
2373	41	9	47	346070	0	53222	48000
2671	65	5	61	335972	1	53225	48003
2542	5	9	9	345602	1	53224	48002
2579	3	14	8	342200	0	53225	48003
2455	77	4	67	347015	0	53226	48004
2463	40	5	41	346997	0	53225	48003

2422	226	8	229	345296	0	53226	48004
2320	31	8	31	345035	0	53225	48003
2332	45	5	42	344531	0	53223	48001
2345	48	3	46	344486	0	53222	48000
2750	4	7	8	347681	0	53224	48002
2346	30	4	27	343685	0	53226	48004
2346	66	8	70	341714	0	53225	48003
2356	43	9	44	341561	0	53224	48002
2360	37	2	30	341543	0	53223	48001
2204	78	4	80	340814	0	53226	48004
2098	60	4	60	340670	0	53226	48004
2100	102	4	102	341300	0	53226	48004
2103	71	4	71	341030	0	53226	48004
2101	64	8	68	341327	0	53226	48004
2139	171	4	167	341435	0	53226	48004

2139	66	5	67	340994	0	53226	48004
2134	62	1	58	341570	0	53226	48004
2138	38	7	44	341291	0	53225	48003
2170	65	7	65	341039	0	53226	48004
2193	56	8	57	341183	0	53225	48003
2202	43	5	40	341120	0	53224	48002
2165	63	4	62	341183	0	53226	48004
2177	45	8	49	340904	0	53225	48003
2183	39	9	40	341246	0	53224	48002
2181	65	4	60	341327	0	53226	48004
2189	41	4	41	340985	0	53225	48003
2203	81	8	85	341678	0	53226	48004
2205	36	4	32	341111	0	53225	48003
2165	59	6	61	341048	0	53226	48004
2184	53	6	53	341012	0	53225	48003
2194	43	4	41	341129	0	53224	48002
2227	67	4	67	340994	0	53226	48004
2162	68	5	69	341120	0	53226	48004

2104	108	8	111	341363	0	53226	48004
2132	62	5	59	341129	0	53226	48004
2145	46	5	46	341183	0	53225	48003
2203	91	6	92	341543	0	53226	48004
2179	43	4	41	341642	0	53225	48003
2169	57	4	57	342101	0	53226	48004
2131	62	6	64	341840	0	53226	48004
2142	44	1	39	342137	0	53225	48003
2102	160	4	163	341849	0	53226	48004
2133	65	2	63	341786	0	53226	48004
2141	41	5	44	341813	0	53225	48003
2174	65	1	61	342146	0	53226	48004
2179	39	4	42	342497	0	53225	48003
2193	81	5	82	342839	0	53226	48004
2179	53	5	53	343361	0	53225	48003

2223	77	6	78	342875	0	53226	48004
2112	56	5	55	343874	0	53226	48004
2140	62	6	63	344432	0	53226	48004
2144	36	5	35	345674	0	53225	48003
2174	64	7	66	346016	0	53226	48004
2178	38	8	39	346322	0	53225	48003
2204	58	4	54	346493	0	53224	48002
2229	60	6	62	346421	0	53226	48004
2249	53	7	54	345998	0	53225	48003
2258	42	1	36	346367	0	53224	48002
2259	35	4	38	345521	0	53223	48001
2217	57	5	58	342803	0	53226	48004
2155	72	8	75	342767	0	53226	48004
2147	124	4	120	342092	0	53226	48004
2145	32	4	32	342029	0	53225	48003
2183	71	8	75	341867	0	53226	48004
2149	66	6	64	341975	0	53226	48004
2160	44	4	42	341777	0	53225	48003

2096	103	4	103	341912	0	53226	48004
2096	167	5	168	342317	0	53226	48004
2114	52	5	52	342830	0	53226	48004
2113	164	2	161	343019	0	53226	48004
2113	67	5	70	342974	0	53226	48004
2113	100	4	99	342254	0	53226	48004
2110	131	4	131	342596	0	53226	48004
2151	74	1	71	342830	0	53226	48004
2197	79	2	80	343262	0	53225	48003

2242	79	6	83	343163	0	53226	48004
2239	63	4	61	342632	0	53225	48003
2249	44	4	44	344684	0	53224	48002
2283	68	3	67	345233	0	53226	48004
2296	45	5	47	344297	0	53225	48003
2314	52	4	51	343217	0	53224	48002
2318	37	3	36	343586	0	53223	48001
2292	41	4	42	344576	0	53222	48000
2131	39	7	42	354071	0	53226	48004
2118	53	4	50	352829	0	53226	48004
2119	68	6	70	343622	0	53226	48004
2114	95	4	93	319718	0	53226	48004
2127	113	7	116	311492	0	53226	48004
2163	71	4	68	309341	0	53226	48004
2156	59	1	56	305705	0	53226	48004
2131	41	5	45	302168	0	53225	48003
2160	63	5	63	301682	0	53226	48004

2123	95	3	93	297668	0	53226	48004
2110	154	1	152	295580	0	53226	48004
2130	53	2	54	295805	0	53226	48004
2134	38	4	40	295454	0	53225	48003
2151	51	4	51	295661	0	53226	48004
2103	51	4	51	295886	0	53226	48004
2150	80	5	81	296903	0	53226	48004
2154	72	2	69	296732	0	53226	48004
2163	41	4	43	297290	0	53225	48003
2192	63	2	61	297470	0	53226	48004
2198	40	4	42	297137	0	53225	48003
2202	37	8	41	297848	0	53224	48002
2227	59	7	58	298505	0	53226	48004
2201	39	9	41	299702	0	53225	48003
2173	39	3	33	299693	0	53224	48002
2206	66	1	64	300368	0	53226	48004
2179	40	4	43	300467	0	53225	48003

2101	55	4	55	299990	0	53226	48004
2132	199	2	197	300863	0	53226	48004
2146	46	4	48	299891	0	53225	48003
2127	115	5	116	315857	0	53226	48004
2113	53	4	52	334838	0	53226	48004
2146	67	6	69	342830	0	53226	48004
2153	40	1	35	348806	0	53225	48003
2174	53	4	56	353207	0	53226	48004
2097	57	7	60	356168	0	53226	48004
2127	63	5	61	356051	0	53226	48004
2160	67	3	65	355286	0	53226	48004
2132	72	4	73	355421	0	53226	48004
2120	55	8	59	362792	0	53226	48004
2116	62	4	58	378146	0	53226	48004

2154	72	6	74	384158	0	53226	48004
2133	112	9	115	371459	0	53226	48004
2157	58	7	56	363512	0	53225	48003
2106	148	4	145	345890	0	53226	48004
2136	63	7	66	344576	0	53226	48004
2102	66	9	68	341318	0	53226	48004
2098	62	5	58	340571	0	53226	48004
2132	202	2	199	338150	0	53226	48004
2143	45	7	50	336746	0	53225	48003
2098	54	4	51	334352	0	53226	48004
2121	57	4	57	332966	0	53226	48004
2122	67	6	69	332093	0	53226	48004

2148	60	8	62	331751	0	53226	48004
2109	193	10	195	331751	0	53226	48004
2140	131	5	126	331148	0	53226	48004
2096	56	3	54	330185	0	53226	48004
2148	120	8	125	330428	0	53226	48004
2102	54	5	51	333488	0	53226	48004
2118	115	4	114	336557	0	53226	48004
2145	60	7	63	336773	0	53226	48004
2136	58	5	56	336908	0	53226	48004
2149	80	4	79	338105	0	53226	48004
2149	34	8	38	338636	0	53225	48003

2103	153	4	149	342065	0	53226	48004
2154	85	6	87	342110	0	53226	48004
2128	73	3	70	342299	0	53226	48004
2157	63	5	65	341687	0	53226	48004
2114	57	4	56	340427	0	53226	48004
2146	65	6	67	339401	0	53226	48004
2148	35	4	33	339131	0	53225	48003
2111	197	9	202	337232	0	53226	48004

2102	357	5	353	337322	0	53226	48004
2114	46	4	45	337916	0	53226	48004
2142	62	4	62	337745	0	53226	48004
2133	57	8	61	337655	0	53226	48004
2119	119	4	115	339455	0	53226	48004
2124	72	4	72	336305	0	53226	48004
2142	118	4	118	336935	0	53226	48004
2148	40	4	40	336440	0	53225	48003
2197	82	8	86	336764	0	53226	48004
2204	41	5	38	337043	0	53225	48003
2134	62	2	59	336710	0	53226	48004
2141	40	5	43	336494	0	53225	48003
2170	64	7	66	336971	0	53226	48004
2162	25	2	20	336593	0	53225	48003
2148	52	8	58	336674	0	53226	48004
2109	62	9	63	336368	0	53226	48004

2124	148	1	140	337673	0	53226	48004
2131	40	4	43	337808	0	53225	48003
2141	110	7	113	338609	0	53226	48004
2092	50	5	48	338645	0	53226	48004
2128	103	7	105	339104	0	53226	48004
2142	114	4	111	339176	0	53226	48004
2144	35	4	35	339302	0	53225	48003
2185	75	1	72	339284	0	53226	48004
2193	42	4	45	339716	0	53225	48003
2196	35	7	38	338816	0	53224	48002
2198	70	1	64	339581	0	53226	48004
2191	26	4	29	339302	0	53225	48003
2196	73	6	75	338906	0	53226	48004
2214	50	6	50	339239	0	53225	48003

2093	112	7	113	340004	0	53226	48004
2127	67	4	64	339536	0	53226	48004
2143	50	5	51	339536	0	53226	48004
2133	57	3	55	339761	0	53226	48004
2134	34	4	35	339617	0	53225	48003
2156	56	6	58	339554	0	53226	48004
2157	33	6	33	339527	0	53225	48003
2162	39	9	42	340139	0	53224	48002
2139	111	6	108	339995	0	53226	48004
2134	62	3	59	339833	0	53226	48004
2143	41	6	44	340202	0	53225	48003
2174	65	1	60	340292	0	53226	48004
2176	35	4	38	340103	0	53225	48003
2180	38	6	40	340571	0	53224	48002
2224	77	3	74	340346	0	53226	48004
2229	37	4	38	340571	0	53225	48003
2243	48	6	50	340697	0	53224	48002
2241	31	8	33	340130	0	53223	48001
2269	62	1	55	339986	0	53226	48004

2247	45	0	44	338168	0	53225	48003
2254	40	3	43	338132	0	53224	48002
2264	44	7	48	338033	0	53223	48001
2288	57	8	58	337853	0	53222	48000
2288	33	9	34	337763	0	53226	48004
2289	35	2	28	338069	0	53225	48003
2294	38	7	43	337808	0	53224	48002
2305	44	6	43	337961	0	53223	48001
2293	56	2	52	337700	0	53222	48000
2261	33	4	35	337493	0	53226	48004
2273	46	8	50	337835	0	53225	48003
2267	27	4	23	337205	0	53224	48002
2205	38	8	42	337835	0	53226	48004
2194	55	4	51	337772	0	53226	48004
2165	39	5	40	338294	0	53225	48003
2157	57	6	58	338204	0	53226	48004
2174	51	6	51	337961	0	53225	48003
2171	31	4	29	338132	0	53224	48002
2166	61	1	58	338195	0	53226	48004
2177	44	6	49	337601	0	53225	48003
2182	39	5	38	338078	0	53224	48002
2210	61	3	59	337997	0	53226	48004
2210	33	7	37	338240	0	53225	48003

2186	43	4	40	337970	0	53224	48002
2214	62	8	66	338555	0	53226	48004
2219	37	6	35	338645	0	53225	48003
2188	37	8	39	338681	0	53224	48002
2178	57	5	54	338771	0	53226	48004
2100	55	5	55	339023	0	53226	48004
2131	63	6	64	338987	0	53226	48004
2144	48	5	47	339077	0	53225	48003
2100	55	7	57	338960	0	53226	48004
2100	66	6	65	338843	0	53226	48004
2100	101	7	102	339077	0	53226	48004
2119	53	8	54	339383	0	53226	48004
2115	61	4	57	338861	0	53226	48004
2134	53	7	56	339275	0	53226	48004
2152	118	6	117	339329	0	53226	48004
2156	37	5	36	339050	0	53225	48003
2155	66	4	65	339086	0	53226	48004

2169	47	5	48	338906	0	53225	48003
2195	59	4	58	339419	0	53226	48004
2223	62	0	58	339383	0	53225	48003
2187	30	4	34	339401	0	53224	48002
2226	73	7	76	339401	0	53226	48004
2210	50	4	47	339212	0	53225	48003
2206	30	9	35	339410	0	53224	48002
2244	72	5	68	339122	0	53226	48004
2251	39	3	37	339086	0	53225	48003
2261	44	7	48	339158	0	53224	48002
2269	42	5	40	339113	0	53223	48001
2278	41	2	38	338987	0	53222	48000
2275	31	4	33	339302	0	53226	48004
2289	49	6	51	338870	0	53225	48003
2293	35	1	30	338996	0	53224	48002
2262	37	0	36	339455	0	53223	48001
2222	61	8	69	339212	0	53226	48004
2236	45	7	44	339473	0	53225	48003
2255	53	4	50	339545	0	53224	48002
2260	38	4	38	339086	0	53223	48001
2289	63	8	67	338780	0	53226	48004

2303	47	4	43	339050	0	53225	48003
2300	30	8	34	339149	0	53224	48002
2310	43	6	41	339194	0	53223	48001
2305	29	4	27	339293	0	53222	48000
2311	73	8	77	338564	0	53226	48004
2328	50	5	47	339221	0	53225	48003
2331	36	3	34	338996	0	53224	48002
2331	33	5	35	339014	0	53223	48001
2469	5	9	9	339257	0	53222	48000
2157	55	6	52	338789	0	53226	48004
2164	41	7	42	338708	0	53225	48003
2136	71	4	68	338879	0	53226	48004
2173	70	4	70	338708	0	53226	48004
2175	36	4	36	339167	0	53225	48003
2167	58	7	61	338843	0	53226	48004
2171	38	5	36	338690	0	53225	48003
2170	66	6	67	338420	0	53226	48004
2142	38	5	37	338384	0	53225	48003
2173	65	1	61	338195	0	53226	48004
2170	30	4	33	338672	0	53225	48003
2132	62	3	61	338681	0	53226	48004
2131	32	7	36	339005	0	53225	48003

2092	61	8	62	341768	0	53226	48004
2123	64	8	64	342164	0	53226	48004
2158	69	3	64	342146	0	53226	48004
2156	65	3	65	344513	0	53226	48004
2153	30	4	31	348626	0	53225	48003
2157	70	1	67	361649	0	53226	48004
2163	40	5	44	368426	0	53225	48003
2196	66	6	67	372890	0	53226	48004
2201	38	6	38	379280	0	53225	48003
2211	44	5	43	382448	0	53224	48002
2175	64	8	67	380621	0	53226	48004
2187	45	7	44	375140	0	53225	48003
2198	44	6	43	369515	0	53224	48002
2222	58	6	58	366410	0	53226	48004
2237	48	8	50	364763	0	53225	48003
2246	42	5	39	363161	0	53224	48002
2246	34	4	33	363296	0	53223	48001
2274	62	11	69	363206	0	53226	48004
2285	44	7	40	363872	0	53225	48003

2276	58	0	51	362954	0	53224	48002
2165	55	3	58	326936	0	53226	48004
2173	41	1	39	319007	0	53225	48003
2173	33	5	37	314066	0	53224	48002
2202	63	8	66	305876	0	53226	48004
2212	43	4	39	303608	0	53225	48003
2227	48	6	50	302789	0	53224	48002
2223	30	4	28	300602	0	53223	48001
2217	60	6	62	299477	0	53226	48004
2209	26	4	24	298829	0	53225	48003
2217	42	2	40	298631	0	53224	48002
2215	30	4	32	297884	0	53223	48001
2238	58	6	60	298082	0	53226	48004
2239	33	5	32	298343	0	53225	48003
2237	31	2	28	299126	0	53224	48002
2235	32	4	34	298955	0	53223	48001
2239	37	3	36	299054	0	53222	48000
2250	44	6	47	299171	0	53226	48004
2240	24	5	23	299297	0	53225	48003
2212	38	9	42	299522	0	53224	48002
2210	32	5	28	299612	0	53223	48001
2199	55	4	54	299081	0	53226	48004
2198	33	1	30	299288	0	53225	48003
2162	30	4	33	299234	0	53224	48002

2117	55	4	55	298964	0	53226	48004
2131	47	4	47	299486	0	53226	48004
2128	98	4	98	299900	0	53226	48004
2124	62	7	65	299072	0	53226	48004
2100	44	4	41	298586	0	53226	48004
2130	61	7	64	298694	0	53226	48004
2126	31	6	30	298523	0	53225	48003
2167	74	9	77	298721	0	53226	48004
2162	62	7	60	299333	0	53226	48004
2179	50	8	51	298766	0	53225	48003
2178	32	4	28	299567	0	53224	48002
2202	58	1	55	299108	0	53226	48004
2164	28	4	31	299162	0	53225	48003
2157	60	4	60	299018	0	53226	48004
2113	56	5	57	298460	0	53226	48004
2144	64	7	66	298334	0	53226	48004
2135	25	12	30	298595	0	53225	48003
2122	53	6	47	298181	0	53226	48004
2132	44	4	42	299297	0	53225	48003

2177	78	6	80	298946	0	53226	48004
2144	34	6	34	299333	0	53225	48003
2169	58	3	55	299378	0	53226	48004
2145	43	4	44	299468	0	53225	48003
2169	57	2	55	299081	0	53226	48004
2166	30	7	35	299621	0	53225	48003
2163	31	8	32	299270	0	53224	48002
2192	62	2	56	299045	0	53226	48004
2198	38	2	38	299090	0	53225	48003
2166	36	4	38	298910	0	53224	48002
2197	65	7	68	298766	0	53226	48004
2198	34	2	29	298649	0	53225	48003
2202	37	3	38	298586	0	53224	48002
2196	27	4	28	298793	0	53223	48001
2154	58	1	55	299270	0	53226	48004
2161	41	7	47	299423	0	53225	48003
2154	59	3	55	299954	0	53226	48004
2157	37	4	38	300728	0	53225	48003
2178	55	3	54	301124	0	53226	48004
2147	35	10	42	301313	0	53225	48003
2170	56	3	49	301637	0	53226	48004
2136	33	1	31	302042	0	53225	48003

2127	57	4	60	302087	0	53226	48004
2130	70	5	71	301322	0	53226	48004
2150	54	4	53	301520	0	53226	48004
2146	29	4	29	300836	0	53225	48003
2170	58	8	62	299981	0	53226	48004
2178	40	9	41	298694	0	53225	48003
2176	32	5	28	298163	0	53224	48002
2106	63	3	61	298010	0	53226	48004
2137	64	3	64	298127	0	53226	48004
2127	24	5	26	297659	0	53225	48003
2138	77	2	74	298703	0	53226	48004
2159	55	1	54	299549	0	53226	48004
2166	40	5	44	297713	0	53225	48003
2168	35	11	41	299000	0	53224	48002
2198	64	9	62	299009	0	53226	48004
2191	26	4	21	298748	0	53225	48003
2201	44	4	44	298487	0	53224	48002
2195	60	6	62	297785	0	53226	48004
2203	41	6	41	297623	0	53225	48003
2173	37	5	36	299405	0	53224	48002
2187	47	9	51	299720	0	53226	48004
2187	34	2	27	299216	0	53225	48003

2158	37	3	38	300044	0	53224	48002
2191	67	5	69	300152	0	53226	48004
2159	34	5	34	299801	0	53225	48003
2106	47	4	46	299810	0	53226	48004
2129	57	8	61	299729	0	53226	48004
2130	34	4	30	300017	0	53225	48003
2151	54	6	56	299900	0	53226	48004
2164	47	5	46	299864	0	53225	48003
2188	57	3	55	300260	0	53226	48004
2198	43	2	42	300161	0	53225	48003
2197	33	7	38	299990	0	53224	48002
2200	37	4	34	300053	0	53223	48001
2233	66	7	69	301349	0	53226	48004
2203	36	4	33	306767	0	53225	48003
2177	41	4	41	328727	0	53224	48002
2212	69	3	68	339914	0	53226	48004
2221	41	1	39	350291	0	53225	48003
2226	39	4	42	360263	0	53224	48002
2235	42	5	43	370658	0	53223	48001
2249	81	2	78	380243	0	53226	48004

2261	45	5	48	380369	0	53225	48003
2263	36	2	33	374879	0	53224	48002
2275	45	5	48	371297	0	53223	48001
2300	58	4	57	372638	0	53222	48000
2312	46	3	45	367274	0	53226	48004
2321	42	4	43	363485	0	53225	48003
2337	49	6	51	360407	0	53224	48002
2346	42	5	41	358364	0	53223	48001
2351	39	7	41	356393	0	53222	48000
2288	46	2	41	351002	0	53226	48004
2268	37	6	41	348518	0	53225	48003
2238	37	6	37	347870	0	53224	48002
2241	36	4	34	347672	0	53223	48001
2237	63	2	61	347663	0	53226	48004
2169	32	5	35	347591	0	53225	48003
2176	40	9	44	347663	0	53224	48002
2210	68	1	60	347537	0	53226	48004
2223	47	6	52	347510	0	53225	48003
2220	29	4	27	347897	0	53224	48002
2229	76	3	75	348617	0	53226	48004
2229	33	7	37	347906	0	53225	48003
2245	50	3	46	347717	0	53224	48002

2268	56	8	61	347942	0	53223	48001
2296	61	4	57	348185	0	53226	48004
2336	75	6	77	347978	0	53225	48003
2360	56	3	53	348185	0	53224	48002
2368	41	7	45	348014	0	53223	48001
2304	37	12	42	348221	0	53222	48000
2377	107	3	98	348491	0	53226	48004
2400	56	6	59	348455	0	53225	48003
2382	48	8	50	347870	0	53224	48002
2388	39	3	34	348086	0	53222	48000
2414	59	6	62	348149	0	53222	48000
2270	56	6	56	348419	0	53226	48004
2296	60	1	55	348230	0	53225	48003
2289	60	6	65	348041	1	53226	48004
2559	3	11	8	348599	0	53222	48000
2561	35	9	33	348122	0	53222	48000
2298	37	3	31	347276	0	53226	48004
2305	41	2	40	346790	0	53226	48004
2278	72	3	73	346493	0	53226	48004
2280	36	2	35	347231	0	53226	48004

2303	56	3	57	347078	0	53226	48004
2315	45	3	45	346916	0	53226	48004
2283	35	3	35	346493	0	53226	48004
2300	50	4	51	346466	0	53226	48004
2308	42	10	48	346448	0	53225	48003
2314	39	5	34	346385	0	53226	48004
2279	32	4	31	346358	0	53225	48003
2290	45	4	45	346142	0	53226	48004
2296	39	10	45	346277	0	53226	48004
2300	37	3	30	346313	0	53226	48004
2334	67	10	74	346223	0	53225	48003
2293	27	8	25	346295	0	53226	48004
2308	47	5	44	346430	0	53225	48003
2252	44	9	48	346412	0	53226	48004
2261	42	1	34	346547	0	53225	48003
2260	33	4	36	346781	0	53224	48002
2264	38	8	42	346385	0	53223	48001
2278	46	1	39	346592	0	53226	48004
2287	42	5	46	346565	0	53225	48003
2301	48	8	51	346547	0	53226	48004
2312	44	3	39	346628	0	53225	48003
2279	34	3	34	346700	0	53224	48002
2303	57	1	55	346358	0	53223	48001

2315	46	5	50	346241	0	53226	48004
2321	39	7	41	345926	0	53225	48003
2326	38	8	39	346304	0	53226	48004
2225	33	5	30	345809	0	53225	48003
2246	54	4	53	345755	0	53224	48002
2198	53	8	57	346034	0	53226	48004
2214	48	7	47	346403	0	53225	48003
2192	45	7	45	345809	0	53224	48002
2220	61	6	60	346160	0	53226	48004
2232	46	1	41	346160	0	53225	48003
2235	37	7	43	345863	0	53224	48002
2248	46	5	44	346070	0	53223	48001
2269	55	4	54	346295	0	53226	48004
2287	51	6	53	345980	0	53225	48003
2301	46	8	48	345602	0	53224	48002
2302	35	4	31	345755	0	53223	48001
2313	44	4	44	345548	0	53222	48000
2322	42	7	45	345602	0	53222	48000
2329	41	2	36	345611	0	53226	48004
2352	56	4	58	345386	0	53225	48003
2373	54	4	54	345899	0	53224	48002
2374	35	1	32	345620	0	53223	48001

2387	46	6	51	345035	0	53222	48000
2365	45	5	44	344252	0	53226	48004
2393	62	2	59	344801	0	53226	48004
2463	2	11	11	344783	0	53222	48000
2273	45	4	38	343892	0	53226	48004
2251	43	6	45	343604	0	53226	48004
2263	45	7	46	343892	0	53226	48004
2241	45	5	43	343802	0	53226	48004
2250	43	4	42	343838	0	53226	48004
2272	55	7	58	343559	0	53225	48003
2223	51	4	48	344171	0	53226	48004
2236	46	6	48	343820	0	53225	48003
2240	39	9	42	343928	0	53226	48004
2220	45	4	40	344279	0	53225	48003
2237	51	2	49	344297	0	53226	48004
2248	45	6	49	344702	0	53225	48003
2225	44	2	40	344693	0	53226	48004
2199	40	4	42	344828	0	53226	48004
2205	40	4	40	344783	0	53225	48003
2220	47	6	49	344855	0	53224	48002
2232	45	6	45	344549	0	53226	48004
2238	40	8	42	344657	0	53226	48004
2237	32	9	33	344594	0	53225	48003

2185	48	3	42	344297	0	53226	48004
2183	31	3	31	344279	0	53225	48003
2200	51	3	51	344144	0	53226	48004
2206	40	4	41	344270	0	53225	48003
2219	45	6	47	344432	0	53226	48004
2217	32	3	29	344612	0	53225	48003
2235	51	6	54	344432	0	53226	48004
2247	45	4	43	344387	0	53225	48003
2251	38	3	37	344522	0	53224	48002
2272	55	4	56	344225	0	53226	48004
2266	27	2	25	344468	0	53225	48003
2277	45	9	52	344558	0	53226	48004
2283	39	3	33	344648	0	53225	48003
2250	33	10	40	344495	0	53224	48002
2234	50	7	47	344657	0	53226	48004
2236	36	4	33	344657	0	53225	48003
2248	45	11	52	344486	0	53226	48004
2156	41	4	34	344504	0	53226	48004

2324	335	3	334	344900	0	53224	48002
2440	17	10	24	344576	1	53226	48004
2481	7	8	5	344738	1	53225	48003
2385	4	9	5	344801	0	53225	48003
2435	117	9	117	345071	0	53226	48004
2442	41	2	34	345098	0	53225	48003
2461	51	6	55	344630	0	53224	48002
2464	36	5	35	344927	0	53223	48001
2475	45	3	43	344693	0	53222	48000
2449	40	3	40	344477	0	53222	48000
2464	49	7	53	344450	0	53226	48004
2491	60	7	60	344648	0	53225	48003
2541	83	2	78	344081	0	53226	48004
2678	271	4	273	344936	0	53222	48000
2605	60	9	65	345701	0	53226	48004
2713	41	1	33	346484	0	53222	48000

2659	46	4	49	345161	0	53226	48004
2655	63	3	62	345008	0	53226	48004
2817	29	1	27	345953	0	53222	48000
2688	71	6	76	344513	0	53226	48004
2648	93	6	93	344684	0	53222	48000
2649	34	4	32	344387	0	53222	48000
3248	32	7	35	344279	1	53225	48003
2785	4	12	9	344774	0	53225	48003
2693	42	4	34	344747	0	53222	48000
2701	41	2	39	344486	0	53222	48000
2641	73	6	77	344072	0	53226	48004
2652	45	5	44	344306	0	53225	48003
2657	38	3	36	343991	0	53226	48004
2633	43	4	44	345917	0	53226	48004
2453	53	5	54	346187	0	53226	48004
2785	65	3	63	344225	0	53225	48003
2525	75	4	76	344819	1	53226	48004
3061	1	12	9	344090	0	53222	48000
3121	94	4	86	344504	0	53222	48000
2559	5	7	8	344018	0	53226	48004
2855	62	2	57	346025	0	53225	48003

2617	29	2	29	343550	0	53226	48004
2636	53	3	54	343892	0	53226	48004
2647	43	4	44	344126	0	53226	48004
2603	90	4	90	344090	0	53222	48000
2974	37	3	36	346025	0	53225	48003
2775	35	6	38	343766	0	53226	48004
2691	50	6	50	344540	0	53222	48000
2673	15	3	12	344054	0	53226	48004
2618	79	7	83	344468	0	53226	48004
2917	31	4	28	343973	0	53225	48003
2639	55	10	61	345188	0	53226	48004
2653	48	6	44	345557	0	53226	48004
2811	24	1	19	344198	0	53222	48000
2545	68	9	76	346286	0	53226	48004
2691	12	5	8	345953	1	53222	48000
2928	4	8	7	344324	0	53225	48003
2761	33	3	28	345773	0	53225	48003
2546	53	6	56	346196	0	53226	48004
2556	75	9	78	346187	1	53226	48004
2826	4	13	8	346106	0	53222	48000
2582	57	5	49	346628	0	53226	48004
2787	70	1	66	346304	0	53225	48003
2609	22	8	29	346430	0	53226	48004

2618	43	10	45	346709	0	53226	48004
2599	47	6	43	346727	0	53222	48000
2586	54	5	53	346664	0	53226	48004
2811	25	3	23	346871	0	53225	48003
2607	63	9	69	346952	0	53226	48004
2718	11	7	9	346952	0	53222	48000
2595	43	2	38	346997	0	53226	48004
2601	40	0	38	347114	0	53226	48004
2920	52	3	55	346439	0	53225	48003
2651	31	3	31	346952	0	53226	48004
2653	35	8	40	346853	0	53226	48004
2671	52	7	51	347096	0	53226	48004
2617	12	4	9	347312	0	53225	48003
2553	36	2	34	346889	0	53225	48003
2617	32	5	35	347420	0	53226	48004
2613	62	2	59	347096	0	53226	48004
2613	33	1	32	347114	0	53226	48004
2611	31	4	34	346349	0	53226	48004
2485	41	6	43	346115	0	53225	48003
2665	47	6	47	346601	0	53226	48004
2669	37	5	36	346322	0	53226	48004
2520	51	1	47	346115	0	53225	48003
2702	49	8	56	346655	0	53226	48004
2639	38	7	37	346223	0	53226	48004
2580	41	3	37	345971	0	53226	48004

2558	44	4	45	345926	0	53226	48004
2637	46	5	47	345656	0	53225	48003
2583	45	6	46	345107	0	53226	48004
2458	75	5	74	345107	0	53222	48000
2602	11	1	7	345287	0	53226	48004
2754	52	7	58	345197	0	53225	48003
2647	59	7	59	345134	0	53226	48004
2524	44	2	39	345242	0	53226	48004
2528	37	1	36	345080	0	53226	48004
2841	13	2	14	345647	0	53225	48003
2499	92	7	97	345170	0	53226	48004
2875	9	6	8	344999	0	53225	48003
2484	43	5	42	344855	0	53226	48004
2442	34	3	32	344738	0	53226	48004
2923	38	8	43	345341	0	53225	48003
2512	55	5	52	344891	0	53226	48004
2472	27	4	26	344774	0	53222	48000
2482	43	6	45	344792	0	53222	48000
2474	60	3	57	344927	0	53226	48004
2933	25	2	24	345224	0	53225	48003
2500	67	7	72	344576	0	53226	48004
2447	47	3	43	344828	0	53226	48004
2920	8	3	8	344900	0	53225	48003
2704	49	8	54	344819	0	53222	48000

2506	68	4	64	344369	0	53226	48004
2477	38	4	38	344495	0	53226	48004
2669	25	7	28	344612	0	53222	48000
2511	43	5	41	344477	0	53226	48004
2479	35	4	34	344900	0	53226	48004
3119	6	6	8	345242	0	53225	48003
3055	36	7	37	344945	0	53225	48003
2525	36	8	37	344738	0	53226	48004
2510	85	4	81	345278	0	53222	48000
2553	10	2	8	344927	0	53226	48004
2978	25	5	28	344702	0	53225	48003
2575	63	3	61	345242	0	53226	48004
2544	36	3	36	345422	0	53226	48004
2508	64	3	64	345242	0	53222	48000
2583	9	2	8	345161	0	53226	48004
2531	48	4	50	344918	0	53226	48004
3144	46	5	47	344873	0	53225	48003
2544	33	7	35	345206	0	53226	48004
2559	49	3	45	344972	0	53226	48004
3195	37	2	36	344540	0	53225	48003
2584	55	3	56	344765	0	53226	48004
2554	37	2	36	345233	0	53226	48004
2497	42	5	45	345143	0	53226	48004
2477	48	3	46	345107	0	53226	48004
3213	34	6	37	345044	0	53225	48003

2497	18	5	17	345629	0	53226	48004
3060	63	6	64	345422	0	53225	48003
2485	58	7	59	345332	0	53222	48000
2604	19	1	13	345431	0	53226	48004
2603	33	1	33	345467	0	53226	48004
3010	40	1	40	345152	0	53225	48003
2588	45	1	45	345539	0	53226	48004
2556	34	2	35	345359	0	53226	48004
2532	43	6	47	345908	0	53226	48004
2555	56	2	52	345035	0	53226	48004
2510	55	3	56	345926	0	53226	48004
3187	11	9	17	344990	0	53225	48003
2544	91	5	87	345908	0	53226	48004
2481	37	2	34	345854	0	53226	48004
2485	35	1	34	345836	0	53222	48000
3187	3	6	8	345332	0	53225	48003
3061	42	7	43	345692	0	53225	48003
2536	41	2	36	345809	0	53226	48004
2509	39	6	43	345791	0	53226	48004
2516	41	4	39	345926	0	53222	48000
2514	32	7	35	346304	0	53226	48004
2521	39	4	36	346097	0	53226	48004
3070	83	3	82	345251	0	53225	48003
2547	10	6	13	346025	0	53226	48004
2556	43	8	45	346313	0	53226	48004

3090	67	4	63	345512	0	53225	48003
2587	30	1	27	345971	0	53226	48004
2593	40	2	41	345980	0	53226	48004
2606	46	3	47	345998	0	53226	48004
2611	39	8	44	346169	0	53226	48004
3222	44	0	36	345845	0	53225	48003
2581	25	4	29	346925	0	53226	48004
2607	59	3	58	346889	0	53226	48004
3158	18	2	17	345845	0	53225	48003
2613	22	7	27	346709	0	53226	48004
2489	76	4	73	347312	0	53222	48000
2496	41	5	42	347078	0	53222	48000
3064	34	8	37	345413	0	53225	48003
2742	12	3	7	346853	0	53226	48004
2716	40	2	39	346817	0	53226	48004
2733	83	11	92	347096	0	53226	48004
2681	49	5	43	347240	0	53226	48004
3138	56	6	57	346790	0	53225	48003
2651	14	8	16	348077	0	53226	48004
2686	68	3	63	348284	0	53226	48004
2672	53	6	56	348257	0	53226	48004
3132	59	8	61	346430	0	53225	48003
2876	11	4	7	347942	0	53222	48000

2690	47	6	49	348221	0	53222	48000
2796	40	8	42	348545	0	53226	48004
2738	43	3	38	347960	0	53226	48004
2617	78	6	81	344297	1	53222	48000
2720	3	9	6	347078	0	53226	48004
3326	39	9	39	346880	1	53225	48003
2732	7	9	7	344765	0	53226	48004
2716	84	4	79	343487	0	53226	48004
3287	37	6	39	347753	0	53225	48003
2771	51	1	46	343163	0	53222	48000
2760	56	8	63	343973	0	53226	48004
2705	43	5	40	344027	0	53226	48004
2675	38	9	42	343838	0	53226	48004
3391	50	7	48	348203	0	53225	48003
2960	35	6	34	343739	0	53222	48000
2695	35	9	38	343739	0	53226	48004
2704	42	8	41	343595	0	53222	48000
3443	40	4	36	348167	0	53225	48003
3255	44	2	42	344351	0	53225	48003
2718	30	3	31	343460	0	53222	48000
2726	41	6	44	343667	0	53222	48000
3145	18	5	17	344063	0	53225	48003
2706	62	9	66	343595	0	53226	48004
2584	45	4	40	343910	0	53226	48004

2581	64	6	66	344531	0	53226	48004
2915	34	2	30	343757	0	53222	48000
2606	58	6	62	344378	0	53226	48004
3319	12	8	14	343766	0	53225	48003
3295	43	7	42	343730	0	53225	48003
2601	40	4	37	344531	0	53226	48004
2634	65	5	66	344468	0	53222	48000
2638	38	4	37	343865	0	53222	48000
2627	56	4	56	343982	0	53226	48004
2651	57	9	62	344162	0	53226	48004
3134	16	2	9	343874	0	53225	48003
2681	48	3	49	346808	0	53226	48004
2696	48	0	45	346610	0	53226	48004
2674	44	6	50	346097	0	53226	48004
2899	25	4	23	344207	0	53222	48000
2707	75	5	76	344054	0	53226	48004
3291	17	5	17	344153	0	53225	48003
2751	60	5	60	344072	0	53226	48004
2760	43	1	39	343838	0	53222	48000
2787	60	3	62	343712	1	53222	48000
3388	2	6	5	344729	0	53225	48003
2784	29	8	31	343784	0	53226	48004
2746	62	4	58	346115	0	53226	48004

2773	93	9	98	353765	0	53226	48004
2657	52	5	48	386453	0	53226	48004
2676	53	8	56	383609	0	53226	48004
2759	15	5	12	381566	0	53222	48000
3600	7	7	9	344450	0	53225	48003
2733	67	3	63	383843	0	53226	48004
3389	22	7	26	347312	0	53225	48003
2781	60	7	60	378254	0	53226	48004
2576	60	2	55	309647	0	53222	48000
2869	61	7	66	368057	0	53226	48004
3544	41	6	40	345008	0	53225	48003
2911	33	1	28	360353	0	53226	48004
2912	35	4	38	350597	0	53226	48004
2924	45	6	47	337493	0	53226	48004
2891	34	6	34	320195	0	53226	48004
3479	21	3	18	344072	0	53225	48003
2856	44	9	50	304373	0	53226	48004
3503	48	4	43	349535	0	53225	48003
2894	23	6	25	302078	0	53226	48004
2599	38	3	35	296930	0	53222	48000
2607	42	6	45	299387	0	53222	48000
2882	42	6	42	296345	0	53226	48004
2887	38	4	36	296498	0	53226	48004
3185	31	2	29	314255	0	53225	48003
2901	17	3	18	296417	0	53226	48004

2879	44	6	47	296300	0	53226	48004
2782	37	7	38	300377	0	53226	48004
2777	27	9	29	301700	0	53226	48004
2573	64	3	58	301781	0	53222	48000
3224	17	3	17	300422	0	53225	48003
2786	29	2	28	300476	0	53226	48004
2791	38	3	39	300548	0	53226	48004
3083	25	1	23	296372	0	53225	48003
2625	76	6	81	305309	0	53222	48000
2624	32	6	32	308837	1	53222	48000
2859	2	12	8	301493	0	53226	48004
2805	47	6	41	301718	0	53226	48004
2814	41	4	39	301799	0	53226	48004
2934	20	7	23	301943	0	53225	48003
2750	49	5	47	312482	0	53226	48004
2759	42	7	44	315488	0	53226	48004
2766	41	2	36	319736	0	53226	48004
2772	39	7	44	323066	0	53226	48004
2990	19	4	16	302528	0	53225	48003
2810	52	7	55	326135	0	53226	48004
2815	40	7	40	327197	0	53225	48003
2830	47	7	47	330014	0	53226	48004
2818	56	4	53	351884	0	53226	48004
2780	61	7	64	372971	0	53226	48004
2934	21	6	20	341750	0	53225	48003
2736	36	5	35	365672	0	53226	48004

2650	47	6	48	351920	0	53226	48004
2668	51	3	48	351344	0	53226	48004
3051	50	8	55	362801	0	53225	48003
2680	29	8	29	350084	0	53226	48004
3009	62	3	57	370406	0	53225	48003
2624	14	8	19	347285	0	53226	48004
2642	52	3	47	346772	0	53226	48004
2618	42	3	42	345656	0	53226	48004
2929	45	11	53	350921	0	53225	48003
2629	33	5	27	341930	0	53226	48004
2538	76	4	75	341867	0	53222	48000
2681	9	1	6	341237	0	53226	48004
2656	43	9	51	340616	0	53226	48004
2600	45	6	42	342101	0	53226	48004
2597	63	4	61	340796	0	53222	48000
3164	32	1	29	349607	0	53225	48003
2710	47	1	47	341201	0	53226	48004
2634	57	3	59	341246	0	53222	48000
2743	43	3	43	341372	0	53226	48004
3011	34	3	34	341237	0	53225	48003
2704	27	1	25	341903	0	53226	48004
2693	56	4	59	342029	0	53226	48004
3052	24	4	24	341021	0	53225	48003

2668	51	7	54	341507	0	53226	48004
2643	40	6	39	342902	0	53226	48004
2652	43	4	41	343586	0	53226	48004
2660	74	5	75	346160	0	53222	48000
2650	58	2	55	342875	0	53222	48000
2797	46	3	47	345305	0	53226	48004
2776	47	6	50	344099	0	53226	48004
2700	57	7	58	345008	0	53222	48000
3278	11	5	9	341426	0	53225	48003
2847	69	6	70	343505	0	53226	48004
3282	34	3	31	342533	0	53225	48003
2774	27	6	30	341273	0	53226	48004
2818	78	6	78	338114	0	53226	48004
2792	39	6	39	332471	0	53226	48004
2772	46	8	48	329609	0	53226	48004
2776	38	7	37	327566	0	53226	48004
3049	40	4	37	343118	0	53222	48000
3503	20	6	22	341903	0	53225	48003
2834	32	6	32	325982	0	53226	48004
2833	32	7	33	326999	0	53226	48004
3498	31	2	26	341858	0	53225	48003
2905	74	2	74	329753	0	53226	48004
3342	38	8	44	345161	0	53225	48003

2934	24	6	22	334622	0	53226	48004
2963	63	5	62	340634	0	53226	48004
3272	9	4	8	335270	0	53225	48003
3237	32	4	32	330743	0	53225	48003
16213	208	4	208	345017	0	53223	48001
16469	223	3	222	344648	0	53224	48002
16147	145	4	146	344459	0	53224	48002

