DelayToEnqueue	DeltaEnqueue	QueueDelay	DeltaDequeue	FrameSize	Buffer	RemotePort	LocalPort
-536	0	10	0	356438	0	53877	48004
-535	11	11	12	358400	0	53876	48003
-451	113	4	106	358679	0	53875	48002
-478	5	4	5	358355	0	53874	48001
-486	26	4	26	359066	0	53873	48000
-331	187	1	184	358553	0	53873	48000
-331	69	1	69	358328	0	53877	48004
-330	32	4	35	357968	0	53876	48003
-339	27	2	25	358004	0	53875	48002
-352	19	2	19	357869	0	53874	48001
-205	14	4	16	358724	0	53873	48000
-337	33	8	37	357689	0	53877	48004
-318	54	1	47	357779	0	53876	48003
-271	80	4	83	357554	0	53876	48003
-297	8	4	8	357374	0	53873	48000

-273	57	4	57	357392	0	53873	48000
-252	52	4	52	357644	0	53873	48000
-234	52	2	50	357383	0	53873	48000
-217	52	2	52	357545	0	53873	48000
-199	49	2	49	357365	0	53873	48000
-199	33	3	34	357365	0	53873	48000
-190	114	6	117	357284	0	53876	48003
-159	62	10	66	357671	0	53875	48002
-151	39	4	33	357716	0	53874	48001
3	23	6	25	357383	1	53873	48000
-24	5	10	9	357320	0	53877	48004
-118	73	4	67	357491	0	53876	48003
-103	48	4	48	357554	0	53875	48002
-82	55	0	51	357572	0	53874	48001
-95	52	6	58	357419	0	53876	48003
81	9	4	7	357356	0	53877	48004
-31	88	8	92	357563	0	53875	48002
-14	52	1	45	357446	0	53874	48001
89	4	9	12	357383	0	53877	48004
-22	53	1	45	357815	0	53876	48003
-14	79	10	88	357635	0	53876	48003

37	115	2	107	357698	0	53873	48000
282	78	3	79	357689	0	53877	48004
239	25	4	26	357536	0	53875	48002
178	4	6	6	357662	0	53874	48001
128	18	7	19	357374	0	53873	48000
144	48	8	49	357302	0	53873	48000
160	51	1	44	357617	0	53873	48000
176	47	9	55	357671	0	53873	48000
181	38	8	37	357491	0	53873	48000
184	38	4	34	357149	0	53873	48000
199	48	5	49	357032	0	53873	48000
220	53	3	51	357050	0	53873	48000
239	55	8	60	357221	0	53873	48000
251	43	8	43	357149	0	53873	48000
264	47	4	43	356951	0	53873	48000
252	55	6	57	356861	0	53877	48004
273	53	4	51	356519	0	53876	48003
287	49	4	49	356897	0	53875	48002
308	53	7	56	356879	0	53874	48001
307	68	2	63	356816	0	53876	48003

317	74	5	77	356582	0	53874	48001
615	33	6	34	357005	0	53873	48000
475	25	8	27	356708	0	53877	48004
375	68	1	61	356906	0	53876	48003
504	28	0	27	356762	0	53875	48002
411	75	5	80	356708	0	53874	48001
556	45	3	43	356528	0	53877	48004
452	62	4	63	356663	0	53876	48003
589	36	5	37	356735	0	53875	48002
493	72	3	70	356672	0	53874	48001
554	28	8	33	356726	0	53875	48002
636	15	10	17	356834	0	53877	48004
542	74	2	66	356618	0	53876	48003
555	77	6	81	356564	0	53874	48001
604	16	8	18	356726	0	53875	48002
679	9	9	10	356627	0	53877	48004
570	57	2	50	356402	0	53876	48003
561	59	4	61	356627	0	53874	48001
679	18	2	16	356492	0	53877	48004
646	32	9	39	356375	0	53875	48002
604	58	3	52	356420	0	53876	48003

612	76	7	80	356303	0	53876	48003
628	48	6	47	356411	0	53874	48001
626	33	6	33	356474	0	53873	48000
636	43	0	37	356555	0	53873	48000
856	19	2	21	356402	0	53877	48004
808	19	5	22	356510	0	53875	48002
675	34	6	35	356708	0	53873	48000
710	69	4	67	356807	0	53873	48000
722	44	7	47	356699	0	53873	48000
728	39	3	35	356240	0	53873	48000
750	57	2	56	356492	0	53873	48000
776	58	8	64	356483	0	53873	48000
789	46	4	42	356564	0	53873	48000
798	43	1	40	356771	0	53873	48000
817	52	7	58	356501	0	53873	48000
838	54	4	51	356807	0	53873	48000
851	47	7	50	356609	0	53873	48000
859	41	7	41	356564	0	53873	48000
864	38	6	37	356330	0	53873	48000
909	79	2	75	356420	0	53873	48000
928	52	2	52	356285	0	53873	48000
931	36	2	36	356213	0	53873	48000

941	44	6	48	356249	0	53873	48000
955	47	7	48	355421	0	53873	48000
964	42	4	39	354323	0	53873	48000
992	62	2	60	352811	0	53873	48000
1014	55	7	60	351263	0	53873	48000
1015	35	1	29	349544	0	53873	48000
1025	43	7	49	349751	0	53873	48000
1025	33	8	34	349949	0	53873	48000
1044	52	7	51	350246	0	53873	48000
1053	44	6	43	351092	0	53873	48000
1061	40	3	37	351335	0	53873	48000
1075	48	7	52	351947	0	53873	48000
1086	45	4	42	351812	0	53873	48000
1103	50	4	50	351722	0	53877	48004
1134	64	4	64	351452	0	53876	48003
1141	41	4	41	351830	0	53875	48002
1152	45	6	47	351650	0	53874	48001
1143	57	2	53	351749	0	53876	48003
1139	61	4	63	351767	0	53874	48001
1259	21	4	21	352001	0	53877	48004
1174	81	3	80	351524	0	53876	48003
1296	22	6	25	351677	0	53875	48002

1209	80	1	75	351245	0	53874	48001
1328	20	6	25	351938	0	53877	48004
1293	31	6	31	351533	0	53875	48002
1284	91	5	90	350786	0	53876	48003
1323	5	8	8	350876	0	53877	48004
1288	65	2	59	350543	0	53874	48001
1346	26	3	27	350750	0	53875	48002
1317	71	5	73	349913	0	53876	48003
1393	41	8	44	350165	0	53877	48004
1332	39	8	39	350156	0	53874	48001
1359	94	5	91	349733	0	53876	48003
1483	25	3	23	349958	0	53875	48002
1428	12	12	21	350030	0	53877	48004
1389	61	3	52	350624	0	53874	48001
1461	39	5	41	350021	0	53875	48002
1426	64	8	67	352001	0	53876	48003
1476	17	9	18	350885	0	53877	48004
1445	68	1	60	352721	0	53874	48001
1454	77	5	81	353747	0	53876	48003
1561	7	7	9	352316	0	53875	48002
1515	19	2	14	353027	0	53877	48004
1474	60	10	68	354728	0	53874	48001

1550	42	8	40	353909	0	53875	48002
1493	43	7	42	354728	0	53876	48003
1572	47	3	43	354692	0	53877	48004
1517	45	7	49	354989	0	53874	48001
1534	83	5	81	355259	0	53876	48003
1652	17	7	19	354782	0	53875	48002
1617	32	10	35	355070	0	53877	48004
1579	62	3	55	355142	0	53874	48001
1602	91	6	94	355097	0	53876	48003
1717	15	6	15	355070	0	53875	48002
1674	22	2	18	355187	0	53877	48004
1630	57	8	63	354971	0	53874	48001
1644	81	7	80	354674	0	53876	48003
1752	7	8	8	355142	0	53875	48002
1708	24	5	21	354944	0	53877	48004
1669	61	7	63	354800	0	53874	48001
1687	83	4	80	354566	0	53876	48003
1793	7	6	9	354854	0	53875	48002
1738	11	6	11	355160	0	53877	48004
1701	31	7	32	355115	0	53875	48002
1713	46	10	49	355079	0	53877	48004
1719	37	8	35	355070	0	53876	48003
1724	39	0	31	355007	0	53874	48001

1730	39	3	42	355196	0	53873	48000
1738	41	3	41	354953	0	53873	48000
1740	37	5	39	355043	0	53873	48000
1758	50	2	47	355295	0	53873	48000
1769	45	6	49	354980	0	53873	48000
1775	40	6	40	355259	0	53873	48000
1789	47	4	45	355376	0	53873	48000
1788	32	3	31	355133	0	53873	48000
1801	46	6	49	355520	0	53873	48000
1825	57	4	55	355133	0	53873	48000
1831	39	6	41	355295	0	53873	48000
1838	41	3	38	355484	0	53873	48000
1857	52	7	56	355556	0	53873	48000
1876	52	2	47	355088	0	53873	48000
1887	46	6	50	355070	0	53873	48000
1896	41	3	38	355349	0	53873	48000
1906	43	4	44	355196	0	53873	48000
1919	47	9	52	355259	0	53873	48000
1944	58	7	56	355457	0	53873	48000
1946	36	3	32	355232	0	53873	48000
1948	39	2	38	355367	0	53873	48000
1960	42	7	47	355331	0	53873	48000
1988	60	6	59	355070	0	53873	48000

1996	42	12	48	355547	0	53873	48000
1997	34	7	29	355097	0	53873	48000
2003	39	4	36	355277	0	53873	48000
2024	56	3	55	355097	0	53873	48000
2066	74	1	72	355547	0	53873	48000
2063	32	4	35	355574	0	53873	48000
2080	50	6	52	355241	0	53873	48000
2098	50	8	52	355268	0	53873	48000
2115	51	3	46	355115	0	53873	48000
2144	62	6	65	355601	0	53873	48000
2142	31	4	29	355817	0	53873	48000
2150	41	3	40	355178	0	53873	48000
2161	46	2	45	355520	0	53873	48000
2177	48	4	50	355358	0	53873	48000
2196	52	11	59	355385	0	53873	48000
2224	63	11	63	355664	0	53873	48000
2237	45	4	38	355241	0	53873	48000
2256	52	6	54	355358	0	53873	48000
2272	51	13	58	355547	0	53873	48000
2295	55	7	49	355556	0	53873	48000

2309	47	5	45	355511	0	53873	48000
2312	37	5	37	355601	0	53873	48000
2323	44	6	45	355295	0	53873	48000
2328	38	5	37	355403	0	53873	48000
2335	41	10	46	355421	0	53873	48000
2345	43	8	41	355322	0	53873	48000
2366	54	4	50	355493	0	53873	48000
2382	51	11	58	355817	0	53873	48000
2391	41	3	33	355376	0	53873	48000
2408	50	3	50	355745	0	53873	48000
2427	53	0	50	355736	0	53873	48000
2434	40	7	47	355799	0	53873	48000
2437	37	9	39	355547	0	53873	48000
2445	42	8	41	355862	0	53873	48000
2455	42	7	41	355754	0	53873	48000
2465	43	2	38	356375	0	53873	48000
2468	38	4	40	355808	0	53873	48000
2481	45	7	48	355709	0	53873	48000
2496	49	6	48	355799	0	53873	48000
2440	78	11	83	355655	0	53877	48004
2450	43	2	34	355583	0	53876	48003
2459	41	3	42	355520	0	53875	48002

2471	46	6	49	355520	0	53874	48001
2493	55	6	55	355331	0	53877	48004
2501	41	8	43	355106	0	53876	48003
2554	121	4	117	355277	0	53874	48001
2521	34	8	38	355016	0	53876	48003
2934	13	3	8	355583	0	53873	48000
2951	50	8	55	355754	0	53873	48000
2652	34	8	34	355115	1	53877	48004
2724	6	10	8	355340	0	53875	48002
2597	105	7	102	355313	0	53876	48003
2687	23	9	25	355079	0	53874	48001
2687	35	4	30	354989	0	53877	48004
2772	17	4	17	355160	0	53875	48002
2673	34	8	38	355178	0	53875	48002
2684	45	7	44	355232	0	53874	48001
2696	45	4	42	355448	0	53877	48004
2708	45	3	44	355214	0	53876	48003
2663	90	4	91	355259	0	53876	48003
2781	50	1	47	355241	0	53874	48001
2786	38	9	46	355466	0	53877	48004
2864	13	6	10	355223	0	53875	48002
2715	84	8	86	355475	0	53876	48003

2828	46	8	46	355673	0	53874	48001
2849	55	6	53	355520	0	53877	48004
2746	62	0	56	355160	0	53876	48003
2984	5	3	8	355610	0	53875	48002
2842	26	3	26	355187	0	53874	48001
2876	66	6	69	355430	0	53877	48004
2964	22	1	17	355394	0	53875	48002
2830	100	10	109	355205	0	53876	48003
2924	26	6	22	355349	0	53874	48001
2942	51	4	49	355061	0	53877	48004
3014	6	8	10	354980	0	53875	48002
2899	51	7	50	355133	0	53874	48001
2914	82	5	80	355115	0	53876	48003
2992	45	4	44	355115	0	53877	48004
3081	22	4	22	355187	0	53875	48002
2940	92	8	96	355016	0	53876	48003
3027	22	1	15	355196	0	53874	48001
3016	22	3	24	355232	0	53877	48004
2965	117	5	119	355016	0	53876	48003
3050	17	4	16	354809	0	53874	48001
3038	21	7	24	354782	1	53877	48004
3241	3	14	10	355160	0	53875	48002
3146	39	2	27	354917	0	53875	48002

2999	85	5	88	355367	0	53876	48003
3084	18	3	16	355043	0	53874	48001
3084	34	5	36	354773	0	53877	48004
3195	44	7	46	355133	0	53875	48002
3067	39	9	41	354809	0	53874	48001
3074	40	6	37	354989	0	53877	48004
3086	45	6	45	354926	0	53876	48003
3223	37	6	37	355133	0	53875	48002
3098	110	1	105	354701	0	53876	48003
3173	8	4	11	354899	0	53874	48001
3156	15	5	16	354872	0	53877	48004
3250	29	3	27	354620	0	53875	48002
3131	47	8	52	354764	0	53874	48001
3142	77	8	77	354674	0	53876	48003
3188	14	3	9	354863	0	53877	48004
3298	43	7	47	354962	0	53875	48002
3173	107	4	104	354593	0	53876	48003
3246	7	3	6	354953	0	53874	48001
3228	15	4	16	354575	0	53877	48004
3331	36	9	41	355124	0	53875	48002
3195	98	4	93	354098	0	53876	48003
3279	17	3	16	354539	0	53874	48001
3264	19	7	23	354089	0	53877	48004
3360	30	5	28	354836	0	53875	48002

3244	117	4	116	354080	0	53876	48003
3329	18	8	22	353927	0	53874	48001
3308	13	3	8	353144	0	53877	48004
3412	36	1	34	353585	0	53875	48002
3300	122	1	122	348275	0	53876	48003
3377	11	6	16	351578	0	53874	48001
3376	32	4	30	350768	0	53877	48004
3479	35	11	42	353522	0	53875	48002
3377	134	3	126	321959	0	53876	48003
3477	33	7	37	350363	1	53874	48001
3450	5	10	8	336809	0	53877	48004
3537	21	4	15	350129	0	53875	48002
3422	117	4	117	310808	0	53876	48003
3498	9	3	8	308549	0	53874	48001
3300	37	5	39	295823	0	53876	48003
3292	24	4	23	289064	0	53873	48000
3298	39	1	36	283043	0	53873	48000
3297	33	2	34	277508	0	53873	48000
3310	46	8	52	274160	0	53873	48000
3304	27	3	22	271721	0	53873	48000
3733	63	1	61	309125	0	53877	48004
3638	38	0	37	307406	0	53877	48004

3852	15	2	17	313454	0	53875	48002
3702	16	4	18	311429	0	53874	48001
3760	24	0	20	311627	0	53875	48002
3432	6	1	7	270083	0	53873	48000
3426	27	0	26	269777	0	53873	48000
3419	27	4	31	270398	0	53873	48000
3426	41	4	41	271451	0	53873	48000
3431	37	9	42	273287	0	53873	48000
3434	36	7	34	275195	0	53873	48000
3452	53	4	50	277490	0	53873	48000
3438	19	5	20	279767	0	53873	48000
3463	58	10	63	282755	0	53873	48000
3453	24	2	16	287912	0	53873	48000
3441	21	8	27	292016	0	53873	48000
3472	63	8	63	296984	0	53873	48000
3456	18	4	14	301799	0	53873	48000
3451	28	8	32	305048	0	53873	48000
3456	38	6	36	309008	0	53873	48000
3460	38	4	36	317810	0	53873	48000
3468	41	4	41	320447	0	53873	48000
3475	40	4	40	321698	0	53873	48000
3478	38	10	44	322643	0	53873	48000
3486	40	7	37	326486	0	53873	48000
3494	41	7	41	330410	0	53873	48000
3502	43	5	41	333704	0	53873	48000
3507	37	2	34	339347	0	53873	48000
3518	45	1	44	340004	0	53873	48000
3513	29	2	30	342164	0	53873	48000
3535	55	8	61	344792	0	53873	48000

3555	53	4	49	346682	0	53873	48000
3573	51	9	56	349382	0	53873	48000
3589	50	9	50	348446	0	53873	48000
3615	59	6	56	349013	0	53873	48000
3622	41	1	36	348986	0	53873	48000
3634	45	3	47	347294	0	53873	48000
3647	45	4	46	346700	0	53873	48000
3683	70	6	72	347411	0	53873	48000
3697	47	9	50	346502	0	53873	48000
3727	63	4	58	345908	0	53873	48000
3766	73	2	71	347186	0	53873	48000
3775	42	4	44	349373	0	53873	48000
3791	49	1	46	348671	0	53873	48000
3852	96	7	102	348536	0	53873	48000
3879	59	9	61	348293	0	53873	48000
3880	34	4	29	347465	0	53873	48000
3894	49	7	52	346169	0	53873	48000
3908	46	8	47	345386	0	53873	48000
3919	44	8	44	345296	0	53873	48000

3923	39	8	39	345593	0	53873	48000
3993	102	7	101	344306	0	53873	48000
4004	46	2	41	345071	0	53873	48000
4017	45	6	49	344234	0	53873	48000
4031	48	3	45	344072	0	53873	48000
4062	64	4	65	344045	0	53873	48000
4127	98	4	98	343280	0	53873	48000
4133	39	10	45	341606	0	53873	48000
4138	38	3	31	342173	0	53873	48000
4148	45	6	48	342875	0	53873	48000
4173	57	8	59	342857	0	53873	48000
4210	70	8	70	342164	0	53873	48000
4219	44	4	40	342434	0	53873	48000
4280	93	6	95	342155	0	53873	48000
4297	51	4	49	341516	0	53873	48000
4306	43	4	43	342092	0	53873	48000
4317	44	4	44	341318	0	53873	48000

4362	78	7	81	341723	0	53873	48000
4403	75	5	73	343559	0	53873	48000
4420	49	4	48	343685	0	53873	48000
4433	46	3	45	344135	0	53873	48000
4441	43	7	47	343739	0	53873	48000
4474	65	7	65	345053	0	53873	48000
4525	84	7	84	345125	0	53873	48000
4557	67	3	63	345728	0	53873	48000
4563	38	7	42	345818	0	53873	48000
4574	45	8	46	345629	0	53873	48000
4587	46	2	40	345899	0	53873	48000
4599	45	4	47	346457	0	53873	48000
4607	41	3	40	346061	0	53873	48000
4609	36	5	38	345953	0	53873	48000
4621	45	8	48	346124	0	53873	48000
4634	46	6	44	346196	0	53873	48000
4636	37	7	38	346403	0	53873	48000
4653	49	2	44	345629	0	53873	48000
4659	39	9	46	343991	0	53873	48000
4679	55	5	51	342191	0	53873	48000

4686	40	1	36	342281	0	53873	48000
4712	59	4	62	343766	0	53873	48000
4721	43	3	42	343190	0	53873	48000
4758	69	7	73	342290	0	53873	48000
4789	64	5	62	342641	0	53873	48000
4782	27	8	30	342686	0	53873	48000
4792	43	10	45	341651	0	53873	48000
4796	37	1	28	340661	0	53873	48000
4801	40	1	40	339617	0	53873	48000
4807	39	4	42	339077	0	53873	48000
4826	52	9	57	339500	0	53873	48000
4837	45	4	40	339293	0	53873	48000
4841	36	3	35	338645	0	53873	48000
4848	41	4	42	337160	0	53873	48000
4848	34	3	33	335486	0	53873	48000
4854	38	3	38	334766	0	53873	48000
4866	46	2	45	334820	0	53873	48000
4859	27	5	30	334244	0	53873	48000
4860	34	4	33	335567	0	53877	48004
4863	35	8	39	335360	0	53876	48003
4875	47	8	47	334325	0	53875	48002
4886	43	3	38	333011	0	53874	48001
4900	47	2	46	330491	0	53877	48004

4908	43	1	42	328655	0	53876	48003
4913	37	5	41	325631	0	53875	48002
4923	44	5	44	318431	0	53874	48001
4924	35	5	35	309566	0	53877	48004
4956	65	7	67	303041	0	53876	48003
4944	55	8	56	288389	0	53874	48001
4913	34	3	29	280811	0	53876	48003
4999	53	9	59	283313	0	53877	48004
4855	24	5	20	275105	0	53876	48003
5111	22	4	21	294725	0	53875	48002
4995	50	8	54	275474	0	53874	48001
5005	43	9	44	275996	0	53877	48004
4880	42	4	37	277571	0	53876	48003
5122	9	3	8	278210	0	53875	48002
5001	45	9	51	275969	0	53874	48001
5016	49	3	43	276707	0	53877	48004
4922	72	5	74	279938	1	53876	48003
5155	1	10	6	275663	0	53875	48002
5029	41	5	36	278363	0	53874	48001
5021	24	5	24	279263	0	53877	48004
5106	18	2	15	277958	0	53875	48002
4986	47	3	48	280199	0	53874	48001
4988	36	8	41	280622	0	53877	48004
4992	38	8	38	281108	0	53876	48003
5114	22	11	25	280091	0	53875	48002
4984	70	7	66	281792	0	53877	48004

4998	47	5	45	282422	0	53876	48003
5088	23	3	21	281414	0	53874	48001
4998	43	5	45	283097	0	53874	48001
5000	36	12	43	283088	0	53877	48004
4992	25	2	15	283241	0	53876	48003
5227	2	9	9	281108	0	53875	48002
4976	115	4	110	283457	0	53876	48003
5215	6	6	8	283160	0	53875	48002
5074	25	6	25	283439	1	53874	48001
5045	4	7	5	283817	0	53877	48004
5135	24	9	26	283142	0	53875	48002
4990	88	6	85	284015	0	53876	48003
5065	8	4	6	283817	0	53874	48001
5043	12	8	16	284015	0	53877	48004
5134	24	4	20	283799	0	53875	48002
5015	48	4	48	283970	0	53874	48001
5011	29	7	32	283511	0	53877	48004
5006	28	4	25	284069	0	53876	48003
4997	59	4	59	284384	0	53874	48001
5008	44	8	48	284717	0	53877	48004
5015	41	4	37	284546	0	53876	48003
5256	6	6	8	284249	0	53875	48002
5001	112	5	111	284249	0	53876	48003
5083	15	6	16	284330	1	53874	48001
5050	3	13	10	284321	1	53877	48004
5257	6	14	7	284375	0	53875	48002
5158	33	2	21	284204	0	53875	48002
5006	81	6	85	285050	0	53876	48003
5093	22	4	20	284312	0	53874	48001
5068	11	6	13	284996	0	53877	48004

5162	23	9	26	284528	0	53875	48002
5019	24	3	18	285014	0	53874	48001
5032	46	4	47	285068	0	53877	48004
5028	31	8	35	285140	0	53876	48003
5159	30	4	26	285032	0	53875	48002
5025	33	7	36	285194	0	53874	48001
5026	34	3	30	285005	0	53877	48004
5020	28	4	29	284942	0	53876	48003
5153	33	7	36	285482	0	53875	48002
5016	96	3	92	284960	0	53876	48003
5086	4	7	8	285230	0	53874	48001
5060	7	7	7	285131	0	53877	48004
5169	42	6	41	284690	0	53875	48002
5025	90	4	88	283511	0	53876	48003
5104	12	7	15	284384	1	53874	48001
5074	3	14	10	284258	0	53877	48004
5176	36	3	25	284888	0	53875	48002
5035	24	4	25	283826	0	53874	48001
5043	75	4	75	283259	0	53876	48003
5080	4	10	10	283529	0	53877	48004
5175	29	8	27	283916	0	53875	48002
5026	84	4	80	282377	0	53876	48003
5097	4	11	11	282854	1	53874	48001
5069	5	11	5	282422	0	53877	48004
5161	25	3	17	283133	0	53875	48002
5033	40	6	43	281990	0	53874	48001
5031	31	8	33	281522	0	53877	48004
5025	28	5	25	280919	0	53876	48003
5158	33	7	35	282413	0	53875	48002

5023	65	4	62	281315	0	53877	48004
5041	51	5	52	281963	0	53876	48003
5116	8	4	7	281270	0	53874	48001
5182	33	3	32	281234	0	53875	48002
5040	57	7	61	286490	0	53877	48004
5037	31	4	28	289703	0	53876	48003
5108	5	4	5	284078	0	53874	48001
5175	33	6	35	282638	0	53875	48002
5048	72	4	70	297191	0	53877	48004
5063	50	4	50	299468	0	53876	48003
5141	10	4	10	294464	0	53874	48001
5209	35	4	35	292097	0	53875	48002
5098	122	5	123	304112	0	53876	48003
5174	10	6	11	302636	0	53874	48001
5147	6	6	6	303032	0	53877	48004
5236	23	2	19	301610	0	53875	48002
5103	99	2	99	307640	0	53876	48003
5177	8	4	10	304112	0	53874	48001
5149	5	7	8	305174	0	53877	48004
5250	35	4	32	303185	0	53875	48002
5095	79	11	86	326333	0	53876	48003
5184	21	2	12	316919	0	53874	48001
5159	8	5	11	322211	0	53877	48004
5260	35	3	33	311195	0	53875	48002
5128	102	3	102	331805	0	53876	48003
5190	29	5	31	330743	0	53877	48004
5230	6	8	9	331904	0	53874	48001

5130	99	3	94	331409	0	53876	48003
5208	45	4	46	330284	0	53877	48004
5246	5	4	5	330023	0	53874	48001
5416	4	8	8	331337	0	53875	48002
5165	116	5	113	333884	0	53876	48003
5229	29	7	31	334631	0	53877	48004
5272	10	2	5	334613	0	53874	48001
5442	4	7	9	331382	0	53875	48002
5207	131	4	128	335756	0	53876	48003
5250	11	4	11	334991	0	53877	48004
5302	18	6	20	334307	0	53874	48001
5478	10	7	11	333596	0	53875	48002
5256	77	8	78	337376	0	53874	48001
5269	47	3	42	336152	0	53877	48004
5266	29	4	30	335900	0	53876	48003
5509	10	7	13	333875	0	53875	48002
5429	53	3	49	336773	0	53875	48002
5310	49	9	55	335828	0	53874	48001
5323	45	9	45	335423	0	53877	48004
5327	39	6	36	335036	0	53876	48003
5330	69	3	66	334883	0	53874	48001
5336	40	4	41	334541	0	53877	48004
5339	35	3	34	333875	0	53876	48003
5582	11	3	11	335099	0	53875	48002

5349	66	3	66	333434	0	53874	48001
5356	40	10	47	332273	0	53877	48004
5367	44	8	42	331544	0	53876	48003
5611	12	5	9	335621	0	53875	48002
5366	122	4	121	330959	0	53876	48003
5478	45	10	51	334766	1	53874	48001
5451	6	15	11	334253	1	53877	48004
5660	8	15	8	333560	0	53875	48002
5552	26	2	13	332912	0	53875	48002
5449	63	0	61	331850	0	53874	48001
5448	34	9	43	332570	0	53877	48004
5447	32	9	32	335954	0	53876	48003
5442	62	4	57	333713	0	53874	48001
5451	42	7	45	331031	0	53877	48004
5459	40	4	37	327809	0	53876	48003
5695	4	7	7	331211	0	53875	48002
5471	75	8	76	328727	0	53874	48001
5475	39	4	35	330824	0	53877	48004
5680	4	10	10	337268	0	53875	48002
5530	116	6	112	330248	0	53876	48003
5512	49	10	53	327242	0	53873	48000
5514	36	7	33	327350	0	53873	48000
5507	26	7	26	326783	0	53873	48000

5526	52	1	46	326792	0	53873	48000
5529	36	4	39	327287	0	53873	48000
5538	42	2	40	327476	0	53873	48000
5939	36	4	38	327467	0	53875	48002
5806	32	6	34	328547	1	53874	48001
5873	2	13	9	332327	0	53877	48004
5598	25	6	18	328268	0	53873	48000
5615	50	9	53	328151	0	53873	48000
5615	33	4	28	328655	0	53873	48000
5621	40	4	40	328763	0	53873	48000
5617	29	9	34	328817	0	53873	48000
5636	52	3	46	328880	0	53873	48000
5638	36	6	39	329609	0	53873	48000
5648	43	5	42	329816	0	53873	48000
5655	40	3	38	329825	0	53873	48000
5664	44	3	44	329942	0	53873	48000
5660	28	10	35	330212	0	53873	48000
5676	49	7	46	330365	0	53873	48000
5677	35	4	32	330293	0	53873	48000
5684	40	10	46	330572	0	53873	48000
5692	40	0	30	330014	0	53873	48000
5705	48	1	49	330050	0	53873	48000
5712	39	9	47	329807	0	53873	48000
5711	34	2	27	329753	0	53873	48000
5711	33	10	41	329753	0	53873	48000
5715	37	8	35	329870	0	53873	48000
5733	51	10	53	329636	0	53873	48000

5737	38	4	32	329708	0	53873	48000
5738	33	8	37	329555	0	53873	48000
5746	41	4	37	329600	0	53873	48000
5756	45	5	46	329213	0	53873	48000
5760	37	0	32	329429	0	53873	48000
5765	37	4	41	329420	0	53873	48000
5764	33	3	32	329429	0	53873	48000
5778	47	9	53	329348	0	53873	48000
5772	27	4	22	329123	0	53873	48000
5778	40	4	40	329321	0	53873	48000
5785	41	5	42	329204	0	53873	48000
5790	38	1	34	328826	0	53873	48000
5805	48	7	54	328781	0	53873	48000
5824	53	2	48	328286	0	53873	48000
5829	37	3	38	328106	0	53873	48000
5833	39	8	44	328034	0	53873	48000
5843	43	5	40	327998	0	53873	48000
5844	33	9	37	328151	0	53873	48000
5854	45	4	40	327926	0	53873	48000
5850	29	4	29	328169	0	53873	48000
5860	43	8	47	328421	0	53873	48000
5862	36	8	36	328376	0	53873	48000
5879	49	4	45	328457	0	53873	48000
5898	52	6	54	327971	0	53873	48000
5917	54	9	57	328016	0	53873	48000

5936	52	5	48	327512	0	53873	48000
5957	54	10	59	327377	0	53873	48000
5972	49	4	43	327377	0	53873	48000
5979	39	2	37	326945	0	53873	48000
5992	47	2	47	326603	0	53873	48000
5994	36	9	43	326117	0	53873	48000
6010	49	6	46	325928	0	53873	48000
6016	39	6	39	325505	0	53873	48000
6017	34	7	35	325532	0	53873	48000
6025	41	2	36	325451	0	53873	48000
6039	47	2	47	325289	0	53873	48000
6048	43	2	43	324875	0	53873	48000
6045	30	8	36	324848	0	53873	48000
6049	37	3	32	324632	0	53873	48000
6054	40	7	44	323849	0	53873	48000
6055	34	5	32	323615	0	53873	48000
6059	36	1	32	323372	0	53873	48000
6077	53	10	62	323291	0	53873	48000
6094	49	1	40	323012	0	53873	48000
6092	32	7	38	323075	0	53873	48000
6101	43	9	45	322715	0	53873	48000
6161	93	2	86	322094	0	53873	48000

6182	54	4	56	321725	0	53873	48000
6205	57	5	58	321311	0	53873	48000
6210	38	9	42	320708	0	53873	48000
6231	54	7	52	320717	0	53873	48000
6224	26	7	26	320942	0	53873	48000
6235	44	10	47	321041	0	53873	48000
6247	45	3	38	321617	0	53873	48000
6247	34	7	38	321788	0	53873	48000
6249	35	9	37	322229	0	53873	48000
6264	50	8	49	323363	0	53873	48000
6345	113	10	115	324146	0	53873	48000
6371	59	6	55	325145	0	53873	48000
6379	41	3	38	325892	0	53873	48000
6390	45	10	52	326855	0	53873	48000
6382	26	3	19	327944	0	53873	48000
6402	52	8	57	328556	0	53873	48000
6410	43	8	43	329159	0	53873	48000
6413	36	1	29	329474	0	53873	48000
6435	55	7	61	329519	0	53873	48000
6440	39	4	36	330140	0	53873	48000
6453	46	6	48	329762	0	53873	48000

6468	48	10	52	330140	0	53873	48000
6476	42	8	40	329951	0	53873	48000
6493	50	3	45	329825	0	53873	48000
6503	43	8	48	329330	0	53873	48000
6513	44	7	43	329096	0	53873	48000
6513	33	5	31	329222	0	53873	48000
6527	46	9	50	328997	0	53873	48000
6546	53	4	48	328466	0	53873	48000
6549	36	8	40	328196	0	53873	48000
6567	51	7	50	327773	0	53873	48000
6570	37	4	34	327854	0	53873	48000
6589	52	9	57	327719	0	53873	48000
6590	35	4	30	327836	0	53873	48000
6607	50	8	54	327521	0	53873	48000
6621	47	3	42	327053	0	53873	48000
6617	29	3	29	326918	0	53873	48000
6641	59	4	60	326900	0	53873	48000
6647	39	9	44	326783	0	53873	48000
6655	43	7	41	326450	0	53873	48000
6657	37	2	32	326000	0	53873	48000
6662	35	4	37	325937	0	53873	48000
6676	46	1	43	325964	0	53873	48000
6683	42	4	45	325640	0	53873	48000
6688	38	4	38	325550	0	53873	48000

6704	49	7	52	325388	0	53873	48000
6704	34	7	34	325433	0	53873	48000
6709	37	4	34	325640	0	53873	48000
6719	44	1	41	325676	0	53873	48000
6721	35	4	38	325622	0	53873	48000
6746	58	9	63	326099	0	53873	48000
6742	29	3	23	325721	0	53873	48000
6744	37	9	43	326090	0	53873	48000
6748	36	7	34	325892	0	53873	48000
6747	33	7	33	326072	0	53873	48000
6761	47	10	50	325937	0	53873	48000
6789	62	5	57	326117	0	53873	48000
6799	42	7	44	326450	0	53873	48000
6815	51	5	49	326288	0	53873	48000
6823	41	9	45	326180	0	53873	48000
6833	42	8	41	326333	0	53873	48000
6841	43	7	42	326423	0	53873	48000
6849	41	3	37	326567	0	53873	48000
6875	59	3	59	326603	0	53873	48000
6885	45	9	51	326324	0	53873	48000
6889	37	6	34	326072	0	53873	48000
6896	40	10	44	325847	0	53873	48000
6926	63	3	56	325928	0	53873	48000

6941	48	8	53	325991	0	53873	48000
6942	35	5	32	325523	0	53873	48000
6949	39	10	44	325631	0	53873	48000
6975	60	5	55	325658	0	53873	48000
6966	24	4	23	325172	0	53873	48000
6975	43	0	39	324749	0	53873	48000
6975	32	4	36	324128	0	53873	48000
6979	38	1	35	322382	0	53873	48000
6978	32	4	35	320096	0	53873	48000
6990	46	7	49	317891	0	53873	48000
6998	41	11	45	316118	0	53873	48000
7014	49	9	47	315452	0	53873	48000
7021	41	6	38	314966	0	53873	48000
7024	35	7	36	314534	0	53873	48000
7030	41	3	37	314660	0	53873	48000
7036	39	5	41	314444	0	53873	48000
7042	39	8	42	314489	0	53873	48000
7045	37	2	31	314300	0	53873	48000
7051	39	3	40	314498	0	53873	48000
7054	36	6	39	314309	0	53873	48000
7064	44	7	45	314300	0	53873	48000
7074	43	4	40	314462	0	53873	48000
7073	32	7	35	314408	0	53873	48000
7074	35	8	36	313931	0	53873	48000

6911	70	10	72	314687	0	53877	48004
6920	43	10	43	315173	0	53876	48003
6919	32	4	26	315542	0	53875	48002
6918	31	4	31	315578	0	53874	48001
6935	50	8	54	315794	0	53877	48004
6932	31	6	29	316037	0	53876	48003
6933	35	11	40	316136	0	53875	48002
6942	42	4	35	316496	0	53874	48001
6946	38	8	42	317036	0	53877	48004
6959	45	5	42	317045	0	53876	48003
6961	36	4	35	317450	0	53875	48002
6970	43	2	41	317495	0	53874	48001
6993	56	6	60	316838	0	53877	48004
7006	46	9	49	316820	0	53876	48003
7664	25	7	23	314291	0	53873	48000
7666	36	7	36	314408	0	53873	48000
7668	36	6	35	314300	0	53873	48000
7685	49	4	47	314291	0	53873	48000
7684	33	4	33	314309	0	53873	48000
7123	38	7	41	316883	0	53877	48004
7129	40	8	41	316721	0	53876	48003
7265	36	1	29	316658	0	53875	48002
7247	15	4	18	317027	0	53874	48001
7139	59	8	63	316973	0	53877	48004
7143	38	5	35	316586	0	53876	48003
7280	36	2	33	316865	0	53875	48002
7266	19	6	23	316694	0	53874	48001

7163	66	5	65	316811	0	53877	48004
7168	40	5	40	317090	0	53876	48003
7314	44	0	39	316559	0	53875	48002
7299	18	4	22	316505	0	53874	48001
7173	73	11	80	317630	0	53876	48003
7244	37	3	29	317810	0	53877	48004
7302	25	5	27	317693	0	53874	48001
7360	26	3	24	317540	0	53875	48002
7229	67	2	66	317477	0	53877	48004
7235	40	4	42	317180	0	53876	48003
7318	17	4	17	317450	0	53874	48001
7389	37	10	43	317531	0	53875	48002
7258	69	3	62	316766	0	53877	48004
7256	31	5	33	316163	0	53876	48003
7342	20	5	20	316712	0	53874	48001
7400	24	8	27	317225	0	53875	48002
7285	52	2	46	315902	0	53874	48001
7291	39	3	40	315551	0	53877	48004
7295	38	7	42	315326	0	53876	48003
7429	34	3	30	315983	0	53875	48002
7290	61	1	59	315128	0	53877	48004
7302	45	7	51	314975	0	53876	48003
7377	8	5	6	315524	0	53874	48001
7428	18	3	16	315254	0	53875	48002
7286	58	1	56	314507	0	53877	48004

7292	39	5	43	314471	0	53876	48003
7368	11	4	10	314930	0	53874	48001
7434	31	5	32	314840	0	53875	48002
7311	77	0	72	314111	0	53877	48004
7321	43	3	46	314552	0	53876	48003
7400	14	4	15	314462	0	53874	48001
7460	28	4	28	314543	0	53875	48002
7324	61	2	59	314714	0	53877	48004
7343	52	7	57	314489	0	53876	48003
7435	26	4	23	314624	0	53874	48001
7494	26	8	30	314615	0	53875	48002
7356	62	7	61	314615	0	53877	48004
7371	47	2	42	314687	0	53876	48003
7457	20	6	24	314921	0	53874	48001
7514	24	3	21	314777	0	53875	48002
7391	77	8	82	314966	0	53877	48004
7390	33	3	28	314885	0	53876	48003
7470	13	4	14	314903	0	53874	48001
7528	25	0	21	314984	0	53875	48002
7407	80	6	86	315533	0	53877	48004
7418	43	7	44	315713	0	53876	48003
7505	20	5	18	314975	0	53874	48001
7565	27	8	30	314939	0	53875	48002
7441	75	3	70	316217	0	53877	48004
7441	34	4	35	316334	0	53876	48003
7525	18	4	18	316298	0	53874	48001
7579	20	6	22	316037	0	53875	48002

7452	72	10	76	316487	0	53877	48004
7458	41	5	36	316685	0	53876	48003
7534	9	7	11	316712	0	53874	48001
7579	12	4	9	316442	0	53875	48002
7462	83	2	81	316487	0	53877	48004
7469	40	7	45	316784	0	53876	48003
7554	17	4	14	316253	0	53874	48001
7599	12	8	16	316343	0	53875	48002
7492	94	10	96	316946	0	53877	48004
7497	37	6	33	317009	0	53876	48003
7571	9	4	7	317243	0	53874	48001
7620	15	4	15	316883	0	53875	48002
7506	85	8	89	316946	0	53877	48004
7506	35	1	28	317459	0	53876	48003
7580	7	8	14	317126	1	53874	48001
7618	5	13	10	316928	0	53875	48002
7489	71	9	67	316973	0	53877	48004
7498	42	3	36	316910	0	53876	48003
7592	26	7	30	317090	0	53874	48001
7639	15	9	17	316829	0	53875	48002
7520	82	2	75	316442	0	53877	48004
7519	31	4	33	316523	0	53876	48003
7624	38	8	42	316820	0	53874	48001
7669	11	7	10	316802	0	53875	48002
7536	68	7	68	316541	0	53877	48004
7542	40	4	37	316361	0	53876	48003

7673	32	7	35	316487	0	53875	48002
7648	7	10	10	316352	0	53874	48001
7576	95	7	92	316568	0	53877	48004
7583	40	10	43	316694	1	53876	48003
7655	5	13	8	316325	1	53874	48001
7695	7	12	6	316406	0	53875	48002
7575	79	6	73	316865	0	53877	48004
7578	36	4	34	316730	0	53876	48003
7673	30	4	30	316712	0	53874	48001
7726	19	4	19	317018	0	53875	48002
7607	80	4	80	317225	0	53877	48004
7611	39	5	40	317153	0	53876	48003
7688	10	4	9	316784	0	53874	48001
7725	4	7	7	316586	0	53875	48002
7621	96	6	95	317549	0	53877	48004
7618	30	7	31	317612	0	53876	48003
7731	13	1	7	317522	0	53875	48002
7703	4	5	8	317360	0	53874	48001
7657	122	10	127	317711	0	53877	48004
7651	27	6	23	317063	0	53876	48003
7739	22	4	20	317594	0	53874	48001
7777	4	7	7	317468	0	53875	48002
7690	112	3	108	317135	0	53877	48004
7684	28	7	32	317144	0	53876	48003
7796	13	7	13	317243	0	53875	48002
7770	7	11	11	317027	0	53874	48001

7672	70	4	63	316757	0	53877	48004
7672	31	5	32	316676	0	53876	48003
7798	27	3	25	316973	0	53875	48002
7775	10	7	14	316721	0	53874	48001
7683	75	8	76	316559	0	53877	48004
7679	29	7	28	316658	0	53876	48003
7757	12	5	10	316802	0	53874	48001
7799	8	4	7	316685	0	53875	48002
7698	99	5	100	316883	0	53877	48004
7698	34	4	33	316793	0	53876	48003
7808	10	2	8	316802	0	53875	48002
7786	11	5	14	317072	0	53874	48001
7700	81	6	82	316712	0	53877	48004
7706	39	4	37	316820	0	53876	48003
7798	25	0	21	316766	0	53874	48001
7836	5	4	9	316901	0	53875	48002
7712	77	5	78	316631	0	53877	48004
7718	38	6	39	316982	1	53876	48003
7786	2	12	8	316631	1	53874	48001
7826	6	14	8	316883	0	53875	48002
7713	86	8	80	316748	0	53877	48004
7730	52	5	49	316937	0	53876	48003
7848	19	3	17	316721	0	53875	48002
7854	37	10	44	316406	0	53874	48001
7788	101	3	94	316991	0	53877	48004
7789	35	5	37	317036	0	53876	48003
7896	7	5	7	316874	0	53875	48002
7870	6	7	8	316685	0	53874	48001

7783	82	7	82	316793	0	53877	48004
7782	30	8	31	316883	1	53876	48003
7888	6	13	11	317009	0	53875	48002
7867	13	8	8	316883	0	53874	48001
7784	84	5	81	316424	0	53877	48004
7786	36	7	38	316406	0	53876	48003
7883	30	5	28	316712	0	53874	48001
7921	5	7	7	316541	0	53875	48002
7857	69	5	67	316568	0	53875	48002
7827	37	4	36	316424	0	53877	48004
7831	37	5	38	316253	0	53876	48003
7911	14	7	16	316334	0	53874	48001
7826	15	1	9	315956	0	53875	48002
7840	47	8	54	316523	0	53874	48001
7843	35	2	29	316181	0	53877	48004
7839	30	3	31	316235	0	53876	48003
7856	116	3	116	316325	0	53877	48004
7859	38	2	37	316469	0	53876	48003
7964	5	6	9	316487	0	53875	48002
7940	8	6	8	316505	0	53874	48001
7872	100	1	95	315974	0	53877	48004
7878	39	3	41	316163	0	53876	48003
7983	5	6	8	316082	0	53875	48002
7967	17	4	15	316082	0	53874	48001
7932	65	3	64	316082	0	53875	48002
7912	47	6	50	315938	0	53877	48004

7926	46	7	47	316208	0	53876	48003
8008	17	7	17	315902	0	53874	48001
7906	64	3	60	315263	0	53877	48004
7908	37	5	39	315767	0	53876	48003
8023	14	8	17	315560	1	53875	48002
7994	4	10	6	315641	0	53874	48001
7927	101	7	98	315920	0	53877	48004
7947	52	4	49	315758	0	53876	48003
8050	4	11	11	315515	0	53875	48002
8032	14	6	9	315686	0	53874	48001
7955	58	4	56	315749	0	53874	48001
8000	10	2	8	316073	0	53875	48002
7979	46	6	50	315803	0	53877	48004
7975	29	4	27	316091	0	53876	48003
8018	78	4	78	315812	0	53875	48002
7992	7	2	5	315668	0	53874	48001
7988	28	7	33	316028	0	53877	48004
8007	53	3	49	315587	0	53876	48003
8007	65	7	69	315623	0	53874	48001
8011	40	9	42	315488	0	53877	48004
8016	37	4	32	315515	0	53876	48003
8121	7	3	6	315938	0	53875	48002
8044	54	6	57	315461	0	53875	48002
8041	31	4	29	315686	0	53874	48001
8058	50	2	48	315461	0	53877	48004
8048	23	7	28	315533	0	53876	48003

8045	64	4	61	315254	0	53874	48001
8053	41	5	42	315371	0	53877	48004
8061	42	5	42	315596	0	53876	48003
8171	11	10	16	315380	0	53875	48002
8048	42	5	37	315704	0	53874	48001
8052	39	9	43	315434	0	53877	48004
8057	37	4	32	315353	0	53876	48003
8175	18	2	16	315722	0	53875	48002
8072	65	8	71	315677	0	53874	48001
8083	43	6	41	315263	0	53877	48004
8096	46	6	46	314912	0	53876	48003
8204	9	5	8	315677	0	53875	48002
8096	61	3	59	312788	0	53877	48004
8032	33	5	35	312113	0	53876	48003
8040	42	5	42	313616	0	53873	48000
8010	36	4	35	316046	0	53873	48000
8026	48	4	48	317135	0	53873	48000
7984	58	3	57	319493	0	53873	48000
7846	31	4	32	321356	0	53873	48000
7792	44	8	48	320861	0	53873	48000
7752	28	4	24	320816	0	53873	48000
7724	38	1	35	319844	0	53873	48000
8526	41	4	44	313607	0	53875	48002
7606	8	4	8	319115	0	53873	48000
7614	41	4	41	319394	0	53873	48000
7625	45	3	44	319295	0	53873	48000
7628	37	9	43	319205	0	53873	48000

7628	33	10	34	318962	0	53873	48000
7438	43	2	35	317990	0	53873	48000
7437	33	3	34	319277	0	53873	48000
7440	34	1	32	320717	0	53873	48000
7437	32	2	33	321590	0	53873	48000
7442	38	1	37	323669	0	53873	48000
7447	37	9	45	326288	0	53873	48000
7448	35	8	34	329186	0	53873	48000
7445	31	8	31	331634	0	53873	48000
7474	62	8	62	334487	0	53873	48000
7492	53	4	49	338438	0	53873	48000
7365	40	3	39	338897	0	53873	48000
7376	44	1	42	335036	0	53873	48000
7375	32	4	35	330590	0	53873	48000
7358	48	2	46	336215	0	53873	48000
7376	51	3	52	337043	0	53873	48000
7380	37	7	41	337880	0	53873	48000
7381	36	1	30	338906	0	53873	48000
7351	35	4	38	342794	0	53873	48000
7317	33	2	31	342848	0	53873	48000
7343	59	9	66	342848	0	53873	48000
7360	51	5	47	343613	0	53873	48000
7345	51	2	48	342776	0	53873	48000
7186	42	3	43	341957	0	53873	48000

7187	35	7	39	341264	0	53873	48000
7157	36	5	34	340355	0	53873	48000
7165	41	5	41	340382	0	53873	48000
7107	43	4	42	340076	0	53873	48000
7080	41	3	40	340463	0	53873	48000
7094	46	4	47	340337	0	53873	48000
7100	38	5	39	340355	0	53873	48000
7070	37	3	35	340013	0	53873	48000
7075	38	8	43	340544	0	53873	48000
7082	40	8	40	338960	0	53873	48000
7087	39	6	37	340310	0	53873	48000
7064	44	6	44	339482	0	53873	48000
6969	39	5	38	339995	0	53873	48000
6877	40	5	40	340085	0	53873	48000
6862	52	7	54	338645	0	53873	48000
6847	51	3	47	337826	0	53873	48000
6857	44	9	50	338051	0	53873	48000
6796	39	7	37	337718	0	53873	48000
6793	30	4	27	336899	0	53873	48000
6811	51	4	51	336854	0	53873	48000
6748	38	4	38	338186	0	53873	48000
6659	45	5	46	336656	0	53873	48000
6668	42	3	40	335297	0	53873	48000
6666	30	7	34	334883	0	53873	48000
6660	28	4	25	335432	0	53873	48000

6674	47	2	45	335378	0	53873	48000
6652	45	7	50	338276	0	53873	48000
6659	40	8	41	338789	0	53873	48000
6635	43	5	40	335162	0	53873	48000
6573	38	9	42	308513	0	53873	48000
6539	32	1	24	297731	0	53873	48000
6526	54	1	54	295733	0	53873	48000
6497	39	7	45	298055	0	53873	48000
6469	37	7	37	299972	0	53873	48000
6473	39	6	38	300260	0	53873	48000
6469	28	9	31	300044	0	53873	48000
6473	37	2	30	299657	0	53873	48000
6449	43	9	50	294392	0	53873	48000
6447	31	4	26	289784	0	53873	48000
6443	30	3	29	286058	0	53873	48000
6405	28	6	31	281252	0	53873	48000
6370	32	3	29	276212	0	53873	48000
6279	42	2	41	275474	0	53873	48000
6146	34	5	37	278543	0	53873	48000
6164	51	4	50	279425	0	53873	48000
6134	38	9	43	281846	0	53873	48000
6116	49	6	46	284420	0	53873	48000
6076	25	0	19	284312	0	53873	48000
6086	44	2	46	283628	0	53873	48000
6050	30	9	37	284177	0	53873	48000
6012	29	5	25	288236	0	53873	48000
5978	34	2	31	297119	0	53873	48000

5881	35	2	35	329438	0	53873	48000
5889	42	8	48	332840	0	53873	48000
5895	40	3	35	331238	0	53873	48000
5899	36	8	41	330086	0	53873	48000
5904	38	6	36	329375	0	53873	48000
5745	42	2	38	330824	0	53873	48000
5714	35	3	36	332255	0	53873	48000
5730	49	7	53	332714	0	53873	48000
5745	49	6	48	332912	0	53873	48000
5674	29	9	32	332759	0	53873	48000
5677	36	3	30	332534	0	53873	48000
5620	43	7	47	332462	0	53873	48000
5629	42	5	40	332822	0	53873	48000
5527	33	7	35	332003	0	53873	48000
5535	40	6	39	332003	0	53873	48000
5502	35	3	32	331796	0	53873	48000
5466	30	8	35	332948	0	53873	48000
5311	44	3	39	334901	0	53873	48000
5177	34	4	35	335747	0	53873	48000
5122	44	6	46	336206	0	53873	48000
5124	36	4	34	335306	0	53873	48000
5034	43	4	43	334118	0	53873	48000
5042	41	7	44	334928	0	53873	48000
5046	37	3	33	336620	0	53873	48000
5052	41	7	45	338096	0	53873	48000
5062	42	6	41	339005	0	53873	48000

5072	44	3	41	339536	0	53873	48000
5094	56	8	61	340094	0	53873	48000
5072	44	4	40	340607	0	53873	48000
4578	41	7	44	341453	0	53877	48004
4590	43	4	40	342380	0	53876	48003
4598	42	2	40	342848	0	53875	48002
4565	34	4	36	343091	0	53874	48001
4575	42	2	40	342407	0	53877	48004
4595	55	8	61	342767	0	53876	48003
4398	35	4	31	348338	0	53875	48002
4271	41	3	40	337250	0	53874	48001
4209	37	6	40	335297	0	53877	48004
4195	53	4	51	334037	0	53876	48003
4191	62	3	61	330086	0	53875	48002
4094	36	3	36	327737	0	53874	48001
4064	37	9	43	327782	0	53877	48004
4029	32	4	27	327926	0	53876	48003
4028	132	3	131	327251	0	53876	48003
5760	33	7	37	341471	0	53873	48000
5768	41	8	42	341669	0	53873	48000
5736	34	8	34	342740	0	53873	48000

5578	42	7	41	345188	0	53873	48000
5476	34	4	31	341489	0	53873	48000
4265	20	4	20	327575	0	53877	48004
4349	17	7	20	327818	0	53875	48002
4350	34	4	31	327584	0	53874	48001
4173	124	4	124	328322	0	53876	48003
4247	7	4	7	328142	0	53877	48004
4330	16	4	16	327746	0	53875	48002
4329	32	8	36	328043	0	53874	48001
4164	69	5	66	327197	0	53877	48004
4102	38	4	37	326846	0	53876	48003
4326	25	4	25	327863	0	53875	48002
4286	26	5	27	327467	0	53874	48001
4136	83	8	86	326180	0	53877	48004
4052	49	9	50	327008	0	53876	48003
4268	16	4	11	326342	0	53875	48002
4239	4	8	8	326540	0	53874	48001
3995	91	11	94	327179	1	53875	48002
3970	7	9	5	327188	0	53874	48001
3982	45	3	39	327485	0	53877	48004
3992	45	9	51	327233	0	53876	48003
3992	65	10	66	327350	1	53875	48002
3931	6	10	6	327062	0	53874	48001
3869	38	7	35	327215	0	53877	48004
3867	32	8	33	326585	0	53876	48003
3720	52	1	45	327368	0	53875	48002

3729	44	3	46	327593	0	53874	48001
3727	30	8	35	327233	0	53877	48004
3730	36	2	30	327512	0	53876	48003
3700	70	2	70	327494	0	53874	48001
3677	44	4	46	327332	0	53877	48004
3680	36	6	38	327350	0	53876	48003
3853	7	8	9	327179	0	53875	48002
3548	62	8	62	326459	0	53874	48001
3565	50	4	46	326369	0	53877	48004
3566	34	4	34	326603	0	53876	48003
3685	19	7	22	326594	0	53875	48002
3666	181	3	177	326306	0	53877	48004
3687	54	8	59	325838	1	53876	48003
3759	7	10	9	326198	1	53874	48001
3801	7	8	5	326270	0	53875	48002
3608	74	4	70	325955	0	53877	48004
3515	40	4	40	326108	0	53876	48003
3787	39	4	39	326009	0	53874	48001
3831	11	2	9	325847	0	53875	48002
3474	76	7	81	326225	0	53874	48001
3491	50	4	47	326027	0	53877	48004
3430	39	5	40	325973	0	53876	48003

3617	21	3	19	326162	0	53875	48002
3350	99	7	103	325901	0	53874	48001
3226	43	6	42	326297	0	53877	48004
3221	28	12	34	326513	1	53876	48003
3594	7	11	6	326108	0	53875	48002
3067	73	4	66	326144	0	53874	48001
3067	101	2	99	325757	0	53877	48004
2964	29	4	31	325910	0	53876	48003
3296	32	7	35	326495	0	53875	48002
3026	63	5	61	325712	0	53875	48002
3029	39	6	40	325658	0	53877	48004
3034	36	4	34	326054	0	53876	48003
3015	48	7	51	325748	0	53874	48001
3032	50	6	49	325991	0	53873	48000
3036	37	2	33	325604	0	53873	48000
3050	48	3	49	326171	0	53873	48000
3062	45	7	49	325919	0	53873	48000
3064	36	4	33	325865	0	53873	48000
3051	53	8	57	325604	0	53873	48000
2901	50	3	45	325982	0	53873	48000
2881	47	3	47	325883	0	53873	48000

2861	46	2	45	325676	0	53873	48000
2799	38	4	40	325424	0	53873	48000
2744	45	4	45	325586	0	53873	48000
2749	40	5	41	325505	0	53873	48000
2729	45	9	49	325658	0	53873	48000
2716	55	4	50	325640	0	53873	48000
2724	41	1	38	325685	0	53873	48000
2632	41	2	42	325748	0	53873	48000
2507	42	7	47	326063	0	53873	48000
2532	58	4	55	325919	0	53873	48000
2542	43	6	45	326207	0	53873	48000
2554	46	9	49	325892	0	53873	48000
2509	55	3	49	325478	0	53873	48000
2531	57	4	58	325973	0	53873	48000
2551	84	10	90	325451	0	53873	48000
2584	68	2	60	325523	0	53873	48000
2615	63	9	70	325433	0	53873	48000
2623	41	6	38	325226	0	53873	48000
2633	44	3	41	325442	0	53873	48000
2639	39	8	44	325730	0	53873	48000
2605	34	7	33	325361	0	53873	48000

2585	46	7	46	325640	0	53873	48000
2610	58	6	57	325622	0	53873	48000
2593	49	10	53	325370	0	53873	48000
2505	46	4	40	325892	0	53873	48000
2384	45	6	47	325694	0	53873	48000
2416	66	6	66	325469	0	53873	48000
2363	80	12	86	325397	0	53873	48000
2356	60	7	55	325424	0	53873	48000
2364	41	9	43	325721	0	53873	48000
2369	38	4	33	325622	0	53873	48000
2398	64	8	68	325766	0	53873	48000
2299	33	9	34	325856	0	53873	48000
2310	44	8	43	325946	0	53873	48000
2133	90	8	90	325235	0	53877	48004
1567	34	2	28	326198	0	53876	48003
1305	39	0	37	325892	0	53875	48002
720	47	4	51	325361	0	53874	48001
456	37	9	42	325406	0	53877	48004
422	32	4	27	325424	0	53876	48003
2589	34	9	39	325982	0	53873	48000

2537	48	8	47	325640	0	53873	48000
2515	44	8	44	325640	0	53873	48000
-201	51	1	44	324785	0	53877	48004
-544	57	9	65	324920	0	53877	48004
-601	44	7	42	324929	0	53877	48004
-650	150	7	150	324866	0	53877	48004
-666	318	7	318	325586	0	53877	48004
-662	170	5	168	325604	0	53877	48004

-668	361	12	368	324956	0	53877	48004
-662	106	4	98	324794	0	53877	48004
-677	451	5	452	324443	0	53877	48004

-663	282	4	281	324596	0	53877	48004
-682	180	8	184	324506	0	53877	48004
-659	56	9	57	324569	0	53877	48004
-659	167	8	166	324641	0	53877	48004
-685	108	10	110	324425	0	53877	48004

-656	696	5	691	324479	0	53877	48004
-661	727	4	726	324560	0	53877	48004

-650	746	1	743	324776	0	53877	48004
-634	49	4	52	324992	0	53876	48003

-702	432	6	434	323849	0	53877	48004
-687	149	4	147	324281	0	53877	48004

-669	1251	4	1251	332615	0	53877	48004
-686	149	11	156	324785	0	53877	48004

-679	341	7	337	323381	0	53877	48004
-653	159	4	156	321446	0	53877	48004
-681	538	8	542	307433	0	53877	48004

-689	626	8	626	295283	0	53877	48004

-672	1049	5	1046	301718	0	53877	48004
-671	201	5	201	298082	0	53877	48004

-643	1764	8	1767	373907	0	53877	48004
-665	210	6	208	365249	0	53877	48004
-657	75	6	75	371180	0	53877	48004
-652	171	8	173	401276	0	53877	48004

-657	362	1	355	367301	0	53877	48004
-665	459	4	462	345296	0	53877	48004
-633	66	4	66	347312	0	53877	48004
-615	51	4	51	349544	0	53876	48003
-662	152	9	157	360299	0	53877	48004

-660	169	9	169	356969	0	53877	48004
-699	61	4	56	351416	0	53877	48004
-700	367	8	371	341516	0	53877	48004
-677	55	11	58	341678	0	53877	48004
-639	173	6	168	346304	0	53877	48004
-638	33	5	32	348158	0	53876	48003
-636	68	4	67	348392	0	53877	48004
-667	69	8	73	352523	0	53877	48004

-675	160	9	161	351128	0	53877	48004
-689	153	5	149	344216	0	53877	48004
-667	54	10	59	343046	0	53877	48004
-663	37	5	32	342443	0	53876	48003
-649	314	4	313	345656	0	53877	48004
-655	29	4	29	347987	0	53876	48003
-670	117	4	117	336413	0	53877	48004
-629	73	1	70	331121	0	53877	48004
-618	46	4	49	327521	0	53876	48003

-683	100	5	101	324407	0	53877	48004
-693	57	5	57	321815	0	53877	48004
-668	58	5	58	321023	0	53877	48004
-683	52	4	51	321248	0	53877	48004
-678	106	4	106	322292	0	53877	48004
-682	163	4	163	325784	0	53877	48004
-691	56	4	56	327908	0	53877	48004
-704	57	4	57	334154	0	53877	48004
-656	113	9	118	342947	0	53877	48004
-651	71	7	69	352271	0	53877	48004
-629	55	8	56	353090	0	53876	48003
-592	70	5	67	352136	0	53877	48004
-585	40	5	40	348140	0	53876	48003
-692	60	7	62	332723	0	53877	48004

-660	65	4	62	331967	0	53877	48004
-641	119	4	119	326864	0	53877	48004
-689	52	2	50	324146	0	53877	48004
-669	56	4	58	323579	0	53877	48004
-683	150	4	150	317180	0	53877	48004
-666	52	5	53	315686	0	53877	48004
-665	33	8	36	314165	0	53876	48003
-657	108	12	112	315245	0	53877	48004

-648	509	8	505	349904	0	53877	48004
-659	57	4	53	344432	0	53877	48004
-664	61	9	66	339788	0	53877	48004
-674	124	6	121	332696	0	53877	48004
-645	61	8	63	331652	0	53877	48004
-670	108	4	104	332669	0	53877	48004
-649	221	7	224	341012	0	53877	48004
-649	34	8	35	339689	0	53876	48003
-625	57	8	57	340004	0	53877	48004
-688	71	4	67	337043	0	53877	48004

-672	116	8	120	336944	0	53877	48004
-646	60	4	56	335459	0	53877	48004
-649	29	4	29	333992	0	53876	48003
-613	69	5	70	333353	0	53877	48004
-593	120	7	122	334748	0	53877	48004
-592	35	4	32	335594	0	53876	48003
-589	70	3	69	336395	0	53877	48004
-632	91	6	94	340895	0	53877	48004
-630	34	8	36	340337	0	53876	48003
-670	160	8	160	341687	0	53877	48004
-705	99	4	95	339491	0	53877	48004
-693	146	6	148	339095	0	53877	48004

-662	131	8	133	337700	0	53877	48004
-692	102	4	98	332435	0	53877	48004
-663	62	8	66	331823	0	53877	48004
-661	36	5	33	331022	0	53876	48003
-686	108	11	114	333803	0	53877	48004
-679	207	7	203	335144	0	53877	48004
-678	68	5	66	336377	0	53877	48004
-643	68	6	69	336746	0	53877	48004
-657	154	5	153	339257	0	53877	48004
-654	35	5	35	338996	0	53876	48003
-663	59	9	63	340175	0	53877	48004

-673	56	7	54	344180	0	53877	48004
-643	64	8	65	344450	0	53876	48003
-707	101	7	100	331040	0	53877	48004
-667	174	5	172	333785	0	53877	48004
-637	63	5	63	332975	0	53877	48004
-660	110	6	111	331238	0	53877	48004
-662	65	8	67	330698	0	53877	48004
-664	31	5	28	331472	0	53876	48003
-658	206	8	209	332255	0	53877	48004
-657	35	4	31	331688	0	53876	48003
-710	47	5	48	330284	0	53877	48004
-666	77	11	83	329060	0	53877	48004

-672	194	5	188	331526	0	53877	48004
-649	256	7	258	346061	0	53877	48004
-696	53	5	51	343010	0	53877	48004
-657	106	7	108	337727	0	53877	48004
-630	195	6	194	333119	0	53877	48004
-626	36	4	34	332768	0	53876	48003

-693	301	8	305	333335	0	53877	48004
-673	52	5	49	333857	0	53877	48004
-665	108	6	109	332723	0	53877	48004
-672	26	4	24	332975	0	53876	48003
-684	155	5	156	332840	0	53877	48004
-690	62	6	63	332579	0	53877	48004
-694	62	4	60	332876	0	53877	48004
-666	95	8	99	332534	0	53877	48004
-672	61	4	57	332399	0	53877	48004
-645	60	4	60	332138	0	53877	48004
-659	118	7	121	331967	0	53877	48004
-644	49	8	50	332273	0	53876	48003

-680	197	9	198	331607	0	53877	48004
-658	56	5	52	330743	0	53877	48004
-663	61	5	61	330725	0	53877	48004
-674	57	5	57	330959	0	53877	48004
-654	252	7	254	331598	0	53877	48004
-663	24	9	26	331247	0	53876	48003
-642	56	4	51	331022	0	53877	48004
-659	83	7	86	331571	0	53877	48004
-662	62	4	59	331454	0	53877	48004

-694	202	5	203	331202	0	53877	48004
-709	51	4	50	330482	0	53877	48004
-681	63	6	65	331193	0	53877	48004
-702	145	4	143	330689	0	53877	48004
-684	52	4	52	330671	0	53877	48004
-661	55	5	56	330734	0	53877	48004
-677	152	4	151	330311	0	53877	48004
-670	172	4	172	330779	0	53877	48004
-677	60	5	61	331274	0	53877	48004
-685	60	8	63	331139	0	53877	48004

-703	247	4	243	330545	0	53877	48004
-686	117	5	118	330869	0	53877	48004
-677	144	5	144	331031	0	53877	48004
-669	208	7	210	331589	0	53877	48004
-634	134	7	134	331580	0	53877	48004
-632	35	9	37	331904	0	53876	48003
-614	51	2	44	332489	0	53877	48004
-609	39	5	42	332264	0	53876	48003
-675	67	9	71	332363	0	53877	48004
-609	100	3	94	331688	0	53877	48004
-607	36	8	41	331220	0	53876	48003

-690	49	4	45	330653	0	53877	48004
-667	56	6	58	330581	0	53877	48004
-658	210	6	210	330851	0	53877	48004
-674	150	5	149	331337	0	53877	48004
-657	117	12	124	331553	0	53877	48004
-693	97	5	90	331085	0	53877	48004
-662	65	6	66	330761	0	53877	48004
-683	145	8	147	330032	0	53877	48004
-652	66	5	63	329906	0	53877	48004

-679	106	5	106	330356	0	53877	48004
-652	60	4	59	330563	0	53877	48004
-695	56	4	56	329879	0	53877	48004
-692	70	5	71	329492	0	53877	48004
-704	289	9	293	329060	0	53877	48004
-660	176	7	174	328970	0	53877	48004
-637	123	4	120	329411	0	53877	48004
-659	79	4	79	329807	0	53877	48004

-633	293	10	299	329843	0	53877	48004
-661	171	6	167	329267	0	53877	48004
-629	65	5	64	329186	0	53877	48004
-674	156	5	156	329123	0	53877	48004
-640	68	5	68	329168	0	53877	48004
-674	98	5	98	329717	0	53877	48004
-666	108	5	108	329465	0	53877	48004
-664	70	7	72	329897	0	53877	48004
-639	57	5	55	329087	0	53877	48004

-674	198	6	199	342497	0	53877	48004
-678	64	8	66	352640	0	53877	48004
-647	64	3	59	347798	0	53877	48004
-652	29	4	30	332984	0	53876	48003
-633	51	4	51	326126	0	53877	48004
-629	37	4	37	322724	0	53876	48003
-687	209	10	215	294815	0	53877	48004
-706	114	5	109	291413	0	53877	48004
-687	54	5	54	291512	0	53877	48004
-663	56	4	55	290090	0	53877	48004
-665	31	5	32	291287	0	53876	48003
-672	60	5	60	293519	0	53877	48004

-662	110	4	109	308234	0	53877	48004
-663	66	11	73	327269	0	53877	48004
-662	134	4	127	352622	0	53877	48004
-658	304	5	305	355520	0	53877	48004
-670	255	5	255	352496	0	53877	48004
-668	68	5	68	338510	0	53877	48004
-642	61	6	62	327323	0	53877	48004

-674	100	8	102	293951	0	53877	48004
-656	52	5	49	292124	0	53877	48004
-646	43	9	47	294032	0	53876	48003
-687	159	4	154	299630	0	53877	48004
-648	72	7	75	299522	0	53877	48004
-688	93	8	94	299846	0	53877	48004
-666	57	10	59	299864	0	53877	48004
-666	32	5	27	300620	0	53876	48003
-646	53	7	55	301061	0	53877	48004
-645	35	4	32	300962	0	53876	48003
-688	90	2	88	301322	0	53877	48004
-684	204	9	211	298946	0	53877	48004
-686	66	4	61	297380	0	53877	48004

-653	265	6	267	295616	0	53877	48004
-644	43	4	41	294608	0	53876	48003
-609	68	4	68	292907	0	53877	48004
-655	320	7	323	336557	0	53877	48004
-662	60	4	57	351425	0	53877	48004

-655	440	5	441	329402	0	53877	48004
-684	71	8	74	331769	0	53877	48004
-669	49	5	46	332714	0	53877	48004
-672	63	5	63	333308	0	53877	48004
-667	305	3	303	330815	0	53877	48004
-688	113	9	119	334001	0	53877	48004
-689	65	7	63	336116	0	53877	48004
-679	77	4	74	336053	0	53877	48004

-40703	244	4	244	333020	0	53877	48004
-40679	156	8	160	332768	0	53877	48004
-40693	154	4	150	333137	0	53877	48004
-40661	64	0	60	332912	0	53877	48004
-40670	58	4	62	333344	0	53877	48004
-683	53	4	53	333335	0	53877	48004
-641	76	8	80	333470	0	53877	48004
-648	59	7	58	334316	0	53877	48004
-683	100	5	98	335756	0	53877	48004
-689	59	8	62	336530	0	53877	48004

-683	106	4	102	336647	0	53877	48004
-657	60	4	60	336899	0	53877	48004
-696	61	4	61	336323	0	53877	48004
-636	93	7	96	336647	0	53877	48004
-638	65	3	61	335720	0	53877	48004
-656	115	7	119	335918	0	53877	48004
-690	66	7	66	335945	0	53877	48004
-684	106	7	106	335648	0	53877	48004
-647	170	9	172	335513	0	53877	48004

-660	255	2	248	332525	0	53877	48004
-650	42	5	45	332147	0	53876	48003
-677	107	5	107	329438	0	53877	48004
-682	161	5	161	326522	0	53877	48004
-658	59	2	56	326081	0	53877	48004
-643	48	4	50	326207	0	53876	48003
-647	63	8	67	325316	0	53877	48004
-663	384	7	383	326783	0	53877	48004
-659	37	3	33	326594	0	53876	48003

-626	65	8	70	326369	0	53877	48004
-622	39	3	34	326522	0	53876	48003
-615	39	4	40	326072	0	53875	48002
-592	56	7	59	326045	0	53877	48004
-594	33	7	33	326450	0	53876	48003
-618	41	4	38	326657	0	53875	48002
-585	67	8	71	326900	0	53877	48004
-579	39	8	39	326684	0	53876	48003
-569	43	9	44	326612	0	53875	48002
-576	27	5	23	327008	0	53874	48001
-532	78	4	77	326963	0	53877	48004
-593	38	5	39	326945	0	53876	48003
-671	289	4	288	327062	0	53877	48004
-674	63	7	66	327323	0	53877	48004
-647	61	4	58	327215	0	53877	48004
-694	54	4	54	327836	0	53877	48004

-666	60	8	64	327242	0	53877	48004
-677	157	5	154	327368	0	53877	48004
-672	71	4	70	327125	0	53877	48004
-678	60	0	56	327242	0	53877	48004
-676	102	10	112	327242	0	53877	48004
-623	86	1	77	327287	0	53877	48004
-639	19	4	22	327053	0	53876	48003
-598	73	2	71	327161	0	53877	48004
-629	37	9	44	327161	0	53876	48003
-623	71	4	66	327134	0	53877	48004
-644	47	6	49	326540	0	53876	48003
-616	61	4	59	326945	0	53877	48004
-615	34	2	32	327017	0	53876	48003
-614	34	5	37	326828	0	53875	48002

-680	201	4	200	326837	0	53877	48004
-678	68	1	65	326801	0	53877	48004
-645	67	2	68	326531	0	53877	48004
-635	43	8	49	326648	0	53876	48003
-671	64	0	56	326306	0	53877	48004
-676	62	5	67	325793	0	53877	48004
-664	112	8	115	325847	0	53877	48004
-637	94	4	90	325739	0	53877	48004
-655	48	5	49	325937	0	53877	48004
-694	61	9	65	326279	0	53877	48004
-662	65	8	64	325487	0	53877	48004
-665	64	5	61	325937	0	53877	48004
-680	85	6	86	326072	0	53877	48004
-656	57	8	59	325847	0	53877	48004

-677	114	8	114	325640	0	53877	48004
-688	54	4	50	325820	0	53877	48004
-680	143	4	143	325955	0	53877	48004
-648	65	4	65	325766	0	53877	48004
-649	32	6	34	325586	0	53876	48003
-591	92	7	93	325613	0	53877	48004
-610	46	4	43	325847	0	53876	48003
-586	58	4	58	325361	0	53877	48004
-584	35	9	40	325703	0	53876	48003
-611	40	4	35	325676	0	53875	48002
-578	66	6	68	325496	0	53877	48004
-555	56	4	54	325604	0	53876	48003
-573	49	5	50	325883	0	53875	48002
-546	61	3	59	326504	0	53877	48004
-560	52	4	53	325766	0	53876	48003
-550	43	3	42	325874	0	53875	48002

-548	37	6	40	325730	0	53874	48001
-621	60	4	58	325703	0	53877	48004
-610	43	4	43	326000	0	53876	48003
-652	58	4	58	326171	0	53877	48004
-684	69	9	74	326513	0	53877	48004
-652	66	3	60	326234	0	53877	48004
-653	32	4	33	326522	0	53876	48003
-646	74	7	77	326423	0	53877	48004
-655	24	4	21	326639	0	53876	48003
-674	114	6	116	326630	0	53877	48004
-639	69	4	67	326297	0	53877	48004
-638	33	6	35	326486	0	53876	48003
-620	86	4	84	325190	0	53877	48004
-611	41	2	39	322778	0	53876	48003
-649	63	1	62	319349	0	53877	48004
-651	31	11	41	321041	0	53876	48003
-687	64	4	57	323327	0	53877	48004
-700	54	0	50	324146	0	53877	48004

-653	114	4	118	324587	0	53877	48004
-653	33	4	33	324641	0	53876	48003
-632	54	6	56	325037	0	53877	48004
-667	32	7	33	326504	0	53876	48003
-640	60	2	55	327575	0	53877	48004
-642	31	3	32	328610	0	53876	48003
-610	66	9	72	329483	0	53877	48004
-650	60	8	59	330950	0	53877	48004
-652	31	4	27	331355	0	53876	48003
-610	76	3	75	331814	0	53877	48004
-646	30	6	33	331886	0	53876	48003
-620	60	5	59	332471	0	53877	48004
-647	39	7	41	333254	0	53876	48003
-614	67	10	70	333056	0	53877	48004
-646	34	4	28	333425	0	53876	48003
-623	57	4	57	333209	0	53877	48004
-615	41	8	45	333452	0	53876	48003
-606	41	11	44	333137	0	53875	48002
-562	80	3	72	333803	0	53877	48004

-553	41	2	40	333596	0	53876	48003
-545	40	6	44	333380	0	53875	48002
-560	53	3	50	333164	0	53877	48004
-577	49	7	53	333254	0	53876	48003
-613	30	8	31	332966	0	53875	48002
-579	68	6	66	332993	0	53877	48004
-604	42	4	40	333200	0	53876	48003
-605	33	8	37	332840	0	53875	48002
-637	68	4	64	333263	0	53877	48004
-629	73	5	74	332786	0	53877	48004
-671	58	4	57	333074	0	53877	48004
-695	210	8	214	332759	0	53877	48004
-651	78	1	71	332894	0	53877	48004
-689	62	4	65	332975	0	53877	48004
-654	68	6	70	332840	0	53877	48004

-697	264	4	262	333173	0	53877	48004
-658	67	4	67	332570	0	53877	48004
-642	80	9	85	332435	0	53877	48004
-641	68	5	64	332426	0	53877	48004
-644	64	7	66	331985	0	53877	48004
-644	34	6	33	332264	0	53876	48003
-618	58	0	52	332651	0	53877	48004
-611	41	8	49	332777	0	53876	48003
-599	46	11	49	332246	0	53875	48002
-581	51	4	44	332147	0	53877	48004
-640	41	4	41	332201	0	53876	48003
-643	64	5	65	332381	0	53877	48004
-675	101	5	101	332777	0	53877	48004
-675	68	5	68	332282	0	53877	48004

-650	57	5	57	332201	0	53877	48004
-656	61	7	63	332318	0	53877	48004
-661	61	0	54	332291	0	53877	48004
-646	116	8	124	332480	0	53877	48004
-656	56	4	52	332480	0	53877	48004
-660	63	9	68	332723	0	53877	48004
-653	40	4	35	332714	0	53876	48003
-681	206	11	213	332291	0	53877	48004
-653	61	5	55	332255	0	53877	48004
-659	60	6	61	332489	0	53877	48004
-660	66	4	64	332210	0	53877	48004
-669	58	3	57	331895	0	53877	48004
-641	62	9	68	332093	0	53876	48003

-675	99	2	92	331859	0	53877	48004
-661	48	4	50	331490	0	53876	48003
-639	55	3	54	331238	0	53877	48004
-667	38	5	40	331319	0	53876	48003
-637	65	5	65	330923	0	53877	48004
-656	79	6	80	325127	0	53877	48004
-649	41	4	39	322805	0	53876	48003
-655	59	1	56	321095	0	53877	48004
-641	49	4	52	322328	0	53876	48003
-644	63	2	61	326414	0	53877	48004
-637	41	4	43	327449	0	53876	48003
-600	70	2	68	330095	0	53877	48004
-583	49	5	52	331958	0	53876	48003
-618	66	6	67	328241	0	53877	48004
-617	35	4	33	327575	0	53876	48003
-620	30	6	32	327971	0	53875	48002
-628	59	7	60	329267	0	53877	48004
-611	50	9	52	329474	0	53876	48003
-624	55	8	54	329906	0	53877	48004
-620	36	6	34	330140	0	53876	48003
-613	39	4	37	330014	0	53875	48002
-573	76	1	73	329024	0	53877	48004
-594	44	8	51	328250	0	53876	48003
-589	39	6	37	327053	0	53875	48002
-637	52	2	48	326522	0	53877	48004
-680	157	2	157	325892	0	53877	48004
-648	64	6	68	326585	0	53877	48004
-645	36	5	35	326918	0	53876	48003
-689	56	3	54	326117	0	53877	48004
-705	52	8	57	325793	0	53877	48004
-669	68	1	61	326315	0	53877	48004
-636	68	4	71	326153	0	53877	48004
-656	80	4	80	326027	0	53877	48004
-648	41	6	43	326081	0	53876	48003

-663	219	2	215	323273	0	53877	48004
-662	36	10	44	324236	0	53876	48003
-626	67	4	61	323255	0	53877	48004
-658	35	3	34	323192	0	53876	48003
-665	58	4	59	322058	0	53877	48004
-669	64	4	64	323282	0	53877	48004
-646	55	2	53	322625	0	53877	48004
-649	34	4	36	322346	0	53876	48003
-689	59	4	59	320879	0	53877	48004
-651	70	7	73	320969	0	53877	48004
-658	25	6	24	321950	0	53876	48003
-625	68	6	68	322391	0	53877	48004
-627	31	7	32	322121	0	53876	48003
-689	205	9	207	321347	0	53877	48004
-672	49	7	47	321968	0	53877	48004

-668	37	4	34	323894	0	53876	48003
-637	66	2	64	324218	0	53877	48004
-631	38	7	43	325307	0	53876	48003
-634	64	10	67	324605	0	53877	48004
-631	36	8	34	319061	0	53876	48003
-610	54	11	57	314147	0	53877	48004
-647	63	7	59	306506	0	53877	48004
-654	27	8	28	306911	0	53876	48003
-633	54	9	55	306902	0	53877	48004
-671	30	4	25	308396	0	53876	48003
-670	66	4	66	308072	0	53877	48004
-696	141	4	141	297182	0	53877	48004
-669	194	4	194	300134	0	53877	48004
-685	50	5	51	300899	0	53877	48004
-654	65	1	61	300179	0	53877	48004
-661	26	4	29	300746	0	53876	48003

-638	56	4	56	300449	0	53877	48004
-664	41	4	41	300188	0	53876	48003
-638	59	4	59	299756	0	53877	48004
-638	67	8	71	299954	0	53877	48004
-624	47	5	44	299666	0	53876	48003
-597	61	7	63	299027	0	53877	48004
-653	110	5	108	293366	0	53877	48004
-684	69	4	68	293267	0	53877	48004
-662	57	4	57	292745	0	53877	48004
-694	100	4	100	313832	0	53877	48004
-697	65	4	65	341894	0	53877	48004
-703	94	4	94	363179	0	53877	48004
-639	129	8	133	359885	0	53877	48004

-676	63	3	58	359750	0	53877	48004
-686	57	5	59	361145	0	53877	48004
-645	74	9	78	361361	0	53877	48004
-686	59	7	57	360884	0	53877	48004
-662	124	9	126	359732	0	53877	48004
-626	70	1	62	358922	0	53877	48004
-618	41	4	44	356483	0	53876	48003
-613	73	4	73	351866	0	53877	48004
-652	26	3	25	347519	0	53876	48003
-680	207	0	204	326756	0	53877	48004
-673	72	9	81	325811	0	53877	48004
-681	92	4	87	324281	0	53877	48004

-700	116	3	115	321815	0	53877	48004
-677	55	6	58	323444	0	53877	48004
-643	68	6	68	324587	0	53877	48004
-630	47	4	45	324758	0	53876	48003
-598	64	4	64	326009	0	53877	48004
-624	42	1	39	327404	0	53876	48003
-615	41	5	45	328727	0	53875	48002
-620	62	4	61	329987	0	53877	48004
-657	64	2	62	333578	0	53877	48004
-654	35	6	39	335189	0	53876	48003
-626	61	7	62	335729	0	53877	48004
-620	41	1	35	336791	0	53876	48003
-608	77	9	85	338798	0	53877	48004
-603	40	2	33	339887	0	53876	48003
-599	37	4	39	340157	0	53875	48002
-566	65	2	63	340571	0	53877	48004
-568	33	9	40	340796	0	53876	48003
-560	40	4	35	341228	0	53875	48002
-554	39	0	35	341768	0	53874	48001
-546	43	6	49	341642	0	53873	48000
-613	32	4	30	341633	0	53877	48004

-659	87	4	87	337223	0	53877	48004
-684	76	4	76	334064	0	53877	48004
-684	67	6	69	334307	0	53877	48004
-647	69	8	71	333938	0	53877	48004
-696	51	9	52	335306	0	53877	48004
-675	54	4	49	335081	0	53877	48004
-683	59	4	59	335063	0	53877	48004
-659	58	6	60	335018	0	53877	48004
-702	56	4	54	332453	0	53877	48004
-669	68	6	70	332021	0	53877	48004
-637	65	0	59	330626	0	53877	48004
-637	32	9	41	330257	0	53876	48003
-605	67	3	61	329582	0	53877	48004
-600	37	4	38	328844	0	53876	48003
-612	55	9	60	328304	0	53877	48004
-601	44	3	38	328061	0	53876	48003
-596	38	7	42	327971	0	53875	48002

-608	55	11	59	327872	0	53877	48004
-636	39	4	32	326477	0	53876	48003
-587	82	2	80	326225	0	53877	48004
-593	27	6	31	325982	0	53876	48003
-587	40	0	34	325991	0	53875	48002
-590	64	1	65	325613	0	53877	48004
-590	36	1	36	325307	0	53876	48003
-595	25	4	28	325946	0	53875	48002
-591	37	9	42	325694	0	53874	48001
-564	61	8	60	325037	0	53877	48004
-557	40	3	35	325361	0	53876	48003
-539	51	3	51	324920	0	53875	48002
-540	33	3	33	325316	0	53874	48001
-535	39	8	44	324722	0	53873	48000
-562	40	2	34	324623	0	53877	48004
-561	34	9	41	325190	0	53876	48003
-566	28	4	23	325100	0	53875	48002
-558	42	9	47	324236	0	53874	48001
-558	32	3	26	324299	0	53873	48000
-543	48	7	52	324317	0	53877	48004
-575	35	4	32	323408	0	53877	48004
-485	123	7	126	324290	0	53876	48003

-478	41	8	42	324263	0	53875	48002
-474	37	7	36	325127	0	53877	48004
-476	31	5	29	325127	0	53877	48004
-469	74	6	75	325244	0	53876	48003
-411	92	4	90	325892	0	53877	48004
-396	49	8	53	326072	0	53876	48003
-377	51	9	52	326432	0	53875	48002
-378	32	6	29	326171	0	53874	48001
-374	38	4	36	326657	0	53873	48000
-477	30	7	33	328844	0	53877	48004
-494	51	4	48	336818	0	53877	48004
-474	86	7	89	340004	0	53876	48003
-475	33	3	29	341507	0	53875	48002
-494	47	7	51	341957	0	53877	48004
-483	45	6	44	340976	0	53877	48004
-470	46	6	46	340499	0	53876	48003
-470	67	3	64	338600	0	53877	48004
-418	84	2	83	337565	0	53876	48003
-405	46	5	49	337232	0	53875	48002
-405	34	3	32	336521	0	53874	48001

-471	34	7	38	336683	0	53873	48000
-463	74	7	74	336098	0	53877	48004
-476	21	8	22	336503	0	53876	48003
-468	41	7	40	336863	0	53875	48002
-489	47	12	52	337439	0	53874	48001
-473	48	4	40	337250	0	53873	48000
-466	40	3	39	338006	0	53877	48004
-466	34	4	35	337187	0	53877	48004
-550	49	2	47	337115	0	53876	48003
-531	52	5	55	336944	0	53875	48002
-539	27	10	32	335918	0	53877	48004
-517	54	2	46	334730	0	53877	48004
-518	33	2	33	334172	0	53876	48003
-498	54	7	59	333641	0	53877	48004
-465	65	5	63	332948	0	53876	48003
-459	40	6	41	333047	0	53875	48002
-479	47	7	48	333074	0	53877	48004
-470	42	9	44	332714	0	53876	48003
-484	52	8	51	332363	0	53875	48002
-484	67	6	65	332678	0	53877	48004
-483	67	7	68	332345	0	53876	48003

-481	36	6	35	332786	0	53877	48004
-476	38	8	40	332903	0	53876	48003
-456	53	7	52	333038	0	53875	48002
-459	31	11	35	333182	0	53874	48001
-434	58	6	53	333236	0	53877	48004
-415	52	4	50	333488	0	53876	48003
-392	57	5	58	333173	0	53875	48002
-378	47	7	49	332102	0	53874	48001
-433	45	7	45	333767	0	53877	48004
-429	37	8	38	334028	0	53876	48003
-397	67	0	59	333137	0	53875	48002
-392	37	6	43	331697	0	53877	48004
-344	82	7	83	331823	0	53876	48003
-328	50	3	46	332021	0	53875	48002
-352	42	9	48	332282	0	53874	48001
-350	36	8	35	331877	0	53873	48000
-370	46	10	48	332219	0	53877	48004
-354	50	11	51	333677	0	53876	48003
-322	65	7	61	334289	0	53875	48002
-314	40	6	39	335504	0	53874	48001
-299	49	7	50	334982	0	53877	48004

-298	34	3	30	337079	0	53876	48003
-292	40	9	46	343118	0	53875	48002
-285	40	2	33	347393	0	53874	48001
-445	40	4	42	340454	0	53877	48004
-435	43	2	41	336008	0	53876	48003
-426	42	5	45	326549	0	53875	48002
-392	68	8	71	314435	0	53874	48001
-469	23	2	17	301349	0	53877	48004
-478	24	5	27	297299	0	53876	48003
-472	39	5	39	293357	0	53875	48002
-472	34	5	34	289451	0	53877	48004
-511	27	5	27	285167	0	53876	48003
-512	33	4	32	284465	0	53875	48002
-537	41	4	41	284357	0	53874	48001
-540	32	4	32	284402	0	53877	48004
-568	38	8	42	284879	0	53876	48003
-572	30	4	26	285815	0	53877	48004
-580	25	4	25	286544	0	53876	48003
-570	42	5	43	286562	0	53875	48002
-601	36	1	32	285158	0	53877	48004
-627	41	3	43	284348	0	53877	48004
-620	40	3	40	284114	0	53876	48003
-611	42	5	44	285806	0	53875	48002
-660	51	4	50	279839	0	53877	48004
-652	75	4	75	280973	0	53877	48004
-663	22	8	26	281099	0	53876	48003

-631	66	8	66	282827	0	53877	48004
-638	26	6	24	282251	0	53876	48003
-634	37	3	34	281243	0	53875	48002
-596	72	1	70	280415	0	53877	48004
-602	27	5	31	280289	0	53876	48003
-632	38	5	38	280811	0	53875	48002
-600	64	3	62	280442	0	53877	48004
-596	37	4	38	280073	0	53876	48003
-601	30	6	32	280280	0	53875	48002
-589	45	4	43	280451	0	53877	48004
-589	33	7	36	280820	0	53876	48003
-596	27	4	24	279956	0	53875	48002
-576	53	9	58	279767	0	53874	48001
-571	72	7	70	282656	0	53877	48004
-601	34	5	32	280982	0	53876	48003
-606	30	4	29	281324	0	53875	48002
-592	47	8	51	283448	0	53877	48004
-589	36	9	37	283790	0	53876	48003
-622	34	4	29	283349	0	53875	48002
-595	60	5	61	285482	0	53877	48004
-672	57	1	53	283529	0	53877	48004
-674	31	4	34	281306	0	53876	48003
-680	62	4	62	291251	0	53877	48004

-660	52	4	52	299207	0	53877	48004
-703	57	4	57	317414	0	53877	48004
-642	128	9	133	321671	0	53877	48004
-635	40	6	37	324623	0	53876	48003
-608	60	7	61	324488	0	53877	48004
-637	72	4	69	328565	0	53877	48004
-677	59	4	59	328772	0	53877	48004
-639	73	4	73	328952	0	53877	48004
-627	44	6	46	330239	0	53876	48003
-601	59	6	59	330842	0	53877	48004
-598	37	6	37	331229	0	53876	48003
-595	36	3	33	331904	0	53875	48002
-588	40	8	45	332498	0	53874	48001
-591	64	6	62	333371	0	53877	48004
-575	49	6	49	333956	0	53876	48003
-561	48	10	52	333641	0	53875	48002
-567	27	3	20	333128	0	53874	48001
-538	62	4	63	330833	0	53877	48004

-523	49	7	52	330329	0	53876	48003
-528	28	5	26	330527	0	53875	48002
-557	38	8	41	327827	0	53874	48001
-570	53	4	49	327728	0	53877	48004
-599	38	8	42	328763	0	53876	48003
-679	54	4	50	328286	0	53877	48004
-645	67	6	69	328160	0	53877	48004
-645	33	6	33	328952	0	53876	48003
-612	66	7	67	330005	0	53877	48004
-616	30	8	31	330059	0	53876	48003
-618	31	4	27	330176	0	53875	48002
-621	64	8	68	332093	0	53877	48004
-583	71	5	68	332399	0	53876	48003
-579	37	5	37	333479	0	53875	48002
-607	72	1	68	335990	0	53877	48004
-601	41	3	43	334874	0	53876	48003
-589	44	6	47	332102	0	53875	48002
-569	54	5	53	330176	0	53877	48004
-553	49	6	50	328241	0	53876	48003
-544	42	6	42	327980	0	53875	48002
-532	46	1	41	329069	0	53874	48001

-519	46	11	56	328925	0	53873	48000
-513	40	8	37	327989	0	53877	48004
-500	46	11	49	326549	0	53876	48003
-491	43	8	40	325820	0	53875	48002
-478	45	3	40	325235	0	53874	48001
-461	50	1	48	324443	0	53873	48000
-440	55	2	56	323759	0	53873	48000
-441	32	9	39	323111	0	53877	48004
-421	53	5	49	323147	0	53877	48004
-424	31	4	30	322949	0	53876	48003
-405	52	9	57	322472	0	53875	48002
-405	33	3	27	322841	0	53874	48001
-412	27	4	28	323066	0	53873	48000
-394	51	4	51	323570	0	53877	48004
-390	37	3	36	323624	0	53877	48004
-383	41	4	42	324020	0	53877	48004
-376	40	4	40	324137	0	53877	48004
-370	39	3	38	323822	0	53876	48003
-363	41	3	41	323858	0	53877	48004
-356	40	9	46	323228	0	53876	48003
-346	43	11	45	323768	0	53875	48002
-346	34	2	25	323129	0	53874	48001
-346	33	10	41	323687	0	53877	48004
-336	44	6	40	323624	0	53877	48004

-320	49	6	49	323435	0	53876	48003
-325	28	3	25	323489	0	53877	48004
-326	32	10	39	323399	0	53877	48004
-320	40	2	32	323444	0	53877	48004
-296	57	8	63	323318	0	53876	48003
-287	42	4	38	323147	0	53875	48002
-276	45	5	46	323228	0	53877	48004
-272	37	8	40	323831	0	53876	48003
-259	46	4	42	324092	0	53875	48002
-260	33	4	33	323813	0	53874	48001
-252	41	9	46	324101	0	53877	48004
-255	30	2	23	323723	0	53876	48003
-247	42	11	51	324164	0	53875	48002
-247	33	4	26	323948	0	53874	48001
-241	40	3	39	324299	0	53877	48004
-227	47	8	52	324110	0	53876	48003
-224	36	5	33	324056	0	53877	48004
-215	42	3	40	324164	0	53876	48003
-212	37	4	38	323579	0	53875	48002
-205	40	4	40	323372	0	53874	48001
-195	44	6	46	323642	0	53877	48004
-172	57	5	56	323462	0	53876	48003
-182	22	2	19	323201	0	53875	48002
-171	44	9	51	323372	0	53874	48001
-170	36	1	28	323084	0	53873	48000

-163	40	3	42	323732	0	53877	48004
-156	39	5	41	323345	0	53876	48003
-156	35	3	33	323309	0	53875	48002
-144	45	6	48	323084	0	53874	48001
-173	37	7	38	323426	0	53877	48004
-163	43	0	36	323345	0	53876	48003
-163	33	10	43	323552	0	53877	48004
-154	43	4	37	323156	0	53876	48003
-155	32	4	32	323084	0	53875	48002
-136	52	9	57	323165	0	53874	48001
-127	43	8	42	323408	0	53873	48000
-123	37	3	32	323255	0	53877	48004
-109	47	5	49	323219	0	53876	48003
-104	39	9	43	323309	0	53875	48002
-92	45	4	40	323435	0	53874	48001
-77	48	6	50	323039	0	53873	48000
-68	44	7	45	323129	0	53877	48004
-57	43	1	37	323219	0	53877	48004
-50	40	7	46	323030	0	53876	48003
-49	40	7	40	322850	0	53875	48002
-29	48	10	51	323129	0	53874	48001
-31	31	5	26	323237	0	53877	48004
-21	45	8	48	322904	0	53876	48003
-19	34	10	36	322940	0	53875	48002

-8	44	9	43	323174	0	53877	48004
-12	31	10	32	323570	0	53876	48003
-4	40	4	34	323300	0	53875	48002
2	39	3	38	323444	0	53874	48001
1	34	7	38	323318	0	53873	48000
24	55	6	54	323687	0	53877	48004
32	41	4	39	323678	0	53877	48004
46	48	5	49	323696	0	53876	48003
56	43	8	46	323759	0	53875	48002
58	35	7	34	323525	0	53874	48001
56	32	3	28	323894	0	53873	48000
65	42	9	48	323561	0	53877	48004
78	47	2	40	324128	0	53877	48004
81	36	9	43	324074	0	53876	48003
93	45	2	38	324317	0	53877	48004
97	37	6	41	324065	0	53876	48003
98	35	4	33	324308	0	53875	48002
124	59	8	63	323948	0	53874	48001
139	49	6	47	323957	0	53873	48000
144	39	2	35	323831	0	53877	48004
154	42	6	46	324182	0	53876	48003
169	48	2	44	323975	0	53875	48002
171	37	6	41	324164	0	53877	48004
173	34	3	31	323732	0	53876	48003
172	32	2	31	324362	0	53875	48002

182	44	7	49	323831	0	53874	48001
182	33	6	32	323732	0	53873	48000
186	37	6	37	324083	0	53877	48004
188	36	2	32	323759	0	53876	48003
197	42	4	44	323867	0	53875	48002
193	29	4	29	323687	0	53877	48004
211	52	4	52	323570	0	53876	48003
188	44	6	46	323552	0	53874	48001
197	43	7	44	323822	0	53877	48004
196	32	6	31	324371	0	53877	48004
201	38	6	38	323759	0	53877	48004
214	47	6	47	323822	0	53876	48003
401	19	9	22	323777	0	53875	48002
222	54	11	56	323939	0	53877	48004
230	42	4	35	323552	0	53876	48003
209	45	4	45	323588	0	53874	48001
216	41	2	39	323489	0	53873	48000
224	41	9	48	323786	0	53877	48004
226	35	4	30	323417	0	53877	48004
479	21	8	25	324002	0	53875	48002
266	53	0	45	323543	0	53877	48004
275	42	7	49	323606	0	53876	48003
242	34	0	27	323498	0	53874	48001
547	38	2	40	323678	0	53875	48002
314	67	3	68	323543	0	53877	48004

367	86	5	88	323534	0	53876	48003
352	52	5	52	323489	0	53874	48001
367	49	4	48	323507	0	53877	48004
597	29	8	33	323516	0	53875	48002
417	87	5	84	323597	0	53876	48003
477	28	3	26	323795	0	53877	48004
610	32	2	31	323516	0	53875	48002
440	63	2	63	323732	0	53876	48003
417	45	7	50	323804	0	53874	48001
533	15	6	14	323516	0	53877	48004
426	59	1	54	323552	0	53876	48003
471	12	9	20	323408	0	53877	48004
458	54	1	46	323633	0	53877	48004
477	52	1	52	323741	0	53876	48003
781	37	6	42	323498	0	53875	48002
501	20	7	21	323687	0	53874	48001
509	42	3	38	323336	0	53877	48004
510	34	7	38	323408	0	53876	48003
455	46	3	42	322985	0	53873	48000
461	38	8	43	323183	0	53877	48004
458	32	8	32	323192	0	53877	48004
934	41	9	42	323633	0	53875	48002
629	29	2	22	323192	0	53874	48001

538	42	4	44	323480	0	53877	48004
562	57	7	60	322679	0	53876	48003
538	77	4	74	323390	0	53873	48000
542	38	4	38	323255	0	53873	48000
933	56	3	55	323489	0	53875	48002
698	32	10	39	323561	0	53874	48001
631	33	4	27	323363	0	53877	48004
637	39	2	37	324083	0	53876	48003
593	56	4	58	323885	0	53873	48000
604	45	5	46	324929	0	53873	48000
613	42	4	41	324425	0	53873	48000
1000	55	8	59	323138	0	53875	48002
682	47	4	43	324551	0	53877	48004
681	33	4	33	324470	0	53876	48003
623	42	12	50	339383	0	53873	48000
640	50	1	39	344954	0	53873	48000
974	34	3	36	323417	0	53874	48001
704	63	6	66	354521	0	53877	48004
716	46	1	41	360794	0	53876	48003
676	61	4	64	369758	0	53873	48000
1220	43	6	45	324317	0	53875	48002
986	32	8	34	345008	0	53874	48001

777	59	1	52	368777	0	53877	48004
802	57	6	62	367031	0	53876	48003
747	45	5	44	365159	0	53873	48000
779	100	4	99	365105	0	53877	48004
789	42	5	43	364682	0	53876	48003
802	81	1	77	363188	0	53877	48004
942	6	8	13	365168	0	53873	48000
815	39	8	39	362153	0	53877	48004
828	48	3	43	361613	0	53876	48003
1512	16	9	22	335315	0	53875	48002
1319	41	11	43	370595	0	53874	48001
933	80	4	73	360749	0	53877	48004
951	51	5	52	361352	0	53876	48003
835	52	9	56	359651	0	53877	48004
932	30	7	28	361955	0	53873	48000
1642	76	2	71	367958	0	53875	48002
1469	27	3	28	365636	0	53874	48001
977	42	8	47	357014	0	53877	48004
1086	42	8	42	362360	0	53873	48000
951	31	9	32	360677	0	53876	48003
928	45	6	42	353468	0	53873	48000

865	69	5	68	322211	0	53876	48003
974	10	4	9	342551	0	53873	48000
1820	80	4	80	365825	0	53875	48002
1262	42	3	41	356483	0	53877	48004
1003	40	2	39	317117	0	53876	48003
1124	21	5	24	334199	0	53873	48000
973	49	0	44	293834	0	53873	48000
1849	76	8	84	364025	0	53874	48001
1463	48	5	45	358724	0	53877	48004
1169	38	7	40	299648	0	53876	48003
1109	7	8	8	290612	0	53873	48000
924	48	4	44	287264	0	53873	48000
1794	4	6	6	360866	0	53875	48002
1818	57	6	57	361730	0	53874	48001
1444	27	4	25	327737	0	53877	48004
1241	29	9	34	288236	0	53876	48003
933	92	7	90	337880	0	53873	48000
1215	49	7	49	287660	0	53874	48001
1531	16	8	17	309035	0	53877	48004
1398	34	9	35	288461	0	53876	48003
1393	28	2	21	288011	0	53876	48003
1384	24	3	25	288443	0	53877	48004
1063	13	7	17	350399	0	53873	48000
1302	39	0	32	288488	0	53877	48004
1307	39	7	46	297092	0	53877	48004

1509	68	1	62	288623	0	53876	48003
2021	13	8	20	359804	0	53875	48002
1354	66	4	62	326252	0	53874	48001
1193	38	10	44	359516	0	53877	48004
1483	24	1	15	308558	0	53876	48003
1305	55	7	61	361928	0	53873	48000
1245	40	7	40	352541	1	53873	48000
1547	3	13	9	316631	0	53875	48002
1468	55	4	46	359489	0	53876	48003
1380	43	7	46	355187	1	53876	48003
1482	2	12	7	362837	0	53874	48001

