DelayToEnqueue	DeltaEnqueue	QueueDelay	DeltaDequeue	FrameSize	Buffer
-523	0	22	0	356430	1
-524	9	46	33	358392	0
-447	106	9	69	358671	1
-474	5	30	26	358347	1
-482	26	27	23	359058	0
-330	184	16	173	358545	0
-330	69	20	73	358320	0
-326	35	8	23	357960	0
-337	25	10	27	357996	0
-350	19	16	25	357861	0
-201	16	22	22	358716	0
-329	37	10	25	357681	0
-317	47	11	48	357771	0
-267	83	16	88	357546	1
-293	8	33	25	357366	0
-269	57	24	48	357384	0
-248	52	17	45	357636	0
-232	50	14	47	357375	0
-215	52	5	43	357537	0

-197	49	5	49	357357	0
-196	34	15	44	357357	0
-184	117	16	118	357276	0
-149	66	18	68	357663	0
-147	33	9	24	357708	0
9	25	9	25	357375	0
-14	9	22	22	357312	0
-114	67	4	49	357483	0
-99	48	25	69	357546	0
-82	51	18	44	357564	0
-89	58	7	47	357411	0
85	7	27	27	357348	0
-23	92	7	72	357555	0
-13	45	12	50	357438	0
98	12	23	23	357375	0
-21	45	21	43	357807	0
-4	88	4	71	357627	0
39	107	11	114	357690	0

285	79	10	78	357681	0
243	26	10	26	357528	1
184	6	30	26	357654	1
135	19	33	22	357366	0
152	49	7	23	357294	0
161	44	5	42	357609	0
185	55	20	70	357663	0
189	37	7	24	357483	0
188	34	21	48	357141	0
204	49	17	45	357024	0
223	51	18	52	357042	0
247	60	4	46	357213	0
259	43	8	47	357141	0
268	43	15	50	356943	0
258	57	6	48	356853	0
277	51	24	69	356511	0
291	49	23	48	356889	0
315	56	16	49	356871	0
309	63	0	47	356808	0
322	77	17	94	356574	0
621	34	8	25	356997	0
483	27	3	22	356700	0

376	61	9	67	356898	0
504	27	9	27	356754	0
416	80	21	92	356700	0
559	43	23	45	356520	0
456	63	4	44	356655	0
594	37	14	47	356727	0
496	70	11	67	356664	0
562	33	23	45	356718	1
646	17	28	22	356826	0
544	66	8	46	356610	0
561	81	22	95	356556	1
612	18	28	24	356718	1
688	10	42	24	356619	0
572	50	14	22	356394	0
565	61	0	47	356619	0
681	16	8	24	356484	0
655	39	12	43	356367	0
607	52	8	48	356412	0
619	80	20	92	356295	0
634	47	20	47	356403	0
632	33	9	22	356466	0
636	37	17	45	356547	0
858	21	22	26	356394	0

813	22	24	24	356502	0
681	35	16	27	356700	0
714	67	12	63	356799	0
729	47	10	45	356691	0
731	35	23	48	356232	0
752	56	15	48	356484	0
784	64	17	66	356475	0
793	42	23	48	356556	0
799	40	6	23	356763	0
824	58	15	67	356493	0
842	51	11	47	356799	0
858	50	7	46	356601	0
866	41	12	46	356556	0
870	37	17	42	356322	0
911	75	12	70	356412	0
930	52	8	48	356277	0
933	36	17	45	356205	0
947	48	20	51	356241	0
963	49	20	49	355413	0
968	38	5	23	354315	0
994	60	13	68	352803	0

1021	60	21	68	351255	0
1016	29	13	21	349536	0
1032	49	13	49	349743	0
1033	34	6	27	349941	0
1051	51	24	69	350238	0
1059	43	6	25	351084	0
1064	37	17	48	351327	0
1082	52	11	46	351939	0
1090	42	13	44	351804	0
1107	50	9	46	351714	0
1138	64	16	71	351444	0
1145	41	22	47	351822	0
1158	47	26	51	351642	0
1145	53	19	46	351741	0
1143	63	7	51	351759	0
1263	21	12	26	351993	0
1177	80	21	89	351516	0
1302	25	20	24	351669	0
1210	75	12	67	351237	0
1334	25	15	28	351930	0
1299	31	8	24	351525	0

1289	90	8	90	350778	0
1331	8	25	25	350868	0
1290	59	13	47	350535	0
1349	27	8	22	350742	0
1322	73	4	69	349905	0
1401	44	6	46	350157	0
1340	39	14	47	350148	0
1364	91	15	92	349725	0
1486	23	13	21	349950	0
1440	21	17	25	350022	0
1392	52	9	44	350616	0
1466	41	16	48	350013	0
1434	67	18	69	351993	0
1485	18	25	25	350877	0
1446	60	14	49	352713	0
1459	81	0	67	353739	0
1568	9	14	23	352308	0
1517	14	26	26	353019	0
1484	68	4	46	354720	0
1558	40	12	48	353901	0
1500	42	14	44	354720	0
1575	43	17	46	354684	0

1524	49	15	47	354981	0
1539	81	6	72	355251	0
1659	19	10	23	354774	0
1627	35	21	46	355062	0
1582	55	10	44	355134	0
1608	94	3	87	355089	0
1723	15	13	25	355062	0
1676	18	17	22	355179	0
1638	63	4	50	354963	0
1651	80	17	93	354666	1
1760	8	34	25	355134	1
1713	21	36	23	354936	0
1676	63	0	27	354792	0
1691	80	9	89	354558	0
1799	9	24	24	354846	1
1744	11	35	22	355152	1
1708	32	27	24	355107	0
1723	49	4	26	355071	0
1727	35	11	42	355062	0
1724	31	4	24	354999	0
1733	42	5	43	355188	0
1741	41	10	46	354945	0
1745	39	24	53	355035	0
1760	47	25	48	355287	0

1775	49	0	24	354972	0
1781	40	11	51	355251	0
1793	45	16	50	355368	0
1791	31	8	23	355125	0
1807	49	7	48	355512	0
1829	55	21	69	355125	0
1837	41	5	25	355287	0
1841	38	15	48	355476	0
1864	56	11	52	355548	0
1878	47	15	51	355080	0
1893	50	17	52	355062	0
1899	38	6	27	355341	0
1910	44	9	47	355188	0
1928	52	0	43	355251	0
1951	56	15	71	355449	0
1949	32	8	25	355224	0
1950	38	12	42	355359	0
1967	47	15	50	355323	0
1994	59	27	71	355062	0
2008	48	3	24	355539	0
2004	29	22	48	355089	0
2007	36	8	22	355269	0

2027	55	25	72	355089	0
2067	72	21	68	355539	0
2067	35	9	23	355566	0
2086	52	22	65	355233	0
2106	52	15	45	355260	0
2118	46	17	48	355107	0
2150	65	20	68	355593	0
2146	29	14	23	355809	0
2153	40	18	44	355170	0
2163	45	18	45	355512	0
2181	50	15	47	355350	0
2207	59	3	47	355377	0
2235	63	15	75	355656	0
2241	38	26	49	355233	0
2262	54	18	46	355350	0
2285	58	7	47	355539	0
2302	49	5	47	355548	0
2314	45	6	46	355503	0
2317	37	16	47	355593	0
2329	45	16	45	355287	0
2333	37	4	25	355395	0

2345	46	4	46	355413	0
2353	41	13	50	355314	0
2370	50	8	45	355485	0
2393	58	26	76	355809	0
2394	33	16	23	355368	0
2411	50	15	49	355737	0
2427	50	14	49	355728	0
2441	47	17	50	355791	0
2446	39	23	45	355539	0
2453	41	4	22	355854	0
2462	41	12	49	355746	0
2467	38	0	26	356367	0
2472	40	9	49	355800	0
2488	48	5	44	355701	0
2502	48	5	48	355791	0
2451	83	12	90	355647	0
2452	34	22	44	355575	0
2462	42	7	27	355512	0
2477	49	5	47	355512	0
2500	56	21	72	355323	0
2509	42	22	43	355098	0

2558	117	21	116	355269	0
2529	38	8	25	355008	0
2937	8	25	25	355575	0
2959	55	17	47	355746	0
2660	34	8	25	355107	0
2734	8	25	25	355332	0
2604	102	19	96	355305	0
2696	25	16	22	355071	0
2691	30	9	23	354981	0
2776	17	21	29	355152	0
2681	38	5	22	355170	0
2691	44	6	45	355224	0
2700	42	10	46	355440	0
2711	44	14	48	355206	0
2667	91	16	93	355251	0
2782	47	20	51	355233	0
2795	46	25	51	355458	1
2870	10	41	26	355215	0
2723	86	23	68	355467	0
2836	46	24	47	355665	0
2855	53	17	46	355512	0
2746	56	8	47	355152	0
2987	8	26	26	355602	0

2845	26	25	25	355179	0
2882	69	8	52	355422	0
2965	17	13	22	355386	0
2840	109	14	110	355197	0
2930	22	17	25	355341	0
2946	49	17	49	355053	1
3022	10	31	24	354972	0
2906	50	6	25	355125	0
2919	80	17	91	355107	0
2996	44	18	45	355107	0
3085	22	24	28	355179	0
2948	96	15	87	355008	1
3028	15	24	24	355188	0
3019	24	24	24	355224	0
2970	119	16	111	355008	0
3054	16	24	24	354801	0
3045	24	28	28	354774	1
3255	10	42	24	355152	1
3148	27	37	22	354909	0
3004	88	26	77	355359	1
3087	16	36	26	355035	0
3089	36	22	22	354765	0
3202	46	24	48	355125	0

3076	41	8	25	354801	0
3080	37	17	46	354981	0
3092	45	21	49	354918	0
3229	37	8	24	355125	0
3099	105	15	112	354693	1
3177	11	29	25	354891	1
3161	16	38	25	354864	1
3253	27	37	26	354612	0
3139	52	15	30	354756	0
3150	77	9	71	354666	0
3191	9	22	22	354855	0
3305	47	22	47	354954	0
3177	104	11	93	354585	1
3249	6	29	24	354945	1
3232	16	41	28	354567	0
3340	41	26	26	355116	0
3199	93	21	88	354090	1
3282	16	27	22	354531	1
3271	23	28	24	354081	0
3365	28	23	23	354828	0
3248	116	5	98	354072	0
3337	22	8	25	353919	0
3311	8	26	26	353136	0
3413	34	17	25	353577	0

3301	122	22	127	348267	1
3383	16	30	24	351570	0
3380	30	26	26	350760	0
3490	42	6	22	353514	0
3380	126	12	132	321951	0
3484	37	23	48	350355	1
3460	8	44	29	336801	1
3541	15	50	21	350121	0
3426	117	4	71	310800	0
3501	8	18	22	308541	0
3305	39	4	25	295815	0
3296	23	4	23	289056	0
3299	36	16	48	283035	0
3299	34	4	22	277500	0
3318	52	22	70	274152	0
3307	22	24	24	271713	0
3734	61	6	43	309117	0
3638	37	15	46	307398	0
3854	17	23	25	313446	1
3706	18	27	22	311421	1
3760	20	33	26	311619	1
3433	7	50	24	270075	1
3426	26	46	22	269769	1
3423	31	37	22	270390	0
3430	41	25	29	271443	0

3440	42	7	24	273279	0
3441	34	0	27	275187	0
3456	50	20	70	277482	0
3443	20	23	23	279759	0
3473	63	8	48	282747	0
3455	16	16	24	287904	0
3449	27	11	22	292008	0
3480	63	20	72	296976	1
3460	14	32	26	301791	1
3459	32	22	22	305040	0
3462	36	10	24	309000	0
3464	36	0	26	317802	0
3472	41	10	51	320439	0
3479	40	15	45	321690	0
3488	44	17	46	322635	0
3493	37	7	27	326478	0
3501	41	12	46	330402	0
3507	41	18	47	333696	0
3509	34	9	25	339339	0
3519	44	15	50	339996	0
3515	30	10	25	342156	0
3543	61	18	69	344784	0
3559	49	19	50	346674	0
3582	56	9	46	349374	0
3598	50	6	47	348438	0

3621	56	23	73	349005	0
3623	36	9	22	348978	0
3637	47	7	45	347286	0
3651	46	6	45	346692	0
3689	72	22	88	347403	0
3706	50	20	48	346494	0
3731	58	7	45	345900	0
3768	71	12	76	347178	0
3779	44	19	51	349365	0
3792	46	22	49	348663	0
3859	102	8	88	348528	0
3888	61	13	66	348285	0
3884	29	8	24	347457	0
3901	52	24	68	346161	0
3916	47	0	23	345378	0
3927	44	5	49	345288	0
3931	39	13	47	345585	0
4000	101	4	92	344298	0

4006	41	9	46	345063	0
4023	49	4	44	344226	0
4034	45	6	47	344064	0
4066	65	12	71	344037	0
4131	98	4	90	343272	0
4143	45	5	46	341598	0
4141	31	23	49	342165	0
4154	48	17	42	342867	0
4181	59	4	46	342849	0
4218	70	4	70	342156	0
4223	40	10	46	342426	0
4286	95	9	94	342147	0
4301	49	4	44	341508	0
4310	43	7	46	342084	0
4321	44	7	44	341310	0
4369	81	22	96	341715	0
4408	73	17	68	343551	0
4424	48	18	49	343677	0

4436	45	24	51	344127	0
4448	47	24	47	343731	0
4481	65	8	49	345045	0
4532	84	10	86	345117	0
4560	63	14	67	345720	0
4570	42	20	48	345810	0
4582	46	23	49	345621	0
4589	40	5	22	345891	0
4603	47	7	49	346449	0
4610	40	14	47	346053	0
4614	38	0	24	345945	0
4629	48	18	66	346116	0
4640	44	17	43	346188	0
4643	38	21	42	346395	0
4655	44	22	45	345621	0
4668	46	21	45	343983	0
4684	51	20	50	342183	0
4687	36	7	23	342273	0
4716	62	17	72	343758	0
4724	42	20	45	343182	0

4765	73	18	71	342282	0
4794	62	22	66	342633	0
4790	30	20	28	342678	0
4802	45	0	25	341643	0
4797	28	18	46	340653	0
4802	40	20	42	339609	0
4811	42	3	25	339069	0
4835	57	17	71	339492	0
4842	41	22	46	339285	0
4844	34	13	25	338637	0
4852	42	18	47	337152	0
4851	33	7	22	335478	0
4857	38	14	45	334758	0
4868	45	16	47	334812	0
4864	30	13	27	334236	0
4864	33	6	26	335559	0
4871	39	14	47	335352	0
4883	47	13	46	334317	0
4889	38	22	47	333003	0
4902	46	26	50	330483	0
4909	42	5	21	328647	0
4918	41	14	50	325623	0
4928	44	17	47	318423	0
4929	35	4	22	309558	0

4963	67	12	75	303033	0
4952	56	4	48	288381	0
4916	29	23	48	280803	0
5008	59	8	44	283305	0
4860	20	14	26	275097	0
5115	21	19	26	294717	0
5003	54	10	45	275466	0
5014	44	15	49	275988	0
4884	37	21	43	277563	1
5125	8	36	23	278202	0
5010	51	7	22	275961	0
5019	43	16	52	276699	0
4927	74	18	76	279930	1
5165	6	36	24	275655	0
5034	36	24	24	278355	1
5026	24	25	25	279255	1
5108	15	34	24	277950	0
4989	48	12	26	280191	0
4996	41	21	50	280614	0
5000	38	7	24	281100	0
5125	25	4	22	280083	0
4991	66	13	75	281784	0
5003	45	16	48	282414	0
5091	21	19	24	281406	0
5003	45	25	51	283089	0
5012	43	4	22	283080	0
4994	15	17	28	283233	1

5236	9	33	25	281100	0
4980	110	16	93	283449	1
5221	8	30	22	283152	1
5080	25	31	26	283431	1
5052	5	50	24	283809	1
5144	26	50	26	283134	0
4996	85	10	45	284007	1
5069	6	30	26	283809	1
5051	16	42	28	284007	1
5138	20	44	22	283791	0
5019	48	20	24	283962	0
5018	32	16	28	283503	0
5010	25	14	23	284061	0
5001	59	4	49	284376	0
5016	48	3	47	284709	0
5019	37	15	49	284538	1
5262	8	33	26	284241	0
5006	111	16	94	284241	0
5089	16	23	23	284322	2
5063	10	38	25	284313	2
5271	7	56	25	284367	1
5160	21	62	27	284196	0
5012	85	25	48	285042	1
5097	20	29	24	284304	1
5074	13	40	24	284988	1
5171	26	42	28	284520	1
5022	18	47	23	285006	0
5036	47	22	22	285060	0
5036	35	13	26	285132	0
5163	26	9	22	285024	0

5032	36	22	49	285186	0
5029	30	16	24	284997	0
5024	29	12	25	284934	0
5160	36	22	46	285474	0
5019	92	27	97	284952	2
5093	8	43	24	285222	1
5067	7	59	23	285123	1
5175	41	42	24	284682	0
5029	88	3	49	283503	0
5111	15	16	28	284376	1
5088	10	29	23	284250	1
5179	25	25	21	284880	0
5039	25	26	26	283818	0
5047	75	18	67	283251	1
5090	10	35	27	283521	1
5183	27	33	25	283908	0
5030	80	25	72	282369	2
5108	11	41	27	282846	2
5080	5	60	24	282414	1
5164	17	68	25	283125	1
5039	43	50	25	281982	1
5039	33	39	22	281514	1
5030	25	35	21	280911	0
5166	36	22	23	282405	0
5027	61	8	47	281307	0
5046	52	7	51	281955	0
5120	7	25	25	281262	0
5185	32	16	23	281226	0
5047	61	22	67	286482	0

5041	28	20	26	289695	1
5112	5	41	26	284070	1
5181	35	31	25	282630	0
5052	70	7	46	297183	0
5067	50	0	43	299460	0
5145	10	14	24	294456	0
5213	35	5	26	292089	0
5103	123	17	135	304104	1
5180	11	29	23	302628	2
5153	6	49	26	303024	1
5238	19	53	23	301602	0
5105	99	25	71	307632	2
5181	10	40	25	304104	1
5156	8	56	24	305166	1
5254	32	49	25	303177	0
5106	86	12	49	326325	0
5186	12	29	29	316911	1
5164	11	43	25	322203	1
5263	33	35	25	311187	0
5131	102	23	90	331797	0
5195	31	13	21	330735	1
5238	9	26	22	331896	0
5133	94	4	72	331401	0
5212	46	10	52	330276	1
5250	5	26	21	330015	1
5424	8	43	25	331329	0

5170	113	24	94	333876	0
5236	31	18	25	334623	2
5274	5	39	26	334605	1
5449	9	51	21	331374	0
5211	128	16	93	335748	1
5254	11	31	26	334983	1
5308	20	35	24	334299	1
5485	11	48	24	333588	0
5264	78	14	44	337368	0
5272	42	19	47	336144	0
5270	30	13	24	335892	0
5516	13	22	22	333867	0
5432	49	21	48	336765	0
5319	55	17	51	335820	0
5332	45	20	48	335415	0
5333	36	11	27	335028	0
5333	66	15	70	334875	0
5340	41	24	50	334533	0
5342	34	17	27	333867	1
5585	11	30	24	335091	0
5352	66	10	46	333426	0
5366	47	17	54	332265	0
5375	42	23	48	331536	1
5616	9	36	22	335613	0

5370	121	11	96	330951	0
5488	51	4	44	334758	0
5466	11	17	24	334245	1
5675	8	31	22	333552	1
5554	13	43	25	332904	0
5449	61	6	24	331842	0
5457	43	10	47	332562	0
5456	32	21	43	335946	0
5446	57	10	46	333705	0
5458	45	9	44	331023	0
5463	37	16	44	327801	1
5702	7	31	22	331203	0
5479	76	4	49	328719	0
5479	35	14	45	330816	1
5690	10	26	22	337260	0
5536	112	4	90	330240	0
5522	53	21	70	327234	0
5521	33	12	24	327342	0
5514	26	11	25	326775	0
5527	46	13	48	326784	0
5533	39	21	47	327279	0
5540	40	5	24	327468	0
5943	38	13	46	327459	0
5812	34	4	25	328539	0
5886	9	18	23	332319	0

5604	18	26	26	328260	0
5624	53	16	43	328143	0
5619	28	12	24	328647	0
5625	40	15	43	328755	0
5626	34	3	22	328809	0
5639	46	22	65	328872	0
5644	39	9	26	329601	0
5653	42	13	46	329808	0
5658	38	23	48	329817	0
5667	44	4	25	329934	0
5670	35	16	47	330204	0
5683	46	18	48	330357	0
5681	32	12	26	330285	0
5694	46	14	48	330564	0
5692	30	8	24	330006	0
5706	49	11	52	330042	0
5721	47	10	46	329799	0
5713	27	8	25	329745	0
5721	41	12	45	329745	0
5723	35	26	49	329862	0
5743	53	23	50	329628	0
5741	32	16	25	329700	0
5746	37	5	26	329547	0
5750	37	13	45	329592	0
5761	46	16	49	329205	0
5760	32	9	25	329421	0

5769	41	17	49	329412	0
5767	32	9	24	329421	0
5787	53	22	66	329340	0
5776	22	25	25	329115	0
5782	40	9	24	329313	0
5790	42	13	46	329196	0
5791	34	5	26	328818	0
5812	54	0	49	328773	0
5826	48	24	72	328278	0
5832	38	13	27	328098	0
5841	44	15	46	328026	0
5848	40	0	25	327990	0
5853	37	14	51	328143	0
5858	40	18	44	327918	0
5854	29	13	24	328161	0
5868	47	12	46	328413	0
5870	36	23	47	328368	0
5883	45	0	22	328449	0
5904	54	15	69	327963	0
5926	57	25	67	328008	0
5941	48	0	23	327504	0
5967	59	9	68	327369	0
5976	43	11	45	327369	0

5981	37	18	44	326937	0
5994	47	14	43	326595	0
6003	43	19	48	326109	0
6016	46	16	43	325920	0
6022	39	22	45	325497	0
6024	35	8	21	325524	0
6027	36	17	45	325443	0
6041	47	14	44	325281	0
6050	43	18	47	324867	0
6053	36	6	24	324840	0
6052	32	16	42	324624	0
6061	44	20	48	323841	0
6060	32	11	23	323607	0
6060	32	0	21	323364	0
6087	62	4	66	323283	0
6095	40	12	48	323004	0
6099	38	20	46	323067	0
6110	45	23	48	322707	0
6163	86	5	68	322086	0
6186	56	17	68	321717	0
6210	58	4	45	321303	0
6219	42	16	54	320700	0
6238	52	8	44	320709	0

6231	26	5	23	320934	0
6245	47	4	46	321033	0
6250	38	10	44	321609	0
6254	38	20	48	321780	0
6258	37	4	21	322221	0
6272	49	5	50	323355	0
6355	115	5	115	324138	0
6377	55	17	67	325137	0
6382	38	0	21	325884	0
6400	52	15	67	326847	0
6385	19	17	21	327936	0
6410	57	4	44	328548	0
6418	43	5	44	329151	0
6414	29	21	45	329466	0
6442	61	3	43	329511	0
6444	36	15	48	330132	0
6459	48	14	47	329754	0
6478	52	14	52	330132	0
6484	40	18	44	329943	0
6496	45	20	47	329817	0
6511	48	15	43	329322	0

6520	43	17	45	329088	0
6518	31	9	23	329214	0
6536	50	4	45	328989	0
6550	48	0	44	328458	0
6557	40	4	44	328188	0
6574	50	22	68	327765	0
6575	35	12	25	327846	0
6598	56	7	51	327711	0
6594	30	27	50	327828	0
6615	54	18	45	327513	0
6624	42	0	24	327045	0
6620	29	22	51	326910	0
6645	60	8	46	326892	0
6656	44	16	52	326775	0
6662	41	23	48	326442	0
6659	32	12	21	325992	0
6666	37	22	47	325929	0
6677	43	4	25	325956	0
6687	45	6	47	325632	0
6692	38	19	51	325542	0
6711	52	18	51	325380	0
6711	34	7	23	325425	0
6713	34	17	44	325632	0
6720	41	24	48	325668	0

6725	38	13	27	325614	0
6755	63	0	50	326091	0
6745	23	28	51	325713	0
6753	43	10	25	326082	0
6755	34	0	24	325884	0
6754	33	15	48	326064	0
6771	50	13	48	325929	0
6794	57	4	48	326109	0
6806	44	9	49	326442	0
6820	49	4	44	326280	0
6832	45	6	47	326172	0
6841	41	15	50	326325	0
6848	42	22	49	326415	0
6852	37	7	22	326559	0
6878	59	17	69	326595	0
6894	51	11	45	326316	0
6895	34	0	23	326064	0
6906	44	6	50	325839	0
6929	56	16	66	325920	0
6949	53	8	45	325983	0
6947	32	25	49	325515	0
6959	44	4	23	325623	0
6980	55	16	67	325650	0

6970	23	17	24	325164	0
6975	39	0	22	324741	0
6979	36	8	44	324120	0
6980	35	20	47	322374	0
6982	35	7	22	320088	0
6997	49	4	46	317883	0
7009	45	4	45	316110	0
7023	47	7	50	315444	0
7027	38	15	46	314958	0
7031	36	5	26	314526	0
7033	37	15	47	314652	0
7041	41	22	48	314436	0
7050	42	6	26	314481	0
7047	31	17	42	314292	0
7054	40	24	47	314490	0
7060	39	11	26	314301	0
7071	45	13	47	314292	0
7078	40	16	43	314454	0
7080	35	7	26	314400	0
7082	36	16	45	313923	0
6921	72	12	68	314679	0
6930	43	17	48	315165	0
6923	26	16	25	315534	0
6922	31	12	27	315570	0
6943	54	4	46	315786	0

6938	29	21	46	316029	0
6944	40	6	25	316128	0
6946	35	15	44	316488	0
6954	42	20	47	317028	0
6964	42	21	43	317037	0
6965	35	8	22	317442	0
6972	41	11	44	317487	0
6999	60	15	64	316830	0
7015	49	14	48	316812	0
7671	23	19	28	314283	0
7673	36	6	23	314400	0
7674	35	20	49	314292	0
7689	47	21	48	314283	0
7688	33	15	27	314301	0
7130	41	21	47	316875	0
7137	41	4	24	316713	0
7266	29	0	25	316650	0
7251	18	5	23	317019	0
7147	63	11	69	316965	0
7148	35	6	30	316578	0
7282	33	18	45	316857	0
7272	23	18	23	316686	0
7168	65	0	47	316803	0
7173	40	4	44	317082	0
7314	39	14	49	316551	0
7303	22	14	22	316497	0

7184	80	4	70	317622	0
7247	29	27	52	317802	0
7307	27	24	24	317685	0
7363	24	24	24	317532	0
7231	66	4	46	317469	0
7239	42	6	44	317172	0
7322	17	15	26	317442	0
7399	43	16	44	317523	0
7261	62	23	69	316758	0
7261	33	15	25	316155	0
7347	20	19	24	316704	0
7408	27	17	25	317217	0
7287	46	22	51	315894	0
7294	40	5	23	315543	0
7302	42	7	44	315318	0
7432	30	23	46	315975	0
7291	59	7	43	315120	0
7309	51	22	66	314967	1
7382	6	39	23	315516	1
7431	16	48	25	315246	0
7287	56	18	26	314499	0
7297	43	24	49	314463	1
7372	10	36	22	314922	1
7439	32	28	24	314832	0
7311	72	7	51	314103	0
7324	46	3	42	314544	0

7404	15	11	23	314454	0
7464	28	8	25	314535	0
7326	59	22	73	314706	0
7350	57	10	45	314481	0
7439	23	11	24	314616	0
7502	30	4	23	314607	0
7363	61	11	68	314607	0
7373	42	12	43	314679	0
7463	24	12	24	314913	0
7517	21	17	26	314769	0
7399	82	4	69	314958	0
7393	28	24	48	314877	1
7474	14	35	25	314895	1
7528	21	38	24	314976	0
7413	86	0	48	315525	0
7425	44	5	49	315705	0
7510	18	10	23	314967	0
7573	30	5	25	314931	0
7444	70	0	65	316209	0
7445	35	11	46	316326	0
7529	18	17	24	316290	0
7585	22	18	23	316029	0
7462	76	15	73	316479	0
7463	36	0	21	316677	0
7541	11	12	23	316704	1
7583	9	25	22	316434	0

7464	81	14	70	316479	0
7476	45	14	45	316776	0
7558	14	23	23	316245	1
7607	16	30	23	316335	0
7502	96	0	66	316938	0
7503	33	18	51	317001	1
7575	7	34	23	317235	1
7624	15	43	24	316875	0
7514	89	24	70	316938	0
7507	28	18	22	317451	1
7588	14	29	25	317118	1
7631	10	43	24	316920	0
7498	67	0	24	316965	0
7501	36	11	47	316902	0
7599	30	4	23	317082	0
7648	17	14	27	316821	0
7522	75	7	68	316434	0
7523	33	19	45	316515	0
7632	42	22	45	316812	1
7676	10	40	28	316794	0
7543	68	25	53	316533	0
7546	37	11	23	316353	0
7680	35	25	49	316479	1
7658	10	42	27	316344	0
7583	92	25	75	316560	0
7593	43	4	22	316686	0

7668	8	19	23	316317	1
7707	6	37	24	316398	0
7581	73	8	44	316857	0
7582	34	25	51	316722	0
7677	30	19	24	316704	0
7730	19	25	25	317010	0
7611	80	15	70	317217	0
7616	40	24	49	317145	2
7692	9	37	22	316776	1
7732	7	56	26	316578	0
7627	95	7	46	317541	0
7625	31	23	47	317604	2
7732	7	43	27	317514	1
7708	8	59	24	317352	0
7667	127	23	91	317703	0
7657	23	24	24	317055	1
7743	20	28	24	317586	1
7784	7	43	22	317460	0
7693	108	24	89	317127	0
7691	32	17	25	317136	1
7803	13	29	25	317235	1
7781	11	43	25	317019	0
7676	63	7	27	316749	0
7677	32	0	25	316668	0
7801	25	25	50	316965	1
7782	14	37	26	316713	0
7691	76	8	47	316551	0

7686	28	4	24	316650	0
7762	10	17	23	316794	1
7803	7	32	22	316677	0
7703	100	7	75	316875	0
7702	33	22	48	316785	1
7810	8	41	27	316794	1
7791	14	52	25	317064	0
7706	82	18	48	316704	0
7710	37	6	25	316812	0
7798	21	9	24	316758	0
7840	9	27	27	316893	0
7717	78	25	76	316623	0
7724	39	8	22	316974	0
7798	8	23	23	316623	1
7840	8	40	25	316875	0
7721	80	5	45	316740	0
7735	49	23	67	316929	1
7851	17	28	22	316713	0
7864	44	8	24	316398	0
7791	94	4	90	316983	0
7794	37	15	48	317028	1
7901	7	31	23	316866	1
7877	8	45	22	316677	0
7790	82	6	43	316785	0
7790	31	23	48	316875	2
7901	11	36	24	317001	1
7875	8	52	24	316875	0

7789	81	18	47	316416	0
7793	38	7	27	316398	0
7888	28	7	28	316704	1
7928	7	26	26	316533	0
7862	67	6	47	316560	0
7831	36	17	47	316416	0
7836	38	3	24	316245	0
7918	16	9	22	316326	0
7827	9	25	25	315948	0
7848	54	21	50	316515	0
7845	29	16	24	316173	0
7842	31	6	21	316227	0
7859	116	7	117	316317	0
7861	37	13	43	316461	1
7970	9	29	25	316479	1
7946	8	46	25	316497	0
7873	95	22	71	315966	0
7881	41	4	23	316155	0
7989	8	23	27	316074	1
7971	15	31	23	316074	0
7935	64	14	47	316074	0
7918	50	9	45	315930	0
7933	47	8	46	316200	0
8015	17	15	24	315894	0
7909	60	23	68	315255	0
7913	39	8	24	315759	0
8031	17	18	27	315552	1

8004	6	34	22	315633	0
7934	98	11	75	315912	0
7951	49	5	43	315750	0
8061	11	19	25	315507	1
8038	9	33	23	315678	0
7959	56	20	43	315741	1
8002	8	35	23	316065	0
7985	50	9	24	315795	0
7979	27	7	25	316083	0
8022	78	0	71	315804	0
7994	5	19	24	315660	0
7995	33	9	23	316020	0
8010	49	6	46	315579	0
8014	69	10	73	315615	0
8020	42	14	46	315480	0
8020	32	6	24	315507	1
8124	6	27	27	315930	0
8050	57	19	49	315453	0
8045	29	15	25	315678	0
8061	49	10	44	315453	0
8055	27	8	25	315525	0
8049	61	15	68	315246	0
8058	42	21	48	315363	0
8066	42	24	45	315588	1
8181	16	30	22	315372	0
8053	37	16	23	315696	0

8061	43	20	47	315426	0
8061	32	12	24	315345	0
8177	16	22	26	315714	0
8080	71	18	67	315669	0
8089	41	23	46	315255	0
8102	46	24	47	314904	1
8209	8	41	25	315669	0
8099	59	5	23	312780	0
8037	35	15	45	312105	0
8045	42	0	27	313608	0
8014	35	10	45	316038	0
8030	48	10	48	317127	0
7987	57	21	68	319485	0
7850	32	12	23	321348	0
7800	48	15	51	320853	0
7756	24	15	24	320808	0
7725	35	4	24	319836	0
8530	44	8	48	313599	0
7610	8	27	27	319107	0
7618	41	12	26	319386	0
7628	44	14	46	319287	0
7637	43	17	46	319197	0
7638	34	4	21	318954	0
7440	35	13	44	317982	0
7440	34	6	27	319269	0
7441	32	19	45	320709	0
7439	33	8	22	321582	0

7443	37	19	48	323661	0
7456	45	20	46	326280	0
7456	34	8	22	329178	0
7453	31	0	23	331626	0
7482	62	15	77	334479	0
7496	49	14	48	338430	0
7368	39	26	51	338889	0
7377	42	12	28	335028	0
7379	35	0	23	330582	0
7360	46	23	69	336207	0
7379	52	17	46	337035	0
7387	41	22	46	337872	0
7382	30	14	22	338898	0
7355	38	26	50	342786	0
7319	31	17	22	342840	0
7352	66	0	49	342840	0
7365	47	20	67	343605	0
7347	48	20	48	342768	0
7189	43	24	47	341949	0
7194	39	12	27	341256	0
7162	34	24	46	340347	0
7170	41	10	27	340374	0
7111	42	12	44	340068	0
7083	40	14	42	340455	0

7098	47	14	47	340329	0
7105	39	22	47	340347	0
7073	35	8	21	340005	0
7083	43	12	47	340536	0
7090	40	16	44	338952	0
7093	37	4	25	340302	0
7070	44	8	48	339474	0
6974	38	19	49	339987	0
6882	40	4	25	340077	0
6869	54	20	70	338637	0
6850	47	18	45	337818	0
6866	50	16	48	338043	0
6803	37	4	25	337710	0
6797	27	22	45	336891	0
6815	51	13	42	336846	0
6752	38	21	46	338178	0
6664	46	25	50	336648	0
6671	40	8	23	335289	0
6673	34	0	26	334875	0
6664	25	23	48	335424	0
6676	45	23	45	335370	0
6659	50	21	48	338268	0
6667	41	4	24	338781	0
6640	40	11	47	335154	0

6582	42	16	47	308505	0
6540	24	16	24	297723	0
6527	54	9	47	295725	0
6504	45	9	45	298047	0
6476	37	20	48	299964	0
6479	38	8	26	300252	0
6478	31	21	44	300036	0
6475	30	15	24	299649	0
6458	50	17	52	294384	0
6451	26	15	24	289776	0
6446	29	11	25	286050	0
6411	31	6	26	281244	0
6373	29	23	46	276204	0
6281	41	6	24	275466	0
6151	37	16	47	278535	0
6168	50	14	48	279417	0
6143	43	16	45	281838	0
6122	46	19	49	284412	0
6076	19	27	27	284304	0
6088	46	4	23	283620	0
6059	37	15	48	284169	0
6017	25	13	23	288228	0
5980	31	6	24	297111	0
5883	35	17	46	329430	0
5897	48	17	48	332832	0
5898	35	5	23	331230	0
5907	41	8	44	330078	0

5910	36	17	45	329367	0
5747	38	0	21	330816	0
5717	36	11	47	332247	0
5737	53	4	46	332706	0
5751	48	4	48	332904	0
5683	32	17	45	332751	0
5680	30	10	23	332526	0
5627	47	7	44	332454	0
5634	40	13	46	332814	0
5534	35	24	46	331995	0
5541	39	7	22	331995	0
5505	32	21	46	331788	0
5474	35	11	25	332940	0
5314	39	21	49	334893	0
5181	35	12	26	335739	0
5128	46	9	43	336198	0
5128	34	21	46	335298	0
5038	43	28	50	334110	0
5049	44	7	23	334920	0
5049	33	22	48	336612	0
5059	45	24	47	338088	0
5068	41	6	23	338997	0
5075	41	15	50	339528	0
5102	61	24	70	340086	0
5076	40	9	25	340599	0

4585	44	14	49	341445	0
4594	40	24	50	342372	0
4600	40	9	25	342840	0
4569	36	0	27	343083	0
4577	40	11	51	342399	0
4603	61	14	64	342759	0
4402	31	5	22	348330	0
4274	40	13	48	337242	0
4215	40	23	50	335289	0
4199	51	16	44	334029	0
4194	61	8	53	330078	0
4097	36	18	46	327729	0
4073	43	27	52	327774	0
4033	27	26	26	327918	0
4031	131	7	112	327243	0
5767	37	23	53	341463	0
5776	42	4	23	341661	0
5744	34	16	46	342732	0
5585	41	0	25	345180	0
5480	31	13	44	341481	0
4269	20	20	27	327567	0
4356	20	24	24	327810	0
4354	31	17	24	327576	0

4177	124	7	114	328314	0
4251	7	25	25	328134	1
4334	16	36	27	327738	0
4337	36	21	21	328035	0
4169	66	23	68	327189	0
4106	37	10	24	326838	0
4330	25	10	25	327855	0
4291	27	7	24	327459	0
4144	86	25	104	326172	0
4061	50	0	25	327000	0
4272	11	12	23	326334	1
4247	8	30	26	326532	0
4006	94	5	69	327171	0
3979	5	24	24	327180	0
3985	39	11	26	327477	0
4001	51	4	44	327225	0
4002	66	6	68	327342	0
3941	6	28	28	327054	0
3876	35	17	24	327207	0
3875	33	8	24	326577	0
3721	45	10	47	327360	0
3732	46	12	48	327585	0
3735	35	23	46	327225	0
3732	30	16	23	327504	0
3702	70	14	68	327486	0

3681	46	13	45	327324	0
3686	38	20	45	327342	1
3861	9	36	25	327171	0
3556	62	23	49	326451	0
3569	46	23	46	326361	0
3570	34	11	22	326595	0
3692	22	15	26	326586	0
3669	177	11	173	326298	0
3695	59	0	48	325830	0
3769	9	16	25	326190	1
3809	5	34	23	326262	0
3612	70	8	44	325947	0
3519	40	18	50	326100	0
3791	39	5	26	326001	0
3833	9	17	21	325839	0
3481	81	8	72	326217	0
3495	47	7	46	326019	0
3435	40	10	43	325965	0
3620	19	17	26	326154	0
3357	103	6	92	325893	0
3232	42	12	48	326289	0

3233	34	20	42	326505	1
3605	6	38	24	326100	0
3071	66	15	43	326136	0
3069	99	4	88	325749	0
2968	31	19	46	325902	0
3303	35	10	26	326487	0
3031	61	18	69	325704	0
3035	40	21	43	325650	0
3038	34	11	24	326046	0
3022	51	10	50	325740	0
3038	49	5	44	325983	0
3038	33	18	46	325596	0
3053	49	16	47	326163	0
3069	49	17	50	325911	0
3068	33	7	23	325857	0
3059	57	17	67	325596	0
2904	45	23	51	325974	0
2884	47	23	47	325875	0
2863	45	23	45	325668	0
2803	40	5	22	325416	0
2748	45	6	46	325578	0
2754	41	12	47	325497	0

2738	49	8	45	325650	0
2720	50	6	48	325632	0
2725	38	12	44	325677	0
2634	42	19	49	325740	0
2514	47	19	47	326055	0
2536	55	13	49	325911	0
2548	45	14	46	326199	0
2563	49	13	48	325884	0
2512	49	8	44	325470	0
2535	58	22	72	325965	0
2561	90	0	68	325443	0
2586	60	8	68	325515	0
2624	70	7	69	325425	0
2629	38	14	45	325218	0
2636	41	19	46	325434	0
2647	44	21	46	325722	0
2612	33	10	22	325353	0
2592	46	13	49	325632	0
2616	57	6	50	325614	0
2603	53	23	70	325362	0

2509	40	6	23	325884	0
2390	47	4	45	325686	0
2422	66	9	71	325461	0
2375	86	12	89	325389	0
2363	55	6	49	325416	0
2373	43	14	51	325713	0
2373	33	4	23	325614	0
2406	68	8	72	325758	0
2308	34	21	47	325848	0
2318	43	25	47	325938	0
2141	90	4	69	325227	0
1569	28	25	49	326190	0
1305	37	11	23	325884	0
724	51	8	48	325353	0
465	42	11	45	325398	0
426	27	8	24	325416	0
2598	39	13	44	325974	0
2545	47	13	47	325632	0
2523	44	19	50	325632	0
-200	44	24	49	324777	0
-535	65	7	48	324912	0

-594	42	15	50	324921	0
-643	150	5	140	324858	0
-659	318	10	323	325578	0
-657	168	6	164	325596	0

-656	368	4	366	324948	0
-658	98	22	116	324786	0
-672	452	0	430	324435	0
-659	281	14	295	324588	0

-674	184	8	178	324498	0
-650	57	16	65	324561	0
-651	166	14	164	324633	0
-675	110	15	111	324417	0

-651	691	8	684	324471	0
-657	726	23	741	324552	0

-649	743	18	738	324768	0
-630	52	13	47	324984	0

-696	434	20	441	323841	0
-683	147	11	138	324273	0

-665	1251	14	1254	332607	0
-675	156	18	160	324777	0
-672	337	17	336	323373	0

-649	156	12	151	321438	0
-673	542	11	541	307425	0

-681	626	17	632	295275	0

-667	1046	16	1045	301710	0
-666	201	5	190	298074	0

-635	1767	0	1762	373899	0
-659	208	4	212	365241	0
-651	75	22	93	371172	0
-644	173	5	156	401268	0

-656	355	10	360	367293	0
-661	462	7	459	345288	0
-629	66	10	69	347304	0
-611	51	5	46	349536	0
-653	157	8	160	360291	0
-651	169	5	166	356961	0
-695	56	16	67	351408	0

-692	371	4	359	341508	0
-666	58	19	73	341670	0
-633	168	9	158	346296	0
-633	32	23	46	348150	0
-632	67	22	66	348384	0
-659	73	19	70	352515	0
-666	161	4	146	351120	0

-684	149	9	154	344208	0
-657	59	17	67	343038	0
-658	32	12	27	342435	0
-645	313	15	316	345648	0
-651	29	8	22	347979	0
-666	117	5	114	336405	0
-628	70	0	65	331113	0
-614	49	0	49	327513	0
-678	101	8	109	324399	0
-688	57	23	72	321807	0
-663	58	14	49	321015	0
-679	51	11	48	321240	0

-674	106	0	95	322284	0
-678	163	14	177	325776	0
-687	56	7	49	327900	0
-700	57	16	66	334146	0
-647	118	13	115	342939	0
-644	69	11	67	352263	0
-621	56	20	65	353082	0
-587	67	6	53	352128	0
-580	40	12	46	348132	0
-685	62	14	64	332715	0
-656	62	22	70	331959	0
-637	119	16	113	326856	0

-687	50	9	43	324138	0
-665	58	19	68	323571	0
-679	150	4	135	317172	0
-661	53	23	72	315678	0
-657	36	8	21	314157	0
-645	112	17	121	315237	0
-640	505	18	506	349896	0
-655	53	12	47	344424	0

-655	66	22	76	339780	0
-668	121	20	119	332688	0
-637	63	0	43	331644	0
-666	104	5	109	332661	0
-642	224	4	223	341004	0
-641	35	18	49	339681	0
-617	57	10	49	339996	0
-684	67	12	69	337035	0
-664	120	5	113	336936	0
-642	56	16	67	335451	0
-645	29	8	21	333984	0
-608	70	12	74	333345	0

-586	122	24	134	334740	0
-588	32	16	24	335586	0
-586	69	17	70	336387	0
-626	94	11	88	340887	0
-622	36	16	41	340329	0
-662	160	18	162	341679	0
-701	95	0	77	339483	0
-687	148	15	163	339087	0
-654	133	21	139	337692	0
-688	98	13	90	332427	0

-655	66	16	69	331815	0
-656	33	7	24	331014	0
-675	114	4	111	333795	0
-672	203	16	215	335136	0
-673	66	18	68	336369	0
-637	69	24	75	336738	0
-652	153	9	138	339249	0
-649	35	0	26	338988	0
-654	63	4	67	340167	0
-666	54	19	69	344172	0
-635	65	24	70	344442	0
-700	100	15	91	331032	0

-662	172	5	162	333777	0
-632	63	8	66	332967	0
-654	111	8	111	331230	0
-654	67	4	63	330690	0
-659	28	22	46	331464	0
-650	209	22	209	332247	0
-653	31	20	29	331680	0
-705	48	21	49	330276	0
-655	83	4	66	329052	0
-667	188	16	200	331518	0

-642	258	24	266	346053	0
-691	51	21	48	343002	0
-650	108	21	108	337719	0
-624	194	15	188	333111	0
-622	34	4	23	332760	0
-685	305	15	316	333327	0
-668	49	13	47	333849	0

-659	109	19	115	332715	0
-668	24	16	21	332967	0
-679	156	16	156	332832	0
-684	63	20	67	332571	0
-690	60	6	46	332868	0
-658	99	5	98	332526	0
-668	57	15	67	332391	0
-641	60	4	49	332130	0
-652	121	20	137	331959	0
-636	50	15	45	332265	0
-671	198	23	206	331599	0

-653	52	20	49	330735	0
-658	61	7	48	330717	0
-669	57	23	73	330951	0
-647	254	22	253	331590	0
-654	26	20	24	331239	0
-638	51	16	47	331014	0
-652	86	23	93	331563	0
-658	59	6	42	331446	0
-689	203	11	208	331194	0
-705	50	11	50	330474	0
-675	65	19	73	331185	0

-698	143	13	137	330681	0
-680	52	4	43	330663	0
-656	56	15	67	330726	0
-673	151	21	157	330303	0
-666	172	18	169	330771	0
-672	61	4	47	331266	0
-677	63	9	68	331131	0
-699	243	11	245	330537	0
-681	118	5	112	330861	0

-672	144	17	156	331023	0
-662	210	15	208	331581	0
-627	134	20	139	331572	0
-623	37	4	21	331896	0
-612	44	5	45	332481	0
-604	42	9	46	332256	0
-666	71	8	70	332355	0
-606	94	7	93	331680	0
-599	41	14	48	331212	0
-686	45	16	47	330645	0
-661	58	6	48	330573	0

-652	210	4	208	330843	0
-669	149	12	157	331329	0
-645	124	5	117	331545	0
-688	90	13	98	331077	0
-656	66	19	72	330753	0
-675	147	9	137	330024	0
-647	63	17	71	329898	0
-674	106	5	94	330348	0
-648	59	16	70	330555	0
-691	56	6	46	329871	0

-687	71	7	72	329484	0
-695	293	13	299	329052	0
-653	174	18	179	328962	0
-633	120	13	115	329403	0
-655	79	6	72	329799	0

-623	299	13	306	329835	0
-655	167	10	164	329259	0
-624	64	16	70	329178	0
-669	156	21	161	329115	0
-635	68	7	54	329160	0
-669	98	23	114	329709	0
-661	108	7	92	329457	0
-657	72	24	89	329889	0
-634	55	12	43	329079	0
-668	199	4	191	342489	0

-670	66	4	66	352632	0
-644	59	11	66	347790	0
-648	30	8	27	332976	0
-629	51	4	47	326118	0
-625	37	12	45	322716	0
-677	215	4	207	294807	0
-701	109	9	114	291405	0
-682	54	4	49	291504	0
-659	55	12	63	290082	0
-660	32	3	23	291279	0
-667	60	15	72	293511	0
-658	109	15	109	308226	0
-652	73	12	70	327261	0

-658	127	25	140	352614	0
-653	305	12	292	355512	0
-665	255	8	251	352488	0
-663	68	12	72	338502	0
-636	62	17	67	327315	0
-666	102	23	108	293943	0
-651	49	22	48	292116	0
-637	47	0	25	294024	0

-683	154	4	158	299622	0
-641	75	17	88	299514	0
-680	94	16	93	299838	0
-656	59	5	48	299856	0
-661	27	0	22	300612	0
-639	55	9	64	301053	0
-641	32	26	49	300954	0
-686	88	7	69	301314	0
-675	211	14	218	298938	0
-682	61	21	68	297372	0

-647	267	5	251	295608	0
-640	41	17	53	294600	0
-605	68	16	67	292899	0
-648	323	9	316	336549	0
-658	57	21	69	351417	0
-650	441	15	435	329394	0

-676	74	11	70	331761	0
-664	46	11	46	332706	0
-667	63	22	74	333300	0
-664	303	5	286	330807	0
-679	119	23	137	333993	0
-682	63	8	48	336108	0
-675	74	23	89	336045	0
-40699	244	13	234	333012	0

-40671	160	4	151	332760	0
-40689	150	15	161	333129	0
-40661	60	4	49	332904	0
-40666	62	12	70	333336	0
-679	53	4	45	333327	0
-633	80	14	90	333462	0
-641	58	4	48	334308	0
-678	98	15	109	335748	0
-681	62	27	74	336522	0
-679	102	13	88	336639	0
-653	60	0	47	336891	0
-692	61	12	73	336315	0

-629	96	9	93	336639	0
-635	61	18	70	335712	0
-649	119	20	121	335910	0
-683	66	23	69	335937	0
-677	106	8	91	335640	0
-638	172	14	178	335505	0
-658	248	17	251	332517	0
-645	45	17	45	332139	0
-672	107	0	90	329430	0

-677	161	13	174	326514	0
-656	56	5	48	326073	0
-639	50	24	69	326199	0
-639	67	0	43	325308	0
-656	383	4	387	326775	0
-656	33	17	46	326586	0
-618	70	16	69	326361	0
-619	34	5	23	326514	0
-611	40	12	47	326064	0
-585	59	20	67	326037	0
-587	33	10	23	326442	0

-614	38	23	51	326649	0
-577	71	16	64	326892	0
-571	39	0	23	326676	0
-560	44	23	67	326604	0
-571	23	23	23	327000	0
-528	77	9	63	326955	0
-588	39	15	45	326937	0
-667	288	5	278	327054	0
-667	66	10	71	327315	0
-643	58	0	48	327207	0
-690	54	14	68	327828	0
-658	64	18	68	327234	0
-672	154	21	157	327360	0

-668	70	0	49	327117	0
-678	56	11	67	327234	0
-666	112	21	122	327234	0
-622	77	13	69	327279	0
-635	22	16	25	327045	0
-596	71	16	71	327153	0
-620	44	21	49	327153	0
-619	66	0	45	327126	0
-638	49	0	49	326532	0
-612	59	8	67	326937	0
-613	32	26	50	327009	0
-609	37	13	24	326820	0
-676	200	10	197	326829	0
-677	65	17	72	326793	0

-643	68	19	70	326523	0
-627	49	16	46	326640	0
-671	56	10	50	326298	0
-671	67	12	69	325785	0
-656	115	4	107	325839	0
-633	90	14	100	325731	0
-650	49	13	48	325929	0
-685	65	13	65	326271	0
-654	64	21	72	325479	0
-660	61	10	50	325929	0
-674	86	16	92	326064	0
-648	59	0	43	325839	0
-669	114	17	131	325632	0
-684	50	19	52	325812	0

-676	143	14	138	325947	0
-644	65	17	68	325758	0
-643	34	8	25	325578	0
-584	93	4	89	325605	0
-606	43	7	46	325839	0
-582	58	15	66	325353	0
-575	40	24	49	325695	0
-607	35	16	27	325668	0
-572	68	17	69	325488	0
-551	54	11	48	325596	0
-568	50	8	47	325875	0
-543	59	18	69	326496	0
-556	53	14	49	325758	0
-547	42	19	47	325866	0
-542	40	4	25	325722	0
-617	58	16	70	325695	0
-606	43	0	27	325992	0
-648	58	8	66	326163	0

-675	74	7	73	326505	0
-649	60	18	71	326226	0
-649	33	9	24	326514	0
-639	77	21	89	326415	0
-651	21	22	22	326631	0
-668	116	24	118	326622	0
-635	67	4	47	326289	0
-632	35	15	46	326478	0
-616	84	4	73	325182	0
-609	39	12	47	322770	0
-648	62	17	67	319341	0
-640	41	23	47	321033	0
-683	57	17	51	323319	0
-700	50	16	49	324138	0
-649	118	0	102	324579	0
-649	33	16	49	324633	0
-626	56	8	48	325029	0

-660	33	23	48	326496	0
-638	55	16	48	327567	0
-639	32	6	22	328602	0
-601	72	7	73	329475	0
-642	59	17	69	330942	0
-648	27	12	22	331347	0
-607	75	11	74	331806	0
-640	33	22	44	331878	0
-615	59	7	44	332463	0
-640	41	8	42	333246	0
-604	70	7	69	333048	0
-642	28	4	25	333417	0
-619	57	17	70	333201	0
-607	45	16	44	333444	0
-595	44	16	44	333129	0
-559	72	14	70	333795	0
-551	40	17	43	333588	0
-539	44	24	51	333372	0
-557	50	24	50	333156	0
-570	53	18	47	333246	0
-605	31	9	22	332958	0

-573	66	14	71	332985	0
-600	40	21	47	333192	0
-597	37	8	24	332832	0
-633	64	10	66	333255	0
-624	74	8	72	332778	0
-667	57	22	71	333066	0
-687	214	12	204	332751	0
-650	71	11	70	332886	0
-685	65	19	73	332967	0
-648	70	23	74	332832	0

-693	262	21	260	333165	0
-654	67	0	46	332562	0
-633	85	4	89	332427	0
-636	64	16	76	332418	0
-637	66	24	74	331977	0
-638	33	19	28	332256	0
-618	52	13	46	332643	0
-603	49	12	48	332769	0
-588	49	6	43	332238	0
-577	44	9	47	332139	0
-636	41	17	49	332193	0
-638	65	0	48	332373	0
-670	101	19	120	332769	0
-670	68	14	63	332274	0
-645	57	22	65	332193	0
-649	63	5	46	332310	0
-661	54	16	65	332283	0

-638	124	4	112	332472	0
-652	52	23	71	332472	0
-651	68	22	67	332715	0
-649	35	12	25	332706	0
-670	213	4	205	332283	0
-648	55	21	72	332247	0
-653	61	4	44	332481	0
-656	64	5	65	332202	0
-666	57	15	67	331887	0
-632	68	13	66	332085	0
-673	92	12	91	331851	0
-657	50	8	46	331482	0
-636	54	24	70	331230	0
-662	40	8	24	331311	0

-632	65	10	67	330915	0
-650	80	23	93	325119	0
-645	39	6	22	322797	0
-654	56	19	69	321087	0
-637	52	17	50	322320	0
-642	61	6	50	326406	0
-633	43	10	47	327441	0
-598	68	14	72	330087	0
-578	52	8	46	331950	0
-612	67	8	67	328233	0
-613	33	21	46	327567	0
-614	32	12	23	327963	0
-621	60	22	70	329259	0
-602	52	18	48	329466	0
-616	54	9	45	329898	0
-614	34	0	25	330132	0
-609	37	15	52	330006	0
-572	73	15	73	329016	0
-586	51	11	47	328242	0

-583	37	0	26	327045	0
-635	48	24	72	326514	0
-678	157	21	154	325884	0
-642	68	23	70	326577	0
-640	35	13	25	326910	0
-686	54	5	46	326109	0
-697	57	17	69	325785	0
-668	61	22	66	326307	0
-632	71	16	65	326145	0
-652	80	5	69	326019	0
-642	43	10	48	326073	0
-661	215	16	221	323265	0
-652	44	14	42	324228	0

-622	61	26	73	323247	0
-655	34	16	24	323184	0
-661	59	5	48	322050	0
-665	64	9	68	323274	0
-644	53	23	67	322617	0
-645	36	14	27	322338	0
-685	59	23	68	320871	0
-644	73	20	70	320961	0
-652	24	23	27	321942	0
-619	68	24	69	322383	0
-620	32	19	27	322113	0
-680	207	19	207	321339	0
-665	47	19	47	321960	0
-664	34	7	22	323886	0
-635	64	13	70	324210	0
-624	43	14	44	325299	0
-624	67	16	69	324597	0

-623	34	13	31	319053	0
-599	57	5	49	314139	0
-640	59	11	65	306498	0
-646	28	8	25	306903	0
-624	55	19	66	306894	0
-667	25	17	23	308388	0
-666	66	26	75	308064	0
-692	141	15	130	297174	0
-665	194	5	184	300126	0
-680	51	24	70	300891	0
-653	61	9	46	300171	0
-657	29	4	24	300738	0
-634	56	13	65	300441	0
-660	41	23	51	300180	0
-634	59	10	46	299748	0

-630	71	8	69	299946	0
-619	44	8	44	299658	0
-590	63	14	69	299019	0
-648	108	19	113	293358	0
-680	68	0	49	293259	0
-658	57	12	69	292737	0
-690	100	14	102	313824	0
-693	65	17	68	341886	0
-699	94	16	93	363171	0
-631	133	14	131	359877	0
-673	58	8	52	359742	0
-681	59	16	67	361137	0
-636	78	5	67	361353	0
-679	57	14	66	360876	0

-653	126	3	115	359724	0
-625	62	9	68	358914	0
-614	44	11	46	356475	0
-609	73	7	69	351858	0
-649	25	4	22	347511	0
-680	204	6	206	326748	0
-664	81	15	90	325803	0
-677	87	18	90	324273	0
-697	115	12	109	321807	0
-671	58	23	69	323436	0
-637	68	23	68	324579	0
-626	45	6	28	324750	0

-594	64	11	69	326001	0
-623	39	19	47	327396	0
-610	45	23	49	328719	0
-616	61	9	47	329979	0
-655	62	14	67	333570	0
-648	39	22	47	335181	0
-619	62	7	47	335721	0
-619	35	21	49	336783	0
-599	85	8	72	338790	0
-601	33	21	46	339879	0
-595	39	6	24	340149	0
-564	63	16	73	340563	0
-559	40	0	24	340788	0
-556	35	8	43	341220	0
-554	35	21	48	341760	0
-540	49	16	44	341634	0
-609	30	11	25	341625	0
-655	87	15	91	337215	0
-680	76	4	65	334056	0

-678	69	8	73	334299	0
-639	71	11	74	333930	0
-687	52	3	44	335298	0
-671	49	22	68	335073	0
-679	59	8	45	335055	0
-653	60	15	67	335010	0
-698	54	4	43	332445	0
-663	70	0	66	332013	0
-637	59	7	66	330618	0
-628	41	14	48	330249	0
-602	61	21	68	329574	0
-596	38	8	25	328836	0
-603	60	18	70	328296	0
-598	38	5	25	328053	0
-589	42	11	48	327963	0
-597	59	22	70	327864	0
-632	32	14	24	326469	0
-585	80	8	74	326217	0
-587	31	23	46	325974	0

-587	34	15	26	325983	0
-589	65	19	69	325605	0
-589	36	5	22	325299	0
-591	28	21	44	325938	0
-582	42	3	24	325686	0
-556	60	8	65	325029	0
-554	35	23	50	325353	0
-536	51	19	47	324912	0
-537	33	10	24	325308	0
-527	44	15	49	324714	0
-560	34	4	23	324615	0
-552	41	7	44	325182	0
-562	23	5	21	325092	0
-549	47	4	46	324228	0
-555	26	22	44	324291	0
-536	52	15	45	324309	0
-571	32	7	24	323400	0
-478	126	18	137	324282	0
-470	42	24	48	324255	0
-467	36	11	23	325119	0
-471	29	5	23	325119	0
-463	75	21	91	325236	0

-407	90	0	69	325884	0
-388	53	12	65	326064	0
-368	52	6	46	326424	0
-372	29	23	46	326163	0
-370	36	16	29	326649	0
-470	33	4	21	328836	0
-490	48	23	67	336810	0
-467	89	4	70	339996	0
-472	29	24	49	341499	0
-487	51	17	44	341949	0
-477	44	15	42	340968	0
-464	46	15	46	340491	0
-467	64	19	68	338592	0
-416	83	10	74	337557	0
-400	49	6	45	337224	0
-402	32	22	48	336513	0
-464	38	12	28	336675	0
-456	74	5	67	336090	0
-468	22	11	28	336495	0
-461	40	22	51	336855	0

-477	52	16	46	337431	0
-469	40	22	46	337242	0
-463	39	6	23	337998	0
-462	35	14	43	337179	0
-548	47	14	47	337107	0
-526	55	6	47	336936	0
-529	32	0	26	335910	0
-515	46	24	70	334722	0
-516	33	13	22	334164	0
-491	59	27	73	333633	0
-460	63	15	51	332940	0
-453	41	27	53	333039	0
-472	48	20	41	333066	0
-461	44	21	45	332706	0
-476	51	16	46	332355	0
-478	65	21	70	332670	0
-476	68	21	68	332337	0
-475	35	8	22	332778	0
-468	40	15	47	332895	0
-449	52	9	46	333030	0
-448	35	22	48	333174	0
-428	53	14	45	333228	0

-411	50	12	48	333480	0
-387	58	21	67	333165	0
-371	49	20	48	332094	0
-426	45	21	46	333759	0
-421	38	6	23	334020	0
-397	59	13	66	333129	0
-386	43	16	46	331689	0
-337	83	21	88	331815	0
-325	46	22	47	332013	0
-343	48	26	52	332274	0
-342	35	19	28	331869	0
-360	48	17	46	332211	0
-343	51	11	45	333669	0
-315	61	20	70	334281	0
-308	39	5	24	335496	0
-292	50	4	49	334974	0
-295	30	23	49	337071	0
-283	46	24	47	343110	0
-283	33	14	23	347385	0
-441	42	21	49	340446	0
-433	41	7	27	336000	0

-421	45	6	44	326541	0
-384	71	8	73	314427	0
-467	17	17	26	301341	0
-473	27	16	26	297291	0
-467	39	23	46	293349	0
-467	34	15	26	289443	0
-506	27	13	25	285159	0
-508	32	8	27	284457	0
-533	41	12	45	284349	0
-536	32	8	28	284394	0
-560	42	10	44	284871	0
-568	26	9	25	285807	0
-576	25	6	22	286536	0
-565	43	7	44	286554	0
-600	32	19	44	285150	0
-624	43	26	50	284340	0
-617	40	12	26	284106	0
-606	44	15	47	285798	0
-656	50	14	49	279831	0
-648	75	12	73	280965	0
-655	26	11	25	281091	0
-623	66	12	67	282819	0
-632	24	11	23	282243	0
-631	34	0	23	281235	0
-595	70	22	92	280407	0

-597	31	15	24	280281	0
-627	38	4	27	280803	0
-597	62	16	74	280434	0
-592	38	22	44	280065	0
-595	32	12	22	280272	0
-585	43	14	45	280443	0
-582	36	6	28	280812	0
-592	24	6	24	279948	0
-567	58	0	52	279759	0
-564	70	20	90	282648	0
-596	32	12	24	280974	0
-602	29	4	21	281316	0
-584	51	0	47	283440	0
-580	37	11	48	283782	0
-618	29	5	23	283341	0
-590	61	18	74	285474	0
-671	53	14	49	283521	0
-670	34	6	26	281298	0
-676	62	13	69	291243	0
-656	52	5	44	299199	0
-699	57	14	66	317406	0

-633	133	21	140	321663	0
-629	37	6	22	324615	0
-601	61	12	67	324480	0
-633	69	14	71	328557	0
-673	59	24	69	328764	0
-635	73	17	66	328944	0
-621	46	13	42	330231	0
-595	59	21	67	330834	0
-592	37	5	21	331221	0
-592	33	0	28	331896	0
-580	45	24	69	332490	0
-585	62	4	42	333363	0
-569	49	0	45	333948	0
-551	52	20	72	333633	0
-564	20	24	24	333120	0
-534	63	10	49	330825	0
-516	52	4	46	330321	0
-523	26	21	43	330519	0
-549	41	4	24	327819	0
-566	49	4	49	327720	0

-591	42	11	49	328755	0
-675	50	8	47	328278	0
-639	69	5	66	328152	0
-639	33	23	51	328944	0
-605	67	4	48	329997	0
-608	31	20	47	330051	0
-614	27	18	25	330168	0
-613	68	24	74	332085	0
-578	68	6	50	332391	0
-574	37	12	43	333471	0
-606	68	15	71	335982	0
-598	43	20	48	334866	0
-583	47	21	48	332094	0
-564	53	17	49	330168	0
-547	50	10	43	328233	0
-538	42	15	47	327972	0
-531	41	0	26	329061	0
-508	56	17	73	328917	0
-505	37	3	23	327981	0
-489	49	24	70	326541	0
-483	40	10	26	325812	0

-475	40	13	43	325227	0
-460	48	13	48	324435	0
-438	56	7	50	323751	0
-432	39	14	46	323103	0
-416	49	13	48	323139	0
-420	30	6	23	322941	0
-396	57	18	69	322464	0
-402	27	17	26	322833	0
-408	28	11	22	323058	0
-390	51	11	51	323562	0
-387	36	0	25	323616	0
-379	42	8	50	324012	0
-372	40	10	42	324129	0
-367	38	15	43	323814	0
-360	41	19	45	323850	0
-347	46	15	42	323220	0
-335	45	17	47	323760	0
-344	25	17	25	323121	0
-336	41	25	49	323679	0
-330	40	14	29	323616	0
-314	49	17	52	323427	0
-322	25	13	21	323481	0
-316	39	23	49	323391	0
-318	32	15	24	323436	0

-288	63	22	70	323310	0
-283	38	6	22	323139	0
-271	46	5	45	323220	0
-264	40	12	47	323823	0
-255	42	15	45	324084	0
-256	33	4	22	323805	0
-243	46	6	48	324093	0
-253	23	10	27	323715	0
-236	51	8	49	324156	0
-243	26	5	23	323940	0
-238	39	9	43	324291	0
-219	52	4	47	324102	0
-219	33	21	50	324048	0
-212	40	6	25	324156	0
-208	38	12	44	323571	0
-201	40	16	44	323364	0
-189	46	17	47	323634	0
-167	56	4	43	323454	0
-180	19	8	23	323193	0
-162	51	6	49	323364	0
-169	28	22	44	323076	0
-160	42	4	24	323724	0
-151	41	9	46	323337	0
-153	33	23	47	323301	0
-138	48	24	49	323076	0
-166	38	13	27	323418	0

-163	36	24	47	323337	0
-153	43	7	26	323544	0
-150	37	16	46	323148	0
-151	32	7	23	323076	0
-127	57	16	66	323157	0
-119	42	24	50	323400	0
-120	32	15	23	323247	0
-104	49	13	47	323211	0
-95	43	18	48	323301	0
-88	40	23	45	323427	0
-71	50	22	49	323031	0
-61	45	20	43	323121	0
-56	37	5	22	323211	0
-43	46	5	46	323022	0
-42	40	8	43	322842	0
-19	51	3	46	323121	0
-26	26	22	45	323229	0
-13	48	19	45	322896	0
-9	36	7	24	322932	0
1	43	16	52	323166	0
-2	32	6	22	323562	0
0	34	26	54	323292	0
5	38	13	25	323436	0
8	38	23	48	323310	0

30	54	18	49	323679	0
36	39	3	24	323670	0
51	49	4	50	323688	0
64	46	4	46	323751	0
65	34	18	48	323517	0
59	28	14	24	323886	0
74	48	13	47	323553	0
80	40	23	50	324120	0
90	43	4	24	324066	0
95	38	14	48	324309	0
103	41	20	47	324057	0
102	33	10	23	324300	0
132	63	14	67	323940	0
145	47	12	45	323949	0
146	35	22	45	323823	0
160	46	19	43	324174	0
171	44	27	52	323967	0
177	41	8	22	324156	0
176	31	21	44	323724	0
174	31	16	26	324354	0
189	49	14	47	323823	0
188	32	4	22	323724	0
192	37	16	49	324075	0
190	32	6	22	323751	0
201	44	11	49	323859	0
197	29	5	23	323679	0

215	52	21	68	323562	0
194	46	20	45	323544	0
204	44	23	47	323814	0
202	31	13	21	324363	0
207	38	23	48	323751	0
220	47	22	46	323814	0
410	22	24	24	323769	0
233	56	9	41	323931	0
234	35	22	48	323544	0
213	45	24	47	323580	0
218	39	9	24	323481	0
233	48	7	46	323778	0
230	30	21	44	323409	0
487	25	19	23	323994	0
266	45	18	44	323535	0
282	49	13	44	323598	0
242	27	10	24	323490	0
549	40	14	44	323670	0
317	68	14	68	323535	0
372	88	15	89	323526	0
357	52	12	49	323481	0
371	48	8	44	323499	0

605	33	21	46	323508	0
422	84	10	73	323589	0
480	26	9	25	323787	0
612	31	21	43	323508	0
442	63	6	48	323724	0
424	50	22	66	323796	1
539	14	31	23	323508	0
427	54	24	47	323544	1
480	20	26	22	323400	0
459	46	5	25	323625	0
478	52	19	66	323733	0
787	42	21	44	323490	0
508	21	24	24	323679	0
512	38	8	22	323328	0
517	38	20	50	323400	0
458	42	24	46	322977	0
469	43	4	23	323175	0
466	32	20	48	323184	0
943	42	22	44	323625	0
631	22	28	28	323184	0
542	44	5	21	323472	0
569	60	18	73	322671	0
542	74	17	73	323382	0
546	38	25	46	323247	0

936	55	19	49	323481	0
708	39	4	24	323553	0
635	27	20	43	323355	0
639	37	8	25	324075	0
597	58	24	74	323877	0
609	46	25	47	324921	0
617	41	12	28	324417	0
1008	59	19	66	323130	0
686	43	24	48	324543	0
685	33	15	24	324462	0
635	50	10	45	339375	0
641	39	18	47	344946	0
977	36	7	25	323409	0
710	66	10	69	354513	0
717	41	15	46	360786	0
680	64	16	65	369750	0
1226	45	15	44	324309	0
994	34	6	25	345000	0
778	52	24	70	368769	0
808	62	9	47	367023	0
752	44	12	47	365151	0

783	99	4	91	365097	0
794	43	8	47	364674	0
803	77	21	90	363180	1
950	13	31	23	365160	0
823	39	15	23	362145	0
831	43	18	46	361605	0
1521	22	23	27	335307	0
1330	43	4	24	370587	0
937	73	0	69	360741	0
956	52	15	67	361344	0
844	56	4	45	359643	0
940	29	24	49	361947	0
1644	70	21	67	367950	0
1472	28	17	24	365628	0
985	47	16	46	357006	0
1094	42	18	44	362352	0
960	32	8	22	360669	0
934	42	9	43	353460	0
870	68	12	71	322203	1
978	9	28	25	342543	0
1824	80	13	65	365817	0
1265	41	18	46	356475	0

1005	39	5	26	317109	0
1129	24	7	26	334191	0
973	44	7	44	293826	0
1857	84	8	85	364017	0
1468	45	11	48	358716	0
1176	40	19	48	299640	1
1117	8	34	23	290604	0
928	44	15	25	287256	1
1800	6	32	23	360858	0
1824	57	21	46	361722	0
1448	25	17	21	327729	0
1250	34	4	21	288228	0
940	90	11	97	337872	0
1222	49	11	49	287652	0
1539	17	16	22	309027	0
1407	35	4	23	288453	0
1395	21	4	21	288003	0
1387	25	4	25	288435	0
1070	17	12	25	350391	0
1302	32	4	24	288480	0
1314	46	5	47	297084	0
1510	62	12	69	288615	0
2029	20	16	24	359796	0
1358	62	27	73	326244	0
1203	44	8	25	359508	0
1484	15	23	30	308550	0

1312	61	5	43	361920	0
1252	40	16	51	352533	1
1560	9	32	25	316623	0
1472	46	14	28	359481	0
1387	46	16	48	355179	1
1494	7	32	23	362829	0

