DelayToEnqueue	DeltaEnqueue	QueueDelay	DeltaDequeue	FrameSize	Buffer
44	0	13	0	245208	1
82	5	34	26	241923	1
27	12	43	21	248439	1
33	40	25	22	253866	0
65	64	3	42	258348	0
36	6	19	22	260598	0
25	22	18	21	262290	0
46	53	6	41	264675	0
45	34	13	41	265521	0
35	23	11	21	268572	0
79	77	16	82	274566	0
79	35	2	21	273882	0
71	24	20	42	273027	0
39	35	7	22	276960	0
42	35	16	44	278922	1
113	5	32	21	275457	0
49	35	18	21	266844	1
32	17	22	21	254496	0
27	28	15	21	246711	0

46	52	4	41	245145	0
58	46	1	43	243831	0
43	18	4	21	239250	0
34	24	2	22	233913	0
55	55	9	62	230349	0
38	17	13	21	226047	0
29	23	11	21	223365	0
41	46	8	43	220413	0
26	18	12	22	217848	0
22	29	6	23	214689	0
34	46	3	43	211332	0
42	41	5	43	208218	0
21	12	14	21	204843	0
22	35	1	22	202125	0
28	39	4	42	198102	0
55	60	7	63	196608	1
27	6	22	21	194439	0
21	28	15	21	195303	0
32	44	15	44	195546	0
49	51	6	42	196311	0
33	17	11	22	194916	0
29	29	3	21	192873	0
37	42	2	41	189786	0
16	11	12	21	187374	0
16	33	21	42	184917	0
21	39	3	21	182289	0
39	51	15	63	180228	1
12	6	31	22	179229	1
8	30	22	21	178644	0
23	48	16	42	176682	0
31	47	10	41	176862	0

41	39	13	42	176799	1
15	6	27	20	178023	0
21	39	9	21	179121	0
38	51	20	62	180138	1
10	6	35	21	180372	0
13	35	21	21	182685	0
29	51	11	41	183378	0
43	47	6	42	182730	0
16	6	21	21	182325	0
16	34	8	21	183963	0
23	40	8	40	183801	0
31	40	10	42	184404	0
44	47	4	41	184575	0
21	10	15	21	185943	0
22	34	2	21	186060	0
35	47	16	61	186078	0
48	46	11	41	185934	0
26	11	22	22	185124	0
28	36	8	22	188625	0
31	36	14	42	189129	0
41	43	12	41	187851	1
18	11	26	25	188337	0
24	40	7	21	187473	0
28	36	14	43	187068	0
38	45	10	41	187113	0
22	17	14	21	187914	0
17	28	6	20	188706	0
29	46	3	43	189831	0
43	47	18	62	191559	1

22	12	28	22	191082	0
17	29	22	23	191199	0
26	41	2	21	192504	0
44	51	13	62	191964	1
22	12	22	21	191901	0
16	27	17	22	192018	0
39	56	2	41	192783	0
43	39	6	43	192405	0
22	11	17	22	193008	0
18	29	9	21	192441	0
31	47	4	42	192315	0
44	47	18	61	192801	1
24	12	27	21	193908	0
18	29	19	21	193323	0
31	45	16	42	194421	0
43	46	15	45	195546	1
20	11	24	20	195627	0
15	28	18	22	197175	0
29	46	17	45	198327	0
45	51	8	42	199911	0
25	13	17	22	200073	0
22	30	8	21	199749	0
22	34	16	42	199947	0
41	52	6	42	200118	0
20	11	16	21	200307	0
16	30	7	21	200820	0
27	45	4	42	201216	0
46	51	15	62	200883	1
23	11	26	22	201171	0
19	29	18	21	200847	0
32	46	13	41	200829	0

38	40	14	41	201909	1
16	11	24	21	201621	0
16	33	12	21	201432	0
28	46	7	41	201099	0
46	52	17	62	204843	1
24	10	28	21	206013	0
23	34	15	21	208281	0
26	36	1	22	209478	0
39	46	18	63	212520	1
23	17	22	21	213645	0
13	24	19	21	215832	0
27	46	15	42	217596	0
39	46	11	42	219747	0
22	16	17	22	219675	0
35	46	12	41	220188	0
34	33	21	42	219171	0
42	41	2	22	216345	0
26	17	7	22	216003	0
27	35	14	42	211359	0
27	34	1	21	209847	0
42	47	17	63	207660	1
18	11	27	21	204654	0
20	35	13	21	200892	0
29	41	14	42	197616	0
42	47	9	42	197571	0
19	12	23	26	195150	0
12	25	19	21	195087	0
33	55	6	42	194169	0
42	41	8	43	191811	0
26	17	12	21	191127	0

21	29	3	20	190560	0
28	40	6	43	190623	0
40	45	7	46	188283	0
18	12	16	21	187977	0
19	34	3	21	187959	0
32	46	20	63	188706	0
50	52	9	41	189336	0
29	12	18	21	191127	0
25	29	10	21	193503	0
30	39	13	42	195942	0
49	53	2	42	198885	0
21	5	19	22	198516	0
28	41	20	42	199191	0
36	41	20	41	200154	0
60	57	4	41	202989	0
37	11	14	21	203682	0
38	34	3	23	200685	0
17	11	13	21	199155	0
10	28	8	23	198885	0
29	51	19	62	200199	0
42	46	15	42	200514	0
59	51	6	42	200577	0
39	13	16	23	199290	0
30	24	13	21	198255	0
35	39	17	43	196626	0
49	48	11	42	196041	0
27	11	23	23	193710	0
17	24	21	22	194745	0
36	52	11	42	192999	0

43	40	14	43	191847	1
22	12	23	21	190110	0
18	30	14	21	189615	0
38	52	3	41	188148	0
42	38	6	41	187212	0
21	12	15	21	186753	0
22	34	2	21	186609	0
29	41	2	41	186447	0
43	47	17	62	185268	1
22	12	26	21	185340	0
17	29	18	21	184620	0
52	68	12	62	183846	0
34	15	18	21	184656	0
18	18	21	21	182694	0
35	50	12	41	181515	0
41	39	19	46	181893	1
19	12	28	21	180570	0
18	33	16	21	180111	0
33	47	15	46	179958	0
43	45	11	41	179085	0
21	11	21	21	179634	0
19	31	16	26	179634	0
33	47	10	41	179355	0
46	47	6	43	179274	0
26	12	17	23	178743	0
21	30	8	21	178635	0
28	40	10	42	177825	0
41	46	5	41	177123	0
13	6	19	20	176430	0
16	35	6	22	173721	0
33	51	16	61	174666	0

46	46	13	43	174693	1
18	5	29	21	171300	0
31	46	5	22	171381	0
45	48	18	61	172857	1
29	17	22	21	176970	0
24	28	15	21	180498	0
30	41	15	41	183450	0
44	47	13	45	186249	1
18	6	28	21	186474	0
18	34	15	21	187023	0
42	58	2	45	188346	0
49	40	5	43	189804	0
27	12	14	21	193611	0
19	25	10	21	193818	0
39	52	21	63	196257	0
54	49	14	42	197571	1
27	6	30	22	198129	0
24	30	21	21	199164	0
35	45	18	42	199785	0
48	46	15	43	200424	1
22	7	29	21	201063	0
23	35	16	22	203025	0
31	41	16	41	203448	0
52	54	4	42	202152	0
23	6	19	21	202512	0
18	28	12	21	204663	0
33	47	7	42	203727	0
45	46	3	42	204717	0
22	11	14	22	204735	0
18	29	7	22	204240	0

30	46	4	43	204231	0
42	46	21	63	204096	1
22	11	31	21	205275	1
17	29	23	21	204303	0
23	39	5	21	203817	0
40	50	18	63	204384	1
22	16	22	20	203907	0
16	27	16	21	203484	0
23	40	17	41	203196	0
40	51	8	42	201729	0
24	17	13	22	201387	0
9	18	16	21	199857	0
23	48	9	41	198165	0
37	47	4	42	196860	0
14	11	14	21	194619	0
11	30	5	21	190254	0
20	42	5	42	186852	0
28	42	5	42	184683	0
39	45	1	41	182613	0
19	12	10	21	181029	0
14	29	2	21	182460	0
27	47	18	63	183027	0
42	48	12	42	182577	1
15	6	27	21	182847	0
11	30	19	22	183144	0
26	48	13	42	183027	0
36	42	13	42	183207	1
14	12	22	21	182883	0
10	30	13	21	182145	0
24	46	9	42	181533	0

38	48	2	41	181740	0
45	40	4	42	181173	0
18	6	19	21	180660	0
25	41	20	42	180651	0
26	34	7	21	180021	0
40	47	2	42	178896	0
18	12	11	21	178986	0
19	34	19	42	178554	0
32	46	14	41	177771	0
43	46	10	42	176943	0
22	11	21	22	177015	0
16	27	14	20	176430	0
25	44	12	42	176061	0
39	47	7	42	175170	0
17	10	18	21	175656	0
17	34	4	20	174621	0
32	48	18	62	174279	0
41	42	18	42	174333	1
19	12	27	21	173298	0
19	33	15	21	173253	0
31	45	12	42	172695	0
43	46	8	42	173973	0
22	12	17	21	172902	0
18	29	13	25	174279	0
24	40	14	41	172767	0
36	46	10	42	172929	0
15	11	20	21	172164	0
13	33	8	21	172434	0
24	44	6	42	171597	0
39	47	1	42	172794	0
15	11	11	21	172740	0

14	32	21	42	172974	0
24	42	21	42	174108	0
38	48	15	42	173685	1
11	6	30	21	172668	1
7	29	22	21	174387	0
25	52	11	41	173838	0
32	40	13	42	173640	1
11	12	22	21	174090	0
12	35	8	21	173685	0
24	45	4	41	175494	0
33	42	3	41	174675	0
70	71	20	88	175656	1
48	12	30	22	175683	1
28	12	40	22	175539	1
12	19	41	20	175188	1
19	40	22	21	175602	0
44	57	7	42	176628	1
15	6	23	22	176493	0
10	28	17	22	175773	0
23	46	12	41	176592	0
33	44	11	43	174783	0
44	44	9	42	176349	0
25	13	17	21	175962	0
19	28	11	22	175737	0
42	56	17	62	176304	1
15	6	32	21	175323	1
8	28	25	21	176646	0
21	46	20	41	176169	0
33	45	18	43	175395	0

46	46	14	42	175638	1
24	11	24	21	176214	0
25	34	12	22	175917	0
44	53	1	42	176907	0
21	11	11	21	176727	0
17	28	4	21	175890	0
24	41	5	42	176277	0
43	52	15	62	175953	1
22	12	24	21	175449	0
16	28	18	22	176088	0
23	40	20	42	176331	0
41	52	9	41	176511	1
13	6	24	21	175683	0
15	34	11	21	176340	0
29	47	5	41	177870	0
42	47	20	62	177249	1
21	12	30	22	177987	1
17	29	22	21	177015	0
25	43	21	42	177330	0
39	47	16	42	177465	1
19	12	24	20	177294	0
13	29	17	22	178914	0
27	47	12	42	178158	0
42	47	7	42	178293	1
13	6	23	22	177735	0
11	30	14	21	178788	0
24	46	9	41	180111	0
38	48	7	46	177978	0
57	53	17	63	179481	1
36	11	27	21	178878	0

22	28	20	21	178581	0
47	51	11	42	178869	1
20	5	28	22	178788	0
19	34	16	22	178419	0
26	40	18	42	178005	0
47	53	7	42	178716	1
19	6	23	22	178500	0
19	33	11	21	178734	0
32	46	6	41	179139	0
39	41	6	41	179436	0
17	11	16	21	178401	0
13	29	8	21	177807	0
36	58	12	62	178131	1
14	11	22	21	178464	0
11	29	16	23	177915	0
22	45	13	42	178059	0
29	40	14	41	178833	0
43	48	9	43	179409	0
22	12	18	21	179346	0
17	28	12	22	179427	0
31	47	7	42	178140	0
40	44	8	45	179490	0
20	12	17	21	179661	0
22	35	3	21	179589	0
40	53	14	64	178815	1
13	6	29	21	179238	0
15	35	15	21	179355	0
23	41	16	42	178527	0
30	40	17	41	178590	0
43	46	13	42	179373	1

20	11	24	22	179301	0
20	33	12	21	178878	0
33	46	8	42	178554	0
46	47	4	43	179139	0
18	6	18	20	178608	0
19	34	5	21	178932	0
42	56	15	66	178653	0
44	36	20	41	178086	1
23	11	29	20	178392	0
22	34	16	21	178257	0
33	44	13	41	177726	1
11	11	23	21	177780	0
8	30	15	22	178311	0
22	47	13	45	176655	0
31	42	12	41	178662	0
49	52	3	43	177753	0
29	13	15	25	177672	0
25	29	8	22	178320	0
33	42	8	42	177357	0
44	46	7	45	177213	0
25	12	17	22	177960	0
24	33	4	20	176997	0
36	46	20	62	176529	0
42	39	2	21	175917	0
20	12	11	21	176826	0
26	39	15	43	175773	0
32	39	18	42	175539	0
40	42	17	41	176610	1
20	12	26	21	175296	0
14	27	20	21	176646	0

31	51	10	41	175611	0
44	46	7	43	175692	0
23	12	16	21	176061	0
21	32	5	21	175980	0
23	36	10	41	176133	0
41	51	21	62	174999	1
13	5	36	20	175269	0
20	40	17	21	175674	0
33	46	14	43	176124	0
41	42	13	41	175413	0
26	18	16	21	175755	0
21	28	9	21	175827	0
26	40	13	44	175314	0
43	50	5	42	176070	0
17	6	21	22	174819	0
19	37	9	25	175827	0
31	45	5	41	174396	0
45	46	1	42	175161	0
21	11	14	24	174144	0
24	35	21	42	176106	0
37	46	16	41	176016	0
44	41	16	41	176466	1
22	11	26	21	175719	0
24	35	13	22	176475	0
37	47	8	42	176736	0
45	42	7	41	176907	1
19	6	23	22	176646	0
25	41	2	20	176700	0
43	50	15	63	175872	1
21	12	24	21	177042	1
9	22	24	22	177609	0

18	41	5	22	176790	0
25	41	6	42	176556	0
64	73	16	83	177519	1
41	10	27	21	176961	0
43	35	14	22	177429	1
15	6	29	21	177528	0
11	29	22	22	176898	0
25	47	18	43	178806	0
39	47	14	43	177186	1
12	6	28	20	177303	0
29	50	20	42	176979	0
28	33	9	22	177114	0
41	46	5	42	176682	0
28	20	6	21	177015	0
10	16	11	21	176763	0
22	45	7	41	176565	0
40	51	17	61	176394	0
23	17	21	21	176691	0
13	23	19	21	177060	0
26	46	14	41	176196	0
44	52	8	46	176664	0
22	11	19	22	175791	0
23	34	6	21	175467	0
30	42	6	42	174801	0
47	51	18	63	175908	1
26	11	28	21	175620	1
16	24	29	25	176691	0
26	42	8	21	175935	0
39	46	3	41	175638	0
11	6	19	22	176043	0

11	33	6	20	174846	0
26	48	19	61	175350	0
59	68	14	63	174342	1
39	12	23	21	175845	0
39	33	11	21	174684	1
16	11	21	21	174684	0
17	34	9	22	175008	0
30	46	6	43	175485	0
36	40	8	42	174711	0
13	11	18	21	174909	0
27	46	13	41	175998	0
25	33	2	22	175395	0
37	45	19	62	175872	1
17	12	28	21	174882	0
11	28	21	21	175215	0
23	45	18	42	175071	0
42	52	8	42	175566	0
20	12	17	21	175998	0
15	28	10	21	175224	0
28	46	5	41	175764	0
35	41	6	42	175332	0
13	11	16	21	175341	0
15	35	2	21	174882	0
26	46	1	45	175449	0
32	39	3	41	174684	0
10	11	13	21	173145	0
4	28	7	22	174414	0
23	52	15	60	174891	0
48	58	20	63	175179	1

28	14	27	21	174954	0
25	29	20	22	174477	0
33	41	20	41	173559	0
50	51	12	43	174765	1
22	5	28	21	175584	0
19	30	18	20	174756	0
36	51	9	42	175350	1
9	6	24	21	175107	0
11	35	10	21	175026	0
25	48	3	41	174090	0
31	39	6	42	174603	0
44	46	2	42	174954	0
16	6	16	20	174135	0
15	33	6	23	174279	0
28	46	2	42	174099	0
45	51	14	63	175080	1
24	12	24	22	174009	0
21	29	16	21	174495	0
31	44	13	41	175233	0
44	46	12	45	173991	1
16	6	27	21	174234	0
15	33	16	22	174873	0
28	45	13	42	174009	0
37	42	13	42	174549	1
15	12	22	21	173352	0
10	29	14	21	174729	0
30	52	4	42	175134	0
39	45	22	63	175062	1
18	13	34	25	175026	0
24	36	19	21	174828	0
25	35	5	21	174990	0

37	46	1	42	175278	0
15	11	11	21	175449	0
17	36	16	41	175359	0
23	39	18	41	175845	0
43	52	7	41	175755	1
14	5	24	22	176007	0
13	32	13	21	176457	0
21	41	13	41	176439	0
37	50	8	45	176889	1
10	6	24	22	175386	0
7	30	15	21	176934	0
21	48	9	42	177123	0
39	51	19	61	177582	1
16	10	31	22	176655	1
11	29	26	24	177141	0
24	47	20	41	177258	0
37	46	15	41	176466	1
10	7	30	22	178365	0
12	35	16	21	178005	0
26	46	11	41	177951	0
30	39	13	41	177780	0
44	47	9	43	176394	0
29	17	13	21	177726	0
24	29	6	22	177582	0
35	44	5	43	178248	0
48	46	1	42	177528	0
20	6	16	21	176907	0
19	32	5	21	177915	0
32	46	1	42	177708	0

45	47	17	63	177366	1
18	6	32	21	177627	0
27	42	15	25	178077	0
33	40	17	42	177375	0
46	47	11	41	177681	1
19	6	26	21	177204	0
19	34	14	22	178347	0
33	47	9	42	177240	0
40	39	11	41	176997	1
11	6	26	21	176277	0
13	35	11	20	176772	0
25	45	7	41	177141	0
37	46	2	41	176439	0
16	11	12	21	177744	0
23	40	14	42	176232	0
23	34	2	22	176763	0
43	53	15	66	176664	1
22	12	25	22	176115	1
11	23	24	22	175449	0
27	50	16	42	176259	0
36	41	16	41	176727	0
43	41	17	42	176187	1
16	6	33	22	176286	0
23	40	14	21	176412	0
34	45	11	42	175881	0
48	47	7	43	176331	1
20	5	23	21	175521	0
19	34	9	20	176457	0
39	53	19	63	174882	0
41	34	6	21	176232	0
17	11	16	21	174936	0

20	35	2	21	175989	0
34	47	1	46	175134	0
43	44	20	63	176502	1
17	6	35	21	176340	0
26	42	15	22	176403	0
27	35	1	21	175053	0
42	49	15	63	175773	1
22	12	25	22	176592	0
17	29	18	22	175962	0
29	45	15	42	176817	0
41	45	11	41	176718	1
12	5	27	21	176934	0
13	34	14	21	176574	0
42	62	15	63	175899	0
43	35	1	21	175953	0
16	6	16	21	175143	0
16	34	4	22	176160	0
24	42	7	45	176430	0
43	52	18	63	176502	1
16	6	33	21	176340	0
21	39	15	21	176295	0
27	39	17	41	176502	0
39	44	16	43	176232	1
15	11	26	21	176745	0
11	28	18	20	177393	0
21	43	16	41	176403	0
39	52	5	41	177051	0
18	12	14	21	177420	0
8	23	12	21	177564	0
24	51	3	42	177141	0

36	44	1	42	177897	0
15	12	10	21	177348	0
14	34	18	42	177645	0
24	42	18	42	177438	0
36	45	15	42	178050	0
42	41	16	42	178320	1
21	11	29	24	177879	0
20	32	19	22	178428	0
29	44	17	42	178563	0
47	52	7	42	178887	1
20	5	23	21	178707	0
21	35	10	22	179598	0
34	45	7	42	178671	0
42	41	8	42	180012	0
19	11	19	22	180903	0
27	41	19	41	179094	0
33	39	1	21	179184	0
51	52	12	63	179886	1
29	11	25	24	179193	1
20	24	22	21	179643	0
37	51	13	42	179553	0
49	46	9	42	180381	1
23	6	24	21	179850	0
18	30	15	21	179904	0
31	45	11	41	180003	0
43	45	9	43	180480	0
20	11	19	21	179229	0
19	33	8	22	179850	0
28	41	9	42	178833	0
39	45	6	42	178932	0

43	46	1	41	179706	0
24	5	16	20	180030	0
24	34	3	21	178617	0
41	50	14	61	179598	1
19	11	28	25	178824	0
15	30	19	21	179589	0
27	45	15	41	178752	0
43	49	7	41	178671	1
15	6	22	21	178860	0
12	30	13	21	178257	0
21	42	11	40	178284	0
37	50	3	42	178275	0
16	12	12	21	178113	0
12	29	5	22	178482	0
25	48	21	64	177240	0
36	44	18	41	177699	1
15	11	28	21	177618	1
7	27	26	25	177033	0
21	47	21	42	177834	0
33	45	17	41	176853	0
48	49	11	43	177537	1
20	5	27	21	177240	0
21	34	14	21	177069	0
36	49	6	41	176916	0
43	40	8	42	175944	1
17	6	23	21	176736	0
18	35	10	22	176718	0
28	43	13	46	176799	0
39	44	10	41	176070	0
16	11	20	21	177375	0
18	35	10	25	177555	0
30	45	6	41	177366	0
38	42	6	42	178113	0
17	12	16	22	176295	0
17	33	4	21	176700	0
28	46	19	61	177294	0
41	45	15	41	177870	1
19	11	25	21	176601	1
8	23	22	20	177681	0
33	58	6	42	177519	0
41	41	7	42	178302	1
13	6	22	21	178266	0
12	33	11	22	178095	0
24	44	8	41	176349	0
35	46	3	41	177897	0
14	11	13	21	178500	0
11	30	6	23	177384	0
23	46	1	41	179463	0
36	46	17	62	177465	1
15	12	27	22	178869	0
15	34	14	21	178752	0
21	39	17	42	179193	0
32	44	16	43	178761	0
48	51	7	42	180372	1
21	5	24	22	180525	0
29	41	4	21	181299	0
36	41	6	43	181533	0
14	11	15	20	182613	0
13	32	4	21	183981	0

64	86	2	84	185241	0
59	27	17	42	185889	0
44	18	20	21	187833	0
40	31	10	21	189012	1
13	6	24	20	192000	0
9	29	16	21	194223	0
23	48	10	42	196167	0
37	47	3	40	198237	0
23	18	6	21	201153	0
12	24	3	21	202620	0
26	46	20	63	204447	0
34	41	22	43	204798	0
47	47	15	40	205626	1
25	11	25	21	206202	0
25	33	14	22	208677	0
32	41	15	42	209955	0
44	45	13	43	213231	1
22	11	23	21	215688	0
19	32	12	21	219945	0
30	44	10	42	221934	0
44	46	7	43	224985	0
27	18	10	21	226416	0
24	30	3	23	227271	0
31	40	5	42	227109	0
43	46	1	42	225723	0
26	16	6	21	222717	0
17	24	4	22	217020	0
29	46	21	63	212529	0
40	44	20	43	208731	1
20	12	29	21	205203	0
23	37	12	20	204195	0

31	41	14	43	202683	0
50	52	3	41	202017	0
22	6	18	21	201180	0
25	36	3	21	201360	0
26	34	11	42	200199	0
44	52	1	42	198399	0
16	6	16	21	194574	0
18	35	2	21	190929	0
23	39	5	42	186708	0
41	51	17	63	183378	1
19	11	26	20	178554	0
20	34	14	22	176529	0
19	33	1	20	174369	0
33	47	16	62	170103	1
10	11	26	21	167385	0
13	35	13	22	165180	0
24	43	11	41	162912	0
34	45	8	42	160581	0
19	18	14	24	157809	0
11	24	12	22	156333	0
26	50	4	42	153669	0
40	47	18	61	153021	1
13	6	33	21	153345	0
14	35	19	21	153327	0
21	40	1	22	154182	0
38	50	13	62	155559	1
9	5	30	22	156783	0
13	36	15	21	158241	0
19	40	17	42	158502	0
35	50	7	40	157260	0

12	11	17	21	155694	0
8	28	10	21	154452	0
30	56	18	64	155217	0
32	35	4	21	154983	0
44	45	1	42	155280	0
21	11	12	22	155919	0
17	29	4	21	154758	0
30	46	1	43	156441	0
42	46	17	62	156423	0
26	17	22	22	158934	0
21	28	14	20	160077	0
27	40	16	42	159447	0
38	44	13	41	159663	1
15	10	25	22	158880	0
16	35	15	25	154362	0
29	46	11	42	147081	0
42	46	6	41	139233	0
25	17	10	21	131322	0
16	24	7	21	124590	0
24	41	8	42	118236	0
41	51	19	62	112863	1
14	6	33	20	109182	0
20	39	15	21	106581	0
27	41	16	42	104574	0
53	60	18	62	103638	1
27	6	32	20	102432	1
10	17	40	25	102108	0
25	48	13	21	101955	0
32	40	15	42	103197	1
4	6	30	21	103287	0

12	41	10	21	102972	0
23	44	11	45	103224	0
36	47	6	42	103485	1
10	6	22	22	103332	0
10	34	9	21	103665	0
20	44	11	46	103989	0
34	47	6	42	104421	0
7	6	21	21	104466	0
8	35	7	21	104655	0
22	47	2	42	104853	0
35	46	19	63	105006	1
7	6	34	21	105357	1
5	31	24	21	105294	0
30	58	8	42	105825	0
29	33	16	41	106005	1
1	6	30	20	106347	0
9	39	12	21	105888	0
28	54	20	62	105852	0
40	45	17	42	105933	1
14	6	32	21	105987	1
9	30	22	20	105861	0
22	46	18	42	105672	0
30	41	19	42	105339	1
7	11	29	21	105609	0
8	34	17	22	105582	0
26	51	7	41	105483	0
33	41	11	45	105771	1
6	6	26	21	105114	0
14	41	7	22	105411	0
20	40	8	41	105186	0

32	45	5	42	105438	0
5	6	20	21	105204	0
7	36	5	21	105303	0
20	46	21	62	105114	0
27	40	2	21	105177	0
-1	6	17	21	104691	0
6	40	18	41	105006	0
25	52	9	43	104736	0
39	48	2	41	104808	0
11	5	18	21	104997	0
7	29	10	21	104691	0
19	47	4	41	104889	0
34	47	19	62	104844	1
6	5	34	20	104790	1
6	34	22	22	105024	0
18	46	17	41	104493	0
26	40	20	43	104619	0
38	47	18	45	104421	1
12	6	33	21	104601	0
15	35	19	21	104331	0
25	45	16	42	104286	0
33	40	18	42	104574	1
11	11	27	20	104925	0
15	39	9	21	104493	0
27	45	7	43	104781	1
0	6	22	21	104790	0
10	44	20	42	104529	0
21	44	18	42	105132	0
32	44	15	41	105186	1
4	6	34	25	104997	0

7	36	19	21	104727	0
14	40	21	42	105150	0
27	47	15	41	105474	0
34	40	17	42	105591	1
6	6	32	21	105294	0
19	46	6	20	105528	0
26	39	8	41	105465	0
39	46	3	41	105087	0
16	12	16	25	105411	0
12	29	8	21	105510	0
23	44	4	40	105222	0
36	47	19	62	106212	1
15	12	28	21	106275	0
21	39	9	20	106446	0
27	40	11	42	106635	0
36	42	11	42	107130	1
9	6	26	21	107625	0
15	40	7	21	108489	0
28	46	2	41	109812	0
35	40	4	42	111540	0
15	14	15	25	113529	0
16	34	2	21	115221	0
23	40	3	41	116724	0
36	47	18	62	118128	1
7	5	36	23	118254	1
9	34	23	21	118614	0
27	52	12	41	118110	0
40	46	8	42	118200	1
13	6	23	21	117984	0
14	35	10	22	117939	0

25	44	8	42	117489	0
34	42	8	42	116994	1
6	6	23	21	117111	0
6	33	12	22	116805	0
18	45	8	41	115905	0
35	51	20	63	114843	1
8	6	35	21	114924	1
4	29	27	21	115050	0
22	52	17	42	115473	0
33	44	15	42	115995	1
10	10	26	21	116967	0
5	29	18	21	118011	0
14	42	18	42	117606	0
28	47	13	42	117957	0
39	45	8	40	117930	1
12	6	24	22	118578	0
19	40	4	20	118767	0
25	40	5	41	118803	0
44	52	19	66	119217	1
16	5	35	21	118776	1
16	34	22	21	118470	0
30	47	16	41	118281	0
41	44	14	42	118236	1
13	7	28	21	118245	0
10	29	20	21	117759	0
23	46	16	42	118326	0
36	47	11	42	118677	1
10	7	25	21	118749	0
13	35	11	21	118434	0
18	40	13	42	118803	0

46	61	16	64	118128	1
19	6	30	20	118002	1
9	24	28	22	117453	0
20	44	5	21	117570	0
41	54	14	63	117525	1
12	5	30	21	117354	1
8	29	22	21	117669	0
21	46	18	42	117705	0
40	53	7	42	117885	1
12	6	22	21	118263	0
4	24	18	20	118623	0
15	45	16	43	119442	0
29	47	11	42	120378	0
41	45	8	42	120432	1
14	7	22	21	121620	0
20	39	3	20	122880	0
34	46	2	45	122655	0
4	5	19	22	122403	0
6	35	6	22	123213	0
14	41	6	41	123051	0
24	44	4	42	123582	0
45	54	12	62	123915	1
17	5	29	22	123654	0
19	36	14	21	123933	0
27	41	18	45	124176	0
40	46	13	41	124662	1
11	5	29	21	124905	0
14	36	14	21	124671	0
27	46	13	45	125661	0
36	44	11	42	126651	1

10	6	25	20	127011	0
12	44	3	22	127695	0
22	35	9	41	127704	0
41	52	20	63	127614	1
14	6	35	21	127659	1
13	33	27	25	127083	0
33	53	15	41	126417	0
36	36	0	21	126624	0
8	6	15	21	127011	0
10	35	1	21	125472	0
26	49	13	61	125454	0
35	43	12	42	124257	1
8	6	28	22	123348	0
16	41	11	24	123006	0
27	45	7	41	122169	0
38	44	4	41	121143	0
10	5	20	21	120729	0
10	35	10	25	120405	0
25	47	5	42	120027	0
34	41	6	42	119469	1
5	6	23	23	119316	0
7	34	10	21	119271	0
25	51	1	42	118443	0
36	46	17	62	119415	1
8	5	36	24	118191	0
20	45	11	20	118443	0
20	34	20	43	118182	0
32	45	16	41	118605	1
5	6	33	23	118290	0
12	41	13	21	118290	0

13	34	20	41	118002	0
31	51	10	41	117813	0
9	12	21	23	117453	0
7	31	11	21	117687	0
18	44	8	41	116211	0
32	48	2	42	116301	0
4	5	18	21	116022	0
5	34	4	20	116409	0
17	46	0	42	115464	0
24	40	1	41	115869	0
42	51	12	62	115644	1
13	5	28	21	115149	0
16	36	13	21	115446	0
29	46	9	42	114807	0
43	48	2	41	115095	0
17	7	17	22	115239	0
18	34	3	20	115986	0
30	46	20	63	115527	0
45	48	15	43	115293	1
17	5	31	21	115329	0
18	35	17	21	115473	0
24	39	21	43	115437	0
42	51	11	41	115878	1
13	5	27	21	115401	0
14	34	14	21	115203	0
22	41	15	42	115698	0
42	54	2	41	115869	0
14	5	18	21	115662	0
10	29	10	21	115626	0
27	51	22	63	114960	0

36	42	1	21	115095	0
8	5	17	21	113178	0
4	30	8	21	111405	0
18	47	2	41	111423	0
35	50	14	62	111117	1
6	5	30	21	111486	0
8	35	16	21	112557	0
18	43	15	42	114429	0
31	47	9	41	117093	1
5	7	22	20	119739	0
5	33	10	21	124302	0
17	46	6	42	126480	0
30	46	1	41	131457	0
41	44	18	61	135417	1
13	6	33	21	136524	0
20	40	14	21	137838	0
22	35	4	25	140232	0
37	50	16	62	141177	1
16	11	26	21	143454	0
22	39	9	22	145128	0
28	40	10	41	147180	0
39	44	9	43	149079	0
18	12	17	20	150717	0
23	39	3	25	152085	0
25	35	11	43	153642	0
38	45	7	41	155550	0
15	45	3	41	158700	0
29	47	18	62	160806	0
48	53	6	41	163182	0

26	11	16	21	166188	0
14	21	16	21	170391	0
28	48	9	41	173901	0
51	57	15	63	178392	1
25	6	30	21	182316	1
13	23	29	22	186006	0
31	51	20	42	188256	0
12	48	18	46	190938	0
19	39	20	41	192207	0
39	87	16	83	190209	1
17	11	26	21	188958	0
14	30	16	20	187491	0
26	46	11	41	185574	0
38	45	13	47	183081	1
16	11	23	21	180714	0
11	29	14	20	180408	0
28	50	9	45	181299	0
42	47	4	42	182640	0
24	50	15	61	182487	0
34	43	17	45	184539	0
41	41	17	41	186519	1
19	11	28	22	188328	0
23	37	12	21	189021	0
23	34	19	41	190866	0
38	47	13	41	191424	1
16	11	23	21	191064	0
23	41	2	20	192450	0

42	52	12	62	192747	1
15	6	27	21	192252	0
10	29	19	21	190821	0
22	45	15	41	189291	0
37	47	12	44	187500	0
9	40	14	42	182478	0
22	46	10	42	180705	0
30	42	10	42	178545	0
48	51	1	42	176205	0
32	17	6	22	174441	0
26	28	20	42	173748	0
22	29	11	20	172884	0
40	51	1	41	171894	0
23	17	5	21	169014	0
18	28	19	42	167493	0
31	46	15	42	166629	0
54	57	21	63	165711	0
45	24	21	24	165261	0
35	23	19	21	164091	0
42	41	19	41	164190	1
20	10	30	21	161445	0
35	83	10	63	158142	0
15	46	6	42	156288	0
26	45	2	41	157539	0
45	52	15	65	154011	1
18	6	30	21	154425	1
12	28	23	21	154524	0

30	51	14	42	155172	0
44	47	12	45	155217	1
21	11	22	21	154956	0
23	35	8	21	154524	0
41	51	19	62	154182	0
20	46	15	42	153084	0
10	90	8	83	154020	0
24	47	3	42	154506	0
30	40	7	44	155568	0
42	45	3	41	154326	0
21	11	13	21	154551	0
40	87	10	84	151248	0
17	45	6	41	155388	0
45	60	9	63	154380	1
18	6	24	21	154551	0
17	33	12	21	155199	0
29	45	7	40	155154	0
47	51	19	63	155406	1
30	17	23	21	154974	1
19	22	23	22	158124	0
42	55	11	43	155046	0
40	33	20	42	159555	1
18	11	29	20	159240	0
19	34	16	21	158898	0
29	44	14	42	159519	0

10	47	10	43	161904	0
21	46	5	41	165999	0
24	36	10	41	163740	0
43	51	20	61	165747	0
15	40	1	21	167709	0
27	45	19	63	168294	0
35	41	19	41	169545	1
15	12	27	20	171219	0
15	34	14	21	172470	0
23	42	14	42	172227	0
32	42	15	43	173505	0
30	65	13	63	173739	0
39	42	13	42	174405	0
19	13	21	21	176025	0
15	30	12	21	176016	0
24	42	12	42	175926	0
38	47	6	41	176799	1
10	6	21	21	176187	0
13	36	6	21	177060	0
46	100	10	104	176556	0
15	35	17	42	176619	0
28	47	12	42	176502	0
36	41	13	42	176331	1
15	12	22	21	176034	0
14	34	9	21	175296	0

37	89	4	84	175404	0
9	6	19	21	174495	0
11	34	6	21	173145	0
30	87	2	83	170976	0
39	42	3	43	171084	0
25	18	6	21	171111	0
14	23	4	21	169086	0
32	52	14	62	170049	0
6	40	16	42	169482	0
14	41	17	42	166692	0
33	51	8	42	168123	0
37	39	10	41	167862	0
16	12	19	21	169995	0
18	35	4	20	164631	0
30	46	20	62	163191	0
16	86	17	83	154785	0
59	76	3	62	157404	0
33	7	17	21	154533	0
-1	33	4	20	150582	0
35	104	2	102	142527	0
-4	125	2	125	123051	0

10	49	16	63	117876	0
39	129	10	123	115239	0
19	46	6	42	115860	0
29	44	3	41	116328	0
41	45	21	63	119388	1
14	6	36	21	118821	1
14	35	22	21	120693	0
37	88	18	84	123915	1
9	6	32	20	125328	0
11	35	18	21	126219	0
24	46	13	41	128091	0
36	46	12	45	130386	1
8	5	28	21	133698	0
20	45	3	20	134598	0
33	47	18	62	135147	0
38	38	1	21	138720	0
22	17	5	21	140943	0
18	30	17	42	143157	0
29	45	16	44	144219	0
40	44	13	41	147216	1
11	5	29	21	146838	0
33	88	4	63	146973	0
40	40	5	41	143526	0

-2	91	16	102	146361	0
11	45	13	42	145821	0
1	125	16	128	142023	0
12	44	13	41	138657	0
28	48	7	42	139107	0
39	46	4	43	136659	0
12	6	18	20	141006	0
31	52	8	42	138513	0
37	40	11	43	136425	0
17	13	18	20	135849	0
22	72	8	62	129162	0
21	131	20	143	121071	0
39	52	10	42	119154	1
11	6	26	22	119721	0
14	136	15	125	121323	0
4	90	7	82	123402	0

21	50	19	62	123546	0
30	50	14	45	123717	0
5	34	1	21	121575	0
4	133	12	144	124077	0
29	90	5	83	123537	0
37	43	7	45	123987	1
10	6	22	21	126210	0
11	34	9	21	126552	0
39	63	8	62	125184	1
12	5	25	22	125310	0
19	40	6	21	125409	0
11	91	18	103	121656	0
24	48	11	41	120504	0
31	40	16	45	121071	0
10	46	11	41	120873	0
16	39	13	41	120306	0
30	47	9	43	119253	0
37	42	13	46	119892	1
11	6	28	21	119685	0
13	35	14	21	118587	0
0	54	1	41	120072	0

7	40	7	46	120180	0
19	46	3	42	119874	0
23	36	9	42	119037	0
25	136	17	144	118785	0
39	49	12	44	120855	1
14	6	27	21	121305	0
15	69	20	62	119865	0
35	53	9	42	122961	1
8	6	23	20	122439	0
13	39	5	21	121764	0
27	47	20	62	120090	0
0	40	1	21	120747	0
26	92	16	107	121980	0
38	46	12	42	121944	1
11	6	27	21	120990	0
13	35	13	21	124113	0
26	47	11	45	122511	0
36	44	10	43	123627	1
10	6	25	21	124293	0
1	125	2	102	123528	0
15	47	20	65	119658	0

26	44	17	41	121809	0
38	46	13	42	122214	1
10	5	32	24	122376	0
29	86	8	62	122538	0
2	39	11	42	122016	0
12	45	7	41	122079	0
30	51	19	63	121773	0
3	41	19	41	124122	0
20	80	1	62	121359	0
30	45	18	62	121665	1
4	7	33	22	122574	0
15	44	10	21	122772	0
22	41	11	42	121908	0
35	46	6	41	121818	0
13	11	20	25	122115	0
13	34	7	21	121269	0
25	45	3	41	122178	0
31	40	4	41	123312	0
10	45	1	42	123690	0
18	40	2	41	122853	0
2	52	13	63	123483	0
15	80	16	83	123933	0
29	47	13	44	122043	0

23	94	1	82	123600	0
32	42	2	43	123240	0
2	5	17	20	123366	0
18	81	2	66	124626	0
26	42	1	41	123744	0
37	45	18	62	124320	1
10	6	37	25	123960	0
24	80	19	62	123987	0
5	48	12	41	123879	0
36	131	6	125	124968	1
9	6	24	24	124815	0
22	46	20	42	125787	0
34	46	16	42	125778	0
9	41	16	41	126228	0
22	81	18	83	125949	0
34	45	14	41	126876	0
14	46	9	41	126651	0
62	116	16	123	128550	1

41	12	25	21	127920	0
38	29	17	21	129423	0
15	44	15	42	127623	0
28	46	10	41	127092	0
38	44	11	45	127326	1
11	6	26	21	128370	0
23	45	2	21	128568	0
45	89	16	103	127416	1
18	6	31	21	128532	1
15	31	21	21	129279	0
29	47	15	41	129540	0
48	51	6	42	127614	0
25	12	15	21	130377	0
27	68	9	62	131772	0
27	134	0	125	132699	0
47	53	11	64	132528	1
20	6	25	20	132672	0
18	33	13	21	131592	0
27	41	14	42	132087	0
42	47	12	45	131709	1
13	6	27	21	132123	0
56	143	9	125	134310	1

29	6	28	25	130665	0
38	42	7	21	132897	1
10	6	23	22	133329	0
16	39	6	22	130998	0
42	93	0	87	131565	0
14	5	15	20	131808	0
21	40	17	42	132663	0
32	45	14	42	131196	0
1	35	20	41	134355	0
16	50	12	42	135975	0
24	40	13	41	135417	0
43	52	2	41	134922	0
40	131	17	146	142257	1
13	6	32	21	141150	0
16	36	16	20	144957	0
23	41	17	42	145821	0
3	46	12	41	150582	0
20	51	3	42	155532	0
35	48	17	62	157089	0
20	52	6	41	171003	0
27	40	8	42	176781	0
35	41	9	42	179904	0
13	12	17	20	181002	0
14	34	4	21	180570	0

33	52	15	63	180156	0
40	42	19	46	181371	1
25	17	23	21	180219	0
29	72	14	63	182496	0
43	46	14	46	182118	1
22	12	23	21	184089	0
18	30	15	22	184359	0
35	83	18	86	183054	0
8	40	19	41	180075	0
19	178	6	165	167781	0
33	47	5	46	168951	0
13	47	19	61	169149	0
38	91	12	84	170202	0
9	39	18	45	166764	0
27	50	11	43	170256	0
38	45	8	42	168996	1
11	7	26	25	170184	0
7	28	20	22	170445	0
17	45	17	42	169518	0
30	46	13	42	169743	0

39	41	13	41	169347	1
16	11	23	21	168582	0
18	35	10	22	166548	0
2	84	13	87	157710	0
25	90	5	82	155397	0
41	49	18	62	155271	1
21	13	26	21	156603	0
17	30	17	21	154947	0
39	88	12	83	149520	0
11	39	14	41	146784	0
22	44	11	41	151716	0
5	183	15	187	153273	0
11	40	16	41	155073	0
-1	88	14	86	159618	0
4	38	18	42	160230	0
20	50	10	42	157098	0
35	49	2	41	162444	0
4	34	11	43	165090	0

25	89	5	83	166233	0
42	50	17	62	166503	0
34	91	12	86	171183	0
42	42	12	42	170535	1
21	12	21	21	172533	0
19	30	12	21	167646	0
27	43	10	41	169554	0
3	176	21	187	159312	0
7	37	5	21	158061	0
2	95	14	104	153813	0
36	134	4	124	143373	0
19	50	17	63	139449	0
3	85	20	88	145173	0

35	132	13	125	157836	1
13	11	23	21	161490	0
28	81	4	62	160356	0
4	41	5	42	158844	0
5	36	11	42	156954	0
59	154	20	163	157269	0
30	71	11	62	152742	0
39	42	11	42	146289	0
19	80	14	83	138792	0
30	44	16	46	134355	0
19	89	9	82	132150	0
41	56	16	63	129945	1
14	6	36	26	129576	0

32	252	9	225	154533	0
21	356	3	350	165468	0
30	40	5	42	165558	0
36	41	9	45	164802	0
16	46	6	43	161967	0
14	132	17	143	159312	0
41	93	9	85	158835	0
25	84	7	82	161013	0
36	45	3	41	159456	0
23	20	5	22	158835	0
13	23	4	22	160140	0

12	133	15	144	157368	0
19	40	16	41	158871	0
2	50	8	42	159897	0
29	92	19	103	161373	0
8	80	2	63	162813	0
12	138	12	148	162120	0
5	127	8	123	164631	0
44	139	15	146	163848	0
19	42	15	42	158376	0
13	126	12	123	143940	0
26	45	8	41	139413	0
45	54	17	63	131079	1
18	6	32	21	127794	0

3	85	9	62	113619	0
25	89	3	83	110037	0
37	45	21	63	109551	0
25	220	12	211	105771	0
30	40	12	40	105231	1
8	11	21	20	104988	0
26	85	19	83	106824	0
34	41	1	23	105627	0
7	6	15	20	104376	0
12	39	18	42	106365	0
24	45	13	40	104466	0
23	132	6	125	105465	0
1	44	3	41	108057	0
24	91	16	104	108948	0

8	84	15	83	110550	0
21	46	13	44	112242	0
0	79	17	83	110685	0
29	96	3	82	111603	0
2	6	18	21	111495	0
15	45	16	43	114951	0
19	38	20	42	112476	0
29	44	17	41	114429	0
42	46	12	41	114483	0
23	15	18	21	115230	0
17	27	11	20	114726	0
17	132	4	125	108966	0
27	45	1	42	107490	0
-4	169	19	187	102648	0
1	138	5	124	103440	0
12	44	2	41	102738	0

22	44	19	61	101865	0
15	93	9	83	104097	0
36	87	4	82	103260	0
8	6	19	21	105186	0
38	131	12	124	106905	1
11	5	32	25	108912	0
22	78	16	62	111720	0
2	46	12	42	112926	0
-5	127	9	124	109380	0
11	48	2	41	109821	0
20	43	21	62	110280	0
37	284	4	267	110964	0
15	11	14	21	110334	0

28	80	16	82	111144	0
31	36	1	21	109092	0
19	87	18	104	110460	0
35	51	9	42	110010	0
30	95	17	103	111198	1
3	6	31	20	109974	0
3	33	19	21	109974	0
33	98	3	82	110244	0
38	36	8	41	109434	0
15	44	5	41	109128	0
29	47	19	61	108705	1
5	11	29	21	111054	0
56	151	3	125	111684	0
29	6	19	22	112827	0
34	73	8	62	110370	1
8	6	23	21	111738	0
25	84	1	62	111189	0

10	85	20	104	110820	0
34	56	6	42	109848	0
7	41	7	42	111261	0
27	53	16	62	111531	0
25	131	11	126	108732	0
0	42	11	42	110487	0
19	51	2	42	110991	0
32	81	3	82	109992	0
2	237	13	247	110586	0
6	136	20	143	110163	0
18	46	16	42	110667	0
43	92	5	81	110865	0

30	87	1	83	110928	0
8	46	17	62	111342	0
20	177	5	165	111909	0
28	42	5	42	111576	0
26	131	19	145	113574	0
36	43	18	42	111486	0
23	86	15	83	112467	0
13	191	9	185	112323	0
11	132	21	144	111009	0

2	91	14	84	112098	0
5	137	2	125	110703	0
33	94	15	107	111702	0
-3	130	8	123	111036	0
9	46	4	42	111504	0
-2	89	19	104	113034	0
19	87	14	82	109857	0
42	90	8	84	112512	0
14	39	11	42	113889	0
39	91	2	82	112080	0
24	52	16	66	112971	0
22	30	7	21	113016	0
-1	45	3	41	112503	0
13	46	20	63	111972	0

37	92	11	83	112728	0
24	87	6	82	111630	0
27	36	12	42	113916	0
9	49	4	41	112170	0
1	92	16	104	112413	0
1	267	16	267	112746	0
14	46	12	42	111900	0
21	40	13	41	111855	0
37	50	4	41	113547	0
28	91	17	104	113079	0

-1	171	12	166	110307	0
29	131	7	126	107481	1
3	6	23	22	111477	0
11	42	2	21	109812	0
22	76	9	83	111459	0
0	45	5	41	111045	0
24	90	17	102	111756	0
35	46	13	42	113817	0
15	46	9	42	111117	0
1	86	7	84	110523	0
21	54	15	62	111306	0
4	83	14	82	110388	0
18	47	9	42	109893	0
35	84	8	83	109596	0
14	12	21	25	109533	0
7	126	18	123	110478	0

24	84	18	84	111135	0
36	45	14	41	111072	1
14	12	26	24	111801	0
-1	218	12	204	108480	0
18	86	8	82	112080	0
26	40	10	42	111477	0
47	54	20	64	110622	1
18	6	34	20	110181	1
13	28	27	21	110100	0
23	177	15	165	110685	0
42	52	5	42	110226	0
22	80	8	83	111081	0
34	45	4	41	111477	0
19	85	1	82	111612	0

8	57	7	63	111423	0
19	76	13	82	110847	0
11	93	3	83	111117	0
33	88	18	103	112836	0
14	48	15	45	111576	0
21	40	16	41	110703	0
4	50	8	42	111450	0
40	136	18	146	111207	1
12	5	38	25	112674	1
12	35	24	21	110955	0
23	43	2	21	112809	0
0	44	20	62	108507	0
15	48	14	42	111018	0
24	41	14	41	110550	0
39	50	5	41	111432	0
12	6	19	20	110118	0
31	86	19	86	110730	0

15	84	18	83	108039	0
27	45	15	42	109182	1
0	6	30	21	107121	0
5	40	11	21	108975	0
38	133	3	125	109128	0
33	94	12	103	107967	1
7	6	27	21	110568	0
29	90	20	83	108498	0
-2	34	6	20	109425	0
28	130	21	145	109380	0
11	317	14	310	106023	0
31	54	1	41	107922	0
34	35	8	42	108264	0

35	136	16	144	106275	1
9	7	30	21	106707	0
26	84	7	61	108237	0
45	52	1	46	107211	0
17	5	17	21	108381	0
12	30	8	21	105303	0
25	45	4	41	107121	0
13	88	2	86	107616	0
25	45	19	62	108534	0
36	45	16	42	108786	0
35	132	9	125	107697	1
8	6	23	20	107634	0
14	40	4	21	108867	0
25	177	13	186	107472	0

24	133	3	123	107742	0
31	40	4	41	107778	0
25	94	12	102	105546	0
37	45	9	42	105546	1
9	6	25	22	108174	0
21	45	1	21	106068	0
34	80	3	82	107193	0
6	5	20	22	107004	0
18	45	16	41	108606	0
30	47	15	46	107103	0
0	34	2	21	106851	0
17	52	13	63	106698	0
25	41	14	42	106410	0
43	50	5	41	107724	0
14	6	20	21	106716	0
28	80	1	61	109101	0
48	54	9	62	107598	0
21	74	17	82	107949	0
35	46	17	46	107238	1
8	6	32	21	106752	0
8	35	17	20	106599	0
32	89	11	83	105924	0

11	14	18	21	107067	0
9	30	9	21	107238	0
32	90	2	83	108651	0
10	11	11	20	106113	0
11	33	2	24	106509	0
24	48	16	62	106788	0
-1	141	21	146	109353	0
7	42	21	42	107751	0
14	107	18	104	107085	0
4	90	12	84	105789	0
13	42	12	42	107067	0
4	90	6	84	107436	0
13	42	6	42	107400	0
25	47	1	42	110253	0
33	41	1	41	106203	0
12	12	10	21	107382	0
22	78	16	84	104601	0
30	41	17	42	104763	1

9	12	26	21	106320	0
33	124	6	104	99444	0
7	7	21	22	101289	0
9	35	7	21	99228	0
22	47	1	41	99165	0
2	146	20	165	102540	0
21	86	17	83	100380	0
29	41	18	42	100965	0
15	53	7	42	103980	0
19	36	13	42	105645	0
30	46	8	41	105852	0
38	141	14	147	112908	1
10	5	30	21	112476	0
0	124	9	103	117435	0

3	136	17	144	119055	0
25	89	14	86	118533	0
37	45	11	42	118146	1
10	6	26	21	120945	0
11	35	12	21	125634	0
5	95	5	88	123834	0
23	83	5	83	116976	0
34	45	1	41	115473	0
7	6	16	21	112566	0
9	35	3	22	111171	0
25	50	15	62	109389	0
34	42	15	42	107319	1
8	6	29	20	108093	0
13	40	10	21	107265	0
25	45	6	41	103656	0
-2	40	8	42	102594	0
3	137	17	146	98958	0
15	46	15	44	97923	0

18	169	10	164	98850	0
33	48	4	42	94089	0
26	93	15	104	92559	0
35	44	13	42	93612	1
7	5	30	22	93135	0
25	85	7	62	94422	0
32	40	9	42	94143	0
40	108	5	104	96582	0
12	5	20	20	100029	0
12	35	6	21	101064	0
-1	51	17	62	104871	0
12	47	12	42	107301	0
25	47	6	41	110244	0
15	90	20	104	112989	0
24	42	19	41	113520	0
35	45	16	42	113871	0
24	89	8	81	117327	0
3	45	6	43	119847	0

22	86	3	83	120864	0
49	60	5	62	119766	0
0	85	2	82	122511	0
12	45	19	62	121008	0
20	41	20	42	120639	0
7	54	12	46	117003	0
14	39	14	41	117849	0
23	43	12	41	118767	0
34	45	9	42	118947	0
17	15	15	21	117759	0
4	122	17	124	118776	0
0	129	13	125	119811	0
9	42	13	42	120342	0
6	132	9	128	120765	0
27	86	5	82	120027	0

39	46	1	42	121800	0
18	44	19	62	120729	0
24	141	3	125	122646	0
31	40	5	42	122763	0
26	95	13	103	122457	0
35	42	13	42	122484	1
6	5	29	21	121611	0
6	166	8	145	118479	0
21	182	12	186	118947	0
-6	40	14	42	119910	0
3	42	14	42	118875	0
15	44	11	41	118533	0
31	51	0	40	119433	0
38	40	1	41	119973	0
12	6	16	21	119118	0
12	35	1	20	117867	0

18	139	5	143	116202	0
31	45	2	42	114447	0
37	41	7	46	115536	0
34	130	1	124	112386	0
13	46	17	62	110442	0
39	92	8	83	108120	1
11	6	23	21	106680	0
15	37	7	21	105582	0
27	45	4	42	103872	0
34	41	5	42	105294	0
25	56	15	66	102198	0
26	36	21	42	102180	0
34	174	12	165	99102	0
13	46	7	41	98490	0
33	53	17	63	99651	0

37	37	1	21	100389	0
15	11	11	21	99822	0
20	39	14	42	99678	0
-2	45	10	41	100047	0
2	36	19	45	98913	0
-2	131	13	125	100038	0
12	47	8	42	98958	0
24	45	5	42	100452	0
2	177	11	183	98814	0
15	48	4	41	96915	0
24	42	4	42	101487	0
38	47	19	62	98166	1
10	6	34	21	98868	1
11	34	20	20	99867	0
5	226	21	227	99138	0

16	45	18	42	100065	0
28	46	13	41	98346	0
20	92	3	82	98841	0
-2	45	21	63	99444	0
26	93	14	86	99210	0
-3	39	17	42	98058	0
29	132	8	123	99957	0
8	46	4	42	99246	0
17	42	4	42	99507	0
25	40	5	41	99525	0
19	94	15	104	100038	0
29	45	11	41	98571	0
40	44	8	41	100128	1
13	6	27	25	99543	0
20	41	7	21	102189	0
6	86	4	83	99417	0
19	46	20	62	100038	0
26	40	2	22	100434	0

39	47	0	45	99957	0
12	6	15	21	99093	0
30	86	12	83	104196	0
4	39	14	41	100812	0
23	86	15	87	100983	0
22	266	16	267	101172	0
34	45	12	41	100416	0
13	46	7	41	101064	0
32	86	5	84	101649	0
12	46	20	61	102099	0
27	47	15	42	101802	0
33	41	14	40	102360	1
6	6	30	22	103827	0
36	130	3	103	100227	0
10	6	18	21	101586	0

16	40	20	42	103701	0
36	54	8	42	101496	1
9	6	23	21	101712	0
10	35	9	21	103224	0
28	51	21	63	100902	0
0	39	2	20	102999	0
17	50	19	67	102081	0
25	41	19	41	99651	0
37	47	14	42	101892	1
10	6	29	21	101874	0
20	42	9	22	103710	0
19	33	18	42	102423	0
-6	41	18	41	101550	0
7	46	13	41	102117	0
26	53	1	41	102990	0
-3	38	4	41	101379	0
11	47	19	62	101982	0
19	40	20	41	102729	0
39	55	7	42	101541	1
12	6	22	21	101811	0
18	74	11	63	101604	0
37	84	11	84	102018	0
40	103	12	104	102450	1

11	5	28	21	102603	0
11	33	16	21	102027	0
29	51	6	41	102144	1
0	5	22	21	106041	0
16	49	18	45	101658	0
17	34	6	22	102954	0
29	46	1	41	103260	0
38	42	1	42	103080	0
13	42	1	42	103953	0
24	44	19	62	101757	0
41	50	11	42	102963	0
35	94	20	103	102387	1
5	5	39	24	102819	0
40	135	8	104	101820	0
16	40	9	41	101937	0
10	262	16	269	101928	0
23	46	12	42	102045	0

26	137	2	127	99201	0
12	86	0	84	100911	0
25	46	16	62	100866	0
35	43	15	42	102153	1
8	7	28	20	99291	0
14	39	10	21	99984	0
11	130	4	124	99615	0
22	46	20	62	99651	0
42	52	10	42	100236	1
15	6	25	21	98823	0
24	208	3	186	100110	0
36	47	17	61	102144	0
11	175	6	164	100974	0

27	49	21	64	101613	1
0	6	36	21	102054	0
31	131	8	103	103026	0
18	87	5	84	102486	0
-5	45	5	45	101505	0
4	40	6	41	101910	0
37	268	7	269	102603	0
17	46	2	41	102027	0
25	42	2	42	103458	0
37	45	19	62	100641	1
9	5	34	20	100290	0
15	40	15	21	102072	0
38	56	1	42	100074	0
24	86	19	104	101010	0
32	41	18	40	102972	0

28	95	6	83	102135	0
19	91	18	103	103134	0
24	39	21	42	103377	0
35	45	17	41	100461	1
8	5	33	21	101676	0
7	34	20	21	101235	0
19	45	19	44	101172	0
31	45	16	42	102108	1
3	6	31	21	102612	0
23	86	6	61	101946	0
2	47	4	45	101514	0
9	39	6	41	101982	0
2	92	17	103	103071	0
11	310	17	310	100443	0

4	259	6	248	102684	0
29	93	17	104	103476	1
3	7	30	20	102603	0
-3	126	6	102	104250	0
13	51	17	62	103935	0
20	40	19	42	106320	0
35	48	12	41	104088	1
6	5	29	22	105096	0
26	86	5	62	103089	0
32	40	8	43	104079	1
5	6	22	20	104790	0
8	36	7	21	103521	0
19	45	4	42	105132	0
3	84	3	83	102936	0
13	44	21	62	103584	0
27	46	17	42	104295	0

38	46	13	42	105591	1
12	6	28	21	103755	0
2	123	8	103	103809	0
38	136	16	144	103179	0
20	82	16	82	103233	0
37	51	7	42	103251	1
9	6	22	21	103440	0
19	76	8	62	102738	0
30	176	19	187	103872	1
7	12	29	22	103395	0
7	33	16	20	103440	0
19	44	14	42	103332	0
16	97	20	103	102909	0

25	176	9	165	101118	0
4	47	7	45	101667	0
29	91	19	103	101631	0
16	86	15	82	101469	0
22	307	19	311	101055	0
29	42	20	43	100389	0
11	46	15	41	100884	0
20	44	12	41	100137	0
31	44	9	41	98913	0
10	46	5	42	98679	0
20	42	9	46	99021	0
12	93	19	103	105069	0
25	46	14	41	109029	0

10	85	13	84	113511	0
20	44	15	46	115653	0
17	130	9	124	125454	0
41	91	2	84	123411	0
14	6	18	22	123978	0
15	33	9	24	125958	0
45	98	14	103	121899	0
33	88	9	83	123393	1
6	6	23	20	121314	0
11	39	7	23	122493	0
23	45	3	41	122538	0
-3	41	4	42	123888	0
10	46	19	61	123546	0
23	46	17	44	123060	0
13	90	9	82	121494	0
51	105	9	105	120018	1
23	5	29	25	118794	0

22	66	5	42	114717	0
-2	44	3	42	112800	0
11	45	19	61	109866	0
33	89	15	85	107904	0
26	125	15	125	112440	0
4	46	10	41	113817	0
36	132	2	124	114879	0
-1	96	9	103	118677	0
8	42	9	42	119271	0
31	90	3	84	119955	0

-2	300	10	307	120522	0
3	139	16	145	130773	0
12	309	19	312	150510	0
13	134	7	122	156900	0
20	174	20	187	164325	0
55	68	15	63	166305	0
43	22	15	22	167430	0
15	38	18	41	169410	0

11	396	13	391	156135	0
24	45	11	43	152751	0
46	57	15	61	152265	0
37	24	12	21	148602	0
37	67	9	64	145434	0
15	11	19	21	142221	0
29	81	20	82	136254	0
35	39	2	21	132654	0
8	6	17	21	129333	0
30	56	2	41	126795	0
20	23	21	42	123915	0
31	144	3	126	114807	0

8	345	8	350	102630	0
31	88	4	84	98535	0
9	12	13	21	99237	0
33	123	14	124	96267	1
5	6	33	25	95781	0
36	265	15	247	95799	0
11	41	16	42	95907	0
4	93	5	82	96420	0
17	47	21	63	97248	0
36	85	19	83	97230	0

12	43	18	42	96276	0
-1	54	10	46	93918	0
17	84	8	82	95619	0
6	56	15	63	97824	0
12	39	17	41	97464	0
4	259	7	249	94224	0
29	92	19	104	94728	1
3	6	34	21	95151	0
6	36	19	21	93657	0
-3	92	9	82	94323	0
15	85	6	82	95430	0
2	87	1	82	95547	0
25	90	15	104	95187	0

-2	39	17	41	96357	0
33	144	17	144	95826	1
13	5	34	22	94620	0
27	80	15	61	96357	0
7	80	18	83	97680	0
18	46	13	41	99507	0
22	135	2	124	100938	0
-5	41	6	45	102045	0
-3	135	15	144	102891	0
4	40	16	41	103215	0
20	50	8	42	104367	0
28	41	9	42	103413	0
2	41	9	41	102450	0
16	47	3	41	102297	0
23	40	5	42	101856	0

12	56	13	64	101037	0
13	34	21	42	100731	0
24	45	16	40	99552	0
3	45	13	42	100290	0
14	45	9	41	100191	0
33	85	7	83	101010	1
4	6	22	21	101082	0
18	46	18	42	100407	0
7	121	20	123	98292	0
20	47	19	46	101361	0
7	88	13	82	99147	0
38	131	8	126	100398	1
11	6	22	20	99426	0
19	41	2	21	98310	0
34	82	2	82	98913	0
7	6	17	21	98319	0
6	133	9	125	96897	0

12	39	11	41	97617	0
26	47	6	42	97095	0
-1	40	8	42	98463	0
10	44	9	45	96906	0
0	90	2	83	97455	0
7	41	2	41	96141	0
29	88	18	104	94764	0
35	40	19	41	96024	0
14	45	16	42	96708	0
37	90	8	82	96879	1
10	6	24	22	97608	0
10	34	11	21	96519	0
39	94	1	84	98373	0
10	6	15	20	96843	0
11	34	2	21	97986	0
23	45	19	62	97320	0
36	47	15	43	97617	0
9	39	18	42	97014	0
28	53	7	42	97671	0
34	39	9	41	96798	0
11	44	6	41	97932	0

23	45	2	41	98049	0
36	46	19	63	100272	1
7	5	35	21	96240	0
9	35	21	21	98157	0
32	90	13	82	97851	1
5	6	28	21	96726	0
12	40	9	21	97374	0
24	47	4	42	99480	0
38	46	20	62	97428	1
10	6	35	21	97275	1
11	34	22	21	99885	0
37	91	12	81	99030	0
15	46	9	43	99957	0
34	86	6	83	100146	1
7	5	21	20	97707	0
20	81	3	63	97068	0
37	50	15	62	99309	0
23	86	13	84	98409	0
-3	41	13	41	98139	0
32	135	2	124	99471	0

17	218	12	228	97185	0
25	40	14	42	98859	0
13	89	8	83	98571	0
20	41	9	42	98139	0
32	312	8	311	103809	1
5	6	22	20	102945	0
1	129	16	123	102720	0
37	136	4	124	103566	0
9	6	19	21	104178	0
11	35	4	20	104745	0

24	179	10	185	104556	0
-2	40	12	42	103278	0
1	138	2	128	101073	0
23	87	18	103	99309	0
34	46	13	41	99552	0
31	130	8	125	96771	0
23	92	20	104	96438	0
-4	41	4	25	93540	0
33	137	11	144	92856	0

24	224	15	228	102657	0
39	46	10	41	104412	0
8	36	15	41	106455	0
35	96	4	85	105618	0
13	42	4	42	100803	0
25	46	20	62	98877	0
23	132	14	126	94566	0
33	42	14	42	94485	1
5	6	30	22	94026	0
21	82	10	62	94206	0
34	47	5	42	94656	0
43	142	10	147	95133	0
-3	54	19	63	95313	0
13	84	19	84	94809	0

30	83	19	83	94089	0
-2	101	2	84	93990	0
11	46	17	61	93711	0
18	41	17	41	93495	0
-7	41	18	42	93531	0
-10	131	11	124	93783	0
-4	41	12	42	93783	0
8	44	9	41	94710	0
47	107	7	105	95079	0
28	12	16	21	94863	0
-6	66	11	61	96834	0
19	225	13	227	96789	0
36	50	5	42	97203	1
6	5	21	21	97572	0

27	122	2	103	98805	0
9	46	1	45	99759	0
24	49	14	62	99831	0
30	40	15	41	99894	0
17	86	12	83	99723	0
29	46	11	45	99876	0
52	256	2	247	102099	0
26	40	3	41	100605	0
28	137	11	145	100182	0
6	44	9	42	99642	0
13	41	8	40	99471	0

26	179	17	188	97806	0
-3	38	21	42	98202	0
9	311	0	290	101739	0
27	52	15	67	101757	0
5	77	20	82	102000	0
27	90	13	83	102981	1
0	6	28	21	104997	0
13	47	2	21	106329	0
19	39	5	42	108255	0
33	47	20	62	110289	1
5	6	34	20	110874	0
7	35	20	21	111144	0
16	42	20	42	110874	0
21	39	1	20	110865	0
35	47	16	62	111648	1
8	6	33	23	111648	0
16	42	12	21	110649	0
26	44	10	42	107706	0
38	45	6	41	105492	0
11	6	25	25	102684	0
13	35	11	21	99174	0
25	44	8	41	98175	0
27	45	5	42	96141	0
9	6	20	21	95232	0
10	35	6	21	94107	0
23	46	3	43	94503	0
34	45	19	61	93954	1
7	6	34	21	93405	0
7	34	21	21	94161	0
19	45	18	42	93783	0
32	46	13	41	95808	1
3	5	29	21	96852	0
10	40	15	26	98436	0
22	45	12	42	99138	0
33	45	9	42	101820	1
6	6	23	20	102954	0
7	34	10	21	103305	0
21	49	7	46	103917	0
28	40	8	41	104178	0
21	25	4	21	104835	0
10	23	2	21	106860	0
23	46	19	63	107715	0
34	45	15	41	110019	1
7	6	30	21	109362	0
7	34	17	21	111999	0
18	43	20	46	111873	0
29	46	16	42	114681	1

8	12	25	21	114735	0
7	30	16	21	115122	0
18	46	12	42	116031	0
25	40	13	41	118641	0
39	47	8	42	119244	1
11	6	23	21	119055	0
19	40	7	24	118902	0
25	40	8	41	117957	0
39	48	2	42	117903	0
11	5	18	21	119541	0
13	35	8	25	118038	0
23	44	5	41	118830	0
37	47	20	62	120999	1
9	5	40	25	120135	1
11	36	25	21	124086	0
25	47	19	41	124455	0
38	46	15	42	125832	1
10	6	33	24	125112	0
12	35	19	21	126876	0
25	46	14	41	125355	0
38	47	9	42	123438	1
11	6	24	21	125751	0
15	37	7	20	126867	0
27	46	3	42	126282	0
40	46	0	43	123726	0
13	6	16	22	124095	0
20	41	17	42	122466	0
33	46	13	42	121791	1
6	6	32	25	120783	0
8	36	17	21	119811	0

25	50	9	42	120342	0
33	41	9	41	119442	0
46	48	2	41	117291	0
20	6	18	22	116085	0
17	29	10	21	114753	0
29	46	6	42	111495	0
46	51	17	62	109686	1
20	6	32	21	108147	0
19	34	19	21	105564	0
33	47	15	43	104871	1
6	6	31	22	103449	0
7	35	17	21	102396	0
15	40	18	41	102801	0
27	46	14	42	102747	1
-1	6	33	25	101910	0
5	39	15	21	103710	0
19	47	10	42	103008	0
33	48	4	42	102558	0
6	6	19	21	102261	0
6	33	7	21	103206	0
13	41	7	41	101856	0
26	46	2	41	99057	0
-1	6	17	21	100155	0
5	40	18	41	99462	0
19	47	11	40	99255	0
27	41	12	42	99561	0
4	12	21	21	100884	0
2	30	12	21	101433	0
18	48	5	41	102081	0
24	41	6	42	102360	0

38	46	2	42	103521	0
17	12	11	21	103170	0
17	34	18	41	102864	0
28	45	15	42	102288	1
1	6	30	21	101739	0
7	40	10	20	101523	0
18	44	11	45	102225	0
36	51	1	41	101496	0
14	12	9	20	100902	0
4	23	8	22	101532	0
18	47	2	41	101001	0
25	41	3	42	100830	0
44	52	13	62	103188	1
17	6	28	21	102360	1
7	24	26	22	102567	0
21	47	0	21	100488	0
32	44	18	62	101928	1
4	6	33	21	102531	0
17	46	8	21	102675	0
23	39	15	46	102477	0
40	51	5	41	100533	0
13	6	20	21	101460	0
15	35	6	21	102054	0
26	45	6	45	101640	0
41	48	0	42	102693	0
13	5	15	20	102117	0
13	35	2	22	102279	0
26	45	19	62	102819	0
39	46	14	41	100938	1
11	5	30	21	103701	0
22	45	6	21	102774	0

35	46	2	42	103044	0
6	5	18	21	102657	0
3	29	10	21	102864	0
21	51	21	62	102063	0
45	59	4	42	101514	0
17	5	20	21	101892	0
12	28	13	21	101640	0
25	47	7	41	101586	0
31	39	10	42	102216	0
10	12	19	21	101964	0
10	34	6	21	101847	0
20	43	6	43	102486	0
37	49	19	62	101928	1
15	12	28	21	101586	0
17	35	13	20	101136	0
27	43	11	41	103278	0
35	43	9	41	101613	0
16	13	18	22	101739	0
21	39	21	42	101793	0
27	40	1	20	100254	0
5	11	12	22	102873	0
11	39	14	41	101613	0
11	34	1	21	101235	0
25	47	17	63	101649	0
33	41	18	42	102324	1
10	11	32	25	101244	0
12	35	17	20	101073	0
26	47	12	42	100299	0
36	44	10	42	100686	1

9	6	28	24	101991	0
13	36	13	21	101721	0
24	46	9	42	102810	0
38	47	4	42	101973	0
11	5	20	21	101775	0
10	34	11	25	101199	0
23	46	5	40	100902	0
39	49	19	63	101424	1
11	6	34	21	102000	0
23	45	14	25	101478	0
30	40	16	42	102432	0
42	46	11	41	99912	1
14	5	28	22	101325	0
23	41	9	22	100812	0
32	44	7	42	101478	0
16	17	10	20	101874	0
7	23	8	21	102135	0
20	47	3	42	101622	0
32	46	18	61	101055	1
4	5	34	21	101280	0
10	40	15	21	100290	0
24	47	10	42	101901	0
33	42	10	42	100191	1
5	6	25	21	101091	0
18	46	21	42	100920	0
25	40	2	21	100560	0
38	47	1	46	101397	0
11	5	17	21	100479	0
13	35	3	21	101442	0
35	57	7	61	101226	1
7	5	24	22	100965	0

-1	24	20	20	101469	0
13	49	13	42	102189	0
31	51	4	42	101712	0
41	43	2	41	101631	0
12	5	18	21	101055	0
12	33	6	21	102225	0
26	46	2	42	102036	0
37	46	19	63	101181	1
9	5	35	21	100848	0
18	42	14	21	102414	0
36	52	3	41	101856	0
17	14	10	21	101586	0
7	23	7	20	102306	0
18	45	3	41	100452	0
31	46	18	61	102513	1
3	5	35	22	102252	1
4	35	21	21	101667	0
20	48	14	41	101478	0
27	40	15	41	102099	1
3	11	25	21	101271	0
5	34	16	25	102360	0
19	47	11	42	101370	0
29	45	7	41	102423	1
2	6	22	21	102189	0
8	39	7	24	100902	0
14	40	8	41	101883	0
31	50	20	62	100920	1
4	6	37	23	100416	0
14	44	14	21	101883	0
21	40	16	42	103251	0
34	45	13	42	101622	1
4	5	29	21	101505	0
13	42	9	22	101226	0
20	40	9	40	101847	0
32	46	4	41	100182	0
5	6	20	22	100947	0
6	34	7	21	101775	0
16	44	5	42	100353	0
23	41	4	40	100659	0
37	46	20	62	102225	1
8	5	40	25	101091	0
17	42	19	21	100083	0
24	39	1	21	101478	0
37	48	16	63	100434	1
11	6	31	21	100101	1
7	30	22	21	100839	0
18	45	19	42	101055	0
35	50	10	41	101604	1
9	6	25	21	99309	0
9	35	15	25	101370	0
15	39	17	41	101145	0
30	47	12	42	101334	1
6	11	22	21	101550	0
10	36	7	21	101100	0
21	44	4	41	101748	0
37	51	15	62	101694	1
10	6	30	21	101433	0
21	43	8	21	102027	0
27	41	9	42	101478	1
0	6	24	21	102036	0

0	33	12	21	102135	0
17	51	3	42	100902	0
23	39	5	41	101577	0
45	54	13	62	102468	1
16	6	28	21	101082	0
14	30	19	21	101325	0
28	47	17	45	101613	0
34	41	17	41	100731	1
7	5	34	22	102000	0
35	62	13	41	102360	0
25	24	14	25	101901	1
-2	6	29	21	100704	0
1	36	14	21	101541	0
13	47	8	41	102648	0
26	45	4	41	102432	0
38	45	21	62	102081	1
10	6	35	20	102099	0
23	45	12	22	100956	0
41	52	2	42	101712	0
13	6	17	21	102153	0
14	34	4	21	101460	0
26	45	21	62	102999	0
42	50	14	43	102144	1
14	5	30	21	102117	1
10	29	22	21	101865	0
21	45	18	41	102162	0
35	47	12	41	102243	0
14	12	21	21	101658	0
15	35	7	21	103665	0

33	51	18	62	102567	1
6	5	35	22	101676	0
17	45	14	24	102594	0
23	39	17	42	102207	0
36	46	13	42	101721	1
8	6	28	21	102666	0
32	58	13	43	101919	1
4	5	29	21	102585	0
4	34	16	21	101019	0
13	42	16	42	101433	0
46	66	12	62	101739	1
17	5	28	21	102468	0
24	40	9	21	102216	0
30	39	11	41	101748	0
6	11	25	25	102477	0
14	40	6	21	101586	0
23	42	6	42	103512	0
39	50	18	62	102099	1
12	6	37	25	103683	1
13	34	24	21	101838	0
25	46	19	41	102765	0
30	38	2	21	101829	0
3	6	18	22	102243	0
9	40	3	25	101586	0
24	47	18	62	101568	0
32	41	18	41	101613	1
3	6	32	20	101982	0
12	41	16	25	100722	0
23	44	13	41	101793	0
33	45	9	41	101667	1
5	5	25	21	101334	0

7	35	11	21	102819	0
25	52	20	61	103359	0
31	39	2	21	102405	0
5	7	16	21	103098	0
19	48	10	42	102387	0
16	41	11	42	101856	0
30	36	17	42	102000	1
2	6	32	21	101739	0
11	42	11	21	101361	0
23	45	7	41	102621	0
29	41	7	41	101406	1
3	6	22	21	101793	0
10	39	3	20	101973	0
22	47	2	46	100740	0
34	45	19	62	103026	1
6	5	35	21	100839	0
8	35	21	21	101523	0
23	48	18	45	102648	0
35	46	13	41	102261	1
7	6	28	21	103818	0
8	34	15	21	103305	0
23	48	10	43	101694	0
35	46	5	41	101541	0
8	6	20	21	102162	0
16	41	20	41	101496	0
29	47	15	42	102846	0
42	46	11	42	102855	1
15	6	26	21	100164	0
10	29	18	21	102072	0
25	48	11	41	101775	0

31	39	13	41	101424	1
3	6	27	20	104628	0
14	44	4	21	101424	0
23	42	4	42	102270	0
30	41	6	43	102639	0
3	6	21	21	101748	0
10	40	1	20	103476	0
16	40	3	42	101262	0
31	48	18	63	102360	1
10	12	27	21	101991	0
11	35	12	20	102522	0
30	52	2	42	101730	0
33	36	8	42	101991	1
5	6	23	21	102207	0
10	38	6	21	102468	0
22	44	3	41	102864	0
41	53	15	65	102315	1
12	5	30	20	103179	0
15	35	16	21	102288	0
22	41	16	41	102540	0
34	46	12	42	101937	1
7	6	27	21	100821	0
8	35	12	20	102693	0
26	51	2	41	102756	0
-1	6	17	21	104133	0
8	43	18	44	101415	0
19	44	16	42	101730	0
27	41	16	41	103215	0
39	46	12	42	102261	1
12	6	26	20	102189	0

14	35	12	21	103620	0
22	42	11	41	104088	0
34	45	6	40	102162	0
12	11	16	21	103134	0
13	35	1	20	101496	0
25	45	18	62	102882	0
36	44	15	41	102981	1
8	6	33	24	102576	0
8	34	19	20	102810	0
20	44	18	43	103512	0
49	63	16	61	102747	1
22	6	33	23	102630	1
14	24	31	22	103260	0
19	39	12	20	103440	0
32	46	8	42	102189	1
4	5	24	21	103188	0
10	40	9	25	104403	0
20	44	7	42	102036	0
29	42	6	41	102396	1
0	5	21	20	102099	0
5	40	2	21	102783	0
19	45	18	61	102846	0
31	46	14	42	102324	1
4	6	29	21	103161	0
9	38	16	25	102423	0
14	39	18	41	101487	0
32	51	8	41	100677	1
5	6	23	21	101613	0
0	30	14	21	102225	0
15	46	9	41	102018	0

27	45	5	41	102477	0
38	45	2	42	102027	0
10	6	21	25	102720	0
19	41	1	21	102549	0
24	40	2	41	102207	0
36	45	21	64	101352	1
9	6	37	22	102783	1
10	35	23	21	103269	0
27	50	13	40	102414	1
6	12	22	21	104160	0
6	34	10	22	103980	0
10	37	18	45	103953	0
24	47	13	42	104133	0
38	48	7	42	104502	1
11	6	22	21	103782	0
8	29	15	22	103467	0
19	46	10	41	102225	0
31	45	7	42	103152	1
3	5	23	21	101325	0
9	40	4	21	101298	0
17	41	4	41	102756	0
30	46	0	42	104214	0
2	6	15	21	102873	0
10	41	16	42	103782	0
22	45	12	41	105033	0
36	48	6	42	105870	0
9	6	21	21	105438	0
23	47	17	43	107193	0
25	36	2	21	108003	0

38	46	18	62	108525	1
11	5	34	21	111000	0
17	41	15	22	112512	0
29	45	11	41	112872	0
40	44	9	42	115419	1
11	5	25	21	116049	0
19	41	5	21	116625	0
26	40	6	41	116094	0
39	47	1	42	117687	0
17	11	11	21	117678	0
19	35	18	42	117021	0
25	40	20	42	118038	0
37	45	16	41	120378	1
10	6	31	21	117669	0
17	42	11	22	117417	0
24	39	14	42	116238	0
36	45	10	41	114519	1
8	6	25	21	113412	0
18	43	3	21	116013	0
24	39	5	41	119073	0
36	46	1	42	121710	0
8	6	16	21	123186	0
12	36	1	21	124122	0
19	42	1	42	124428	0
32	45	19	63	125436	1
5	7	33	21	127461	0
7	35	18	20	131691	0
25	50	9	41	134580	0
37	45	6	42	136056	0
8	6	25	25	137523	0
10	35	11	21	139152	0

23	45	7	41	139917	0
38	50	20	63	139935	1
11	6	35	21	140943	0
13	35	20	20	140511	0
23	44	18	42	141069	0
42	52	8	42	140718	1
15	6	23	21	140061	0
14	33	11	21	140304	0
26	45	7	41	140160	0
43	50	19	62	140997	1
15	6	34	21	141591	1
10	28	26	20	142473	0
22	45	2	21	143094	0
32	45	4	47	143670	0
6	6	18	20	142878	0
9	35	5	22	142284	0
23	49	18	62	141339	0
33	42	18	42	141447	1
6	6	33	21	140727	0
7	36	18	21	140205	0
16	42	19	43	140313	0
36	54	7	42	140358	1
10	6	21	20	140241	0
11	34	8	21	139494	0
24	46	5	43	140331	0
34	45	1	41	139827	0
7	6	17	22	139773	0
11	37	4	24	138927	0
24	47	20	63	138891	0

32	41	20	41	138369	1
5	6	38	24	138801	0
11	40	18	20	138054	0
23	45	14	41	138513	0
40	50	7	43	138810	0
18	12	16	21	138486	0
8	23	15	22	138594	0
21	45	11	41	138675	0
38	52	1	42	138477	0
11	6	16	21	138666	0
13	34	3	21	138324	0
22	44	1	42	138702	0
41	52	15	66	138432	1
16	7	29	21	138234	0
10	29	21	21	138333	0
19	42	1	22	138306	0
37	51	12	62	138423	1
8	6	27	21	138441	0
13	38	10	21	139161	0
31	50	1	41	138774	0
36	39	4	42	138675	0
9	6	19	21	138612	0
11	34	7	22	138558	0
26	50	3	46	138900	0
35	41	4	42	138477	0
13	12	13	21	138783	0
26	47	8	42	138549	0
22	29	19	40	138738	0
34	45	16	42	138693	1
12	12	25	21	138324	0
14	35	14	24	138252	0

28	46	9	41	137955	0
32	39	12	42	138459	1
10	11	22	21	138135	0
10	33	14	25	137973	0
22	46	9	41	138099	0
35	46	5	42	137901	0
8	6	20	21	138243	0
15	40	1	21	137604	0
19	38	3	40	137613	0
41	54	10	61	137667	1
12	6	25	21	137676	0
14	35	11	21	137766	0
24	42	11	42	137676	0
38	49	3	41	137586	0
11	6	18	21	137523	0
19	41	19	42	137739	0
30	45	16	42	137730	0
41	44	13	41	137379	1
15	7	27	21	137199	0
15	34	15	22	137352	0
29	47	9	41	137397	0
43	47	8	46	137316	1
16	7	21	20	137262	0
16	33	9	21	137271	0
32	48	3	42	137676	0
37	40	4	41	137046	0
10	6	20	22	137442	0
24	47	14	41	137460	0
40	50	8	44	137379	0
18	11	18	21	137757	0

14	29	9	20	137550	0
26	46	4	41	137208	0
35	43	7	46	137730	0
13	11	17	21	137559	0
9	29	9	21	137451	0
29	53	18	62	137622	0
37	41	19	42	137640	1
9	6	34	21	137406	1
5	29	26	21	137010	0
15	42	6	22	137199	0
25	45	2	41	137478	0
38	46	19	63	137334	1
11	6	38	25	137136	0
19	42	17	21	137253	0
27	41	17	41	137433	0
41	47	12	42	137307	1
13	6	29	23	137145	0
26	46	4	21	137505	0
27	34	12	42	137550	0
36	44	9	41	137325	1
10	6	25	22	137640	0
17	40	6	21	137604	0
29	46	2	42	137640	0
36	40	4	42	137640	0
9	6	19	21	137550	0
10	35	4	20	137280	0
28	50	16	62	137253	0
40	45	13	42	137352	1
13	8	26	21	137577	0
14	34	14	22	137199	0

27	45	10	41	137658	0
53	61	12	63	138009	0
33	13	20	21	137829	0
30	29	12	21	137379	0
41	46	8	42	137784	1
14	6	27	25	137874	0
17	36	12	21	137775	0
24	41	12	41	137649	0
37	46	7	41	138054	0
20	16	13	22	138045	0
15	29	4	20	137730	0
40	58	8	62	138270	0
42	35	15	42	137964	1
13	6	30	21	138369	0
14	33	18	21	138234	0
27	45	14	41	137901	0
43	51	5	42	137982	0
17	6	19	20	138360	0
11	27	13	21	138495	0
32	56	19	62	138189	1
13	14	26	21	138585	0
15	35	12	21	138522	0
16	35	19	42	138891	0
41	58	3	42	138585	0
15	7	17	21	138495	0
8	28	10	21	138936	0
23	46	6	42	138432	0
36	46	6	46	138981	0
9	7	19	20	139017	0
9	34	6	21	138675	0

25	48	21	63	139107	0
50	60	3	42	138990	0
28	10	13	20	138702	0
30	35	19	41	138711	1
7	12	27	20	138846	0
8	34	14	21	138846	0
7	45	11	42	138909	0
26	40	12	41	138621	0
39	46	11	45	138783	0
23	17	15	21	138657	0
18	29	7	21	138882	0
37	52	17	62	138711	1
9	5	33	21	138576	0
9	34	20	21	138567	0
16	40	1	21	138756	0
32	49	14	62	138639	1
5	7	27	20	138684	0
11	39	9	21	138783	0
36	59	15	65	138351	0
37	35	1	21	138090	0
10	5	18	22	138252	0
11	34	5	21	138513	0
22	46	21	62	138090	0
24	35	8	22	138243	0
4	12	17	21	138171	0
4	34	3	20	137748	0
18	46	21	64	138090	0
43	58	4	41	138180	0
14	6	19	21	138126	0
18	36	4	21	138045	0

25	41	5	42	138036	0
40	49	17	61	138000	1
13	6	32	21	137550	0
21	41	16	25	137604	0
38	51	7	42	137613	0
41	36	12	41	137802	1
13	5	32	25	138270	0
19	40	12	20	137982	0
27	41	14	43	137811	0
40	47	8	41	137667	0
25	18	15	25	137487	0
15	22	14	21	137793	0
28	46	10	42	137649	0
54	61	11	62	137478	1
28	6	27	22	137847	1
17	23	25	21	137559	0
24	40	5	20	137460	0
44	54	14	63	137730	1
16	5	30	21	137613	0
16	34	17	21	137352	0
23	40	18	41	137397	0
39	49	14	45	136938	1
11	6	29	21	136992	0
12	34	17	22	137676	0
27	48	12	43	137667	0
37	45	12	45	137442	1
11	6	27	21	137865	0
8	30	18	21	137883	0
15	41	18	41	137487	0
24	43	16	41	137514	0

48	56	2	42	137802	0
19	5	18	21	137802	0
20	34	10	26	137793	0
40	53	18	61	137775	1
12	6	33	21	137712	0
17	38	17	22	137451	0
28	44	18	45	137640	0
41	47	12	41	137856	1
13	5	28	21	137496	0
24	44	5	21	138027	0
25	35	13	43	137811	0
39	47	8	42	137523	1
11	5	25	22	137514	0
12	35	14	24	137667	0
23	44	12	42	137748	0
41	51	3	42	137370	0
13	6	18	21	137856	0
20	40	3	25	138315	0
29	41	4	42	137496	0
40	46	19	61	137964	1
19	12	32	25	137559	1
15	29	24	21	137847	0
26	45	0	21	137694	0
45	52	11	63	138072	1
18	6	26	21	138045	0
14	30	16	20	138333	0
35	54	2	40	137982	0
8	6	17	21	137892	0
8	34	4	21	137973	0
26	51	15	62	137757	0

39	46	11	42	138108	0
25	20	16	25	137937	0
9	17	20	21	138783	0
22	46	15	41	138648	0
34	47	9	41	138180	1
8	6	24	21	138297	0
11	36	9	21	138171	0
28	51	21	63	137802	0
42	47	15	41	137964	1
14	5	31	21	138225	0
13	33	20	22	138027	0
36	56	6	42	138018	0
20	17	14	25	138099	0
7	21	15	22	137883	0
19	45	11	41	138252	0
32	46	7	42	138180	0
67	69	20	82	138369	1
50	16	24	20	137964	2
23	6	41	23	137739	1
5	16	45	20	137793	1
17	45	21	21	137982	0
29	45	18	42	137451	0
39	44	15	41	137694	1
11	5	31	21	137496	0
24	46	6	21	137469	0
35	45	2	41	137307	0
17	15	7	20	137379	0
24	39	10	42	137379	0
23	34	18	42	137235	0
36	46	14	42	136893	1

14	11	24	21	136569	0
15	35	10	21	137334	0
22	40	11	41	137379	0
40	51	1	41	136920	0
12	6	16	21	137136	0
11	32	4	20	137046	0
24	45	0	41	137235	0
35	46	18	64	137370	1
8	6	33	21	136956	0
11	35	19	21	137280	0
27	51	9	41	136884	0
36	42	13	46	137244	1
10	6	28	21	136749	0
14	39	11	22	136947	0
23	42	11	42	137271	0
39	49	7	45	136713	1
11	6	22	21	136839	0
19	41	2	21	136974	0
28	42	2	42	137028	0
36	42	2	42	136857	0
9	6	17	21	137379	0
12	36	2	21	136857	0
24	46	18	62	137028	0
43	53	7	42	137271	1
16	5	23	21	137037	0
16	34	10	21	137262	0
27	44	12	46	137235	0
38	43	11	42	137568	1
9	6	25	20	136902	0
21	45	1	21	137064	0

27	38	4	41	137190	0
34	42	4	42	136911	0
13	12	14	22	137226	0
14	34	5	25	137253	0
24	44	2	41	136812	0
36	45	18	61	136929	1
8	5	36	23	137217	0
14	40	17	21	137046	0
22	41	17	41	136974	0
34	46	13	42	136866	0
17	17	18	22	137055	0
12	28	11	21	137019	0
25	45	7	41	136992	0
31	41	8	42	137037	1
5	6	23	21	136956	0
7	34	10	21	137352	0
19	47	5	42	137361	0
27	40	6	41	137199	0
5	11	16	21	137082	0
4	34	3	21	136947	0
21	50	14	61	137379	0
26	38	18	42	137424	0
46	54	5	41	137154	0
19	6	20	21	137280	0
13	28	13	21	137136	0
25	46	9	42	137046	0
39	47	7	45	137433	1
13	6	21	20	137073	0
13	34	8	21	137595	0
22	43	7	42	137703	0

29	39	13	45	137118	1
7	12	23	22	137235	0
7	33	11	21	137694	0
27	53	20	62	137784	0
33	40	1	21	137496	0
46	46	18	63	138009	1
19	6	33	21	137478	0
21	36	18	21	137712	0
35	47	13	42	137550	1
7	6	27	20	137838	0
2	29	19	21	137685	0
16	47	13	41	138117	0
25	42	13	42	137874	0
39	48	7	42	137982	1
12	6	21	20	137676	0
15	34	8	21	138261	0
20	39	11	42	138081	0
38	51	2	42	138090	0
10	6	17	21	138198	0
10	34	4	21	138234	0
20	42	3	41	138567	0
34	48	18	63	138225	1
6	6	33	21	138396	0
14	41	13	21	138612	0
22	41	14	42	138774	0
35	47	9	42	138729	0
14	12	18	21	139008	0
5	24	15	21	139350	0
25	54	3	42	139530	0
32	40	5	42	139260	0
5	6	20	21	139530	0

7	36	5	21	139539	0
19	46	1	42	139458	0
23	36	7	42	139224	0
36	47	2	42	139872	0
15	12	10	20	139521	0
17	34	18	42	139575	0
29	47	12	41	139575	0
35	39	15	42	139836	1
14	12	24	21	139755	0
16	36	9	21	139620	0
25	42	9	42	139746	0
36	44	6	41	140124	0
8	6	20	20	139881	0
15	40	1	21	139467	0
28	46	16	61	139926	0
42	49	9	42	139278	1
15	6	24	21	139917	0
12	29	16	21	139467	0
18	41	16	41	139476	0
33	47	13	44	139773	1
11	11	23	21	140187	0
8	30	13	20	139557	0
29	54	1	42	139008	0
40	44	20	63	139422	1
16	11	29	20	139629	1
10	27	24	22	139485	0
22	45	3	24	139521	0
34	46	20	63	138954	1
6	5	36	21	139593	1
8	35	26	25	139224	0
19	45	2	21	139224	0
37	51	14	63	138720	1
10	6	32	24	138423	0
15	39	14	21	138900	0
16	34	2	22	138666	0
28	45	20	63	138855	0
35	42	20	42	139026	1
15	12	29	21	138963	0
12	30	20	21	138846	0
24	46	15	41	138594	0
42	50	7	42	138684	1
15	6	22	21	138927	0
21	40	3	21	139215	0
27	40	4	41	138639	0
31	37	12	45	138855	1
8	11	23	22	138711	0
15	40	4	21	138945	0
31	49	17	62	139179	0
31	34	4	21	139800	0
9	11	13	20	139152	0
10	34	21	42	139755	0
23	47	20	46	139611	0
37	47	14	41	139593	1
10	6	29	21	139854	0
19	43	8	22	139233	0
20	34	16	42	139854	0
33	46	11	41	139080	1
5	6	26	21	140052	0
7	35	14	23	140682	0
26	52	4	42	140277	0

33	41	4	41	140619	0
15	15	15	26	140169	0
10	28	8	21	140610	0
21	46	3	41	140439	0
29	41	4	42	140592	0
3	6	19	21	140349	0
5	36	4	21	139449	0
18	45	20	61	138999	0
26	41	20	41	139062	0
42	51	13	44	138450	1
15	6	28	21	138108	0
17	35	14	21	138144	0
36	53	3	42	137046	0
36	33	12	42	136524	0
15	12	21	21	135615	0
16	35	6	20	135102	0
24	41	7	42	133545	0
39	48	1	42	132312	0
10	5	17	21	131160	0
10	33	5	21	129675	0
24	47	1	43	127443	0
36	46	16	61	126075	1
9	6	31	21	125292	0
19	43	9	21	123411	0
43	59	13	63	122106	1
18	6	28	21	118776	0
19	34	16	22	117804	0
42	58	19	61	114816	1
15	6	34	21	113178	1

10	27	28	21	111108	0
16	40	8	20	108147	0
36	54	17	63	105510	1
9	6	32	21	103422	1
6	30	23	21	101397	0
12	40	4	21	101325	0
35	56	10	62	100884	0
31	34	17	41	98535	1
12	10	27	20	97410	0
17	38	10	21	97122	0
27	44	7	41	96879	0
34	40	9	42	97356	1
6	5	25	21	96195	0
13	41	9	25	96105	0
32	52	19	62	95799	1
4	5	35	21	95043	0
10	40	15	20	95547	0
13	36	1	22	96240	0
25	44	19	62	95898	0
41	51	11	43	95943	1
15	6	26	21	95322	0
11	29	18	21	93963	0
26	50	10	42	95340	0
38	45	6	41	95142	1
10	5	22	21	95133	0
11	35	8	21	96213	0
24	46	3	41	96771	0
37	46	20	63	96276	1
20	17	23	20	96546	0
12	24	20	21	95367	0

20	42	19	41	94242	0
33	47	13	41	95520	1
10	11	23	21	92955	0
13	35	13	25	93315	0
20	41	14	42	93567	0
39	52	3	41	93351	0
12	5	19	21	93126	0
11	34	6	21	92046	0
29	51	16	61	93819	1
1	5	32	21	93495	0
5	38	15	21	94071	0
13	40	17	42	90651	0
26	46	12	41	93243	0
43	52	2	42	92748	0
12	11	12	21	93828	0
11	23	10	21	95979	0
29	52	21	63	96186	0
37	41	0	20	97167	0
10	6	15	21	97185	0
14	39	19	43	98526	0
37	55	5	41	100272	0
32	28	20	43	98922	1
10	12	32	24	98868	0
11	34	19	21	98994	0
21	43	17	41	99183	0
32	45	14	42	99255	1
5	6	29	21	100182	0
8	36	14	21	99489	0
15	41	14	41	99174	0
27	45	9	40	99741	1
0	6	24	21	99372	0
4	38	7	21	98418	0
12	41	12	46	98958	0
25	45	8	41	97806	0
32	41	8	41	98004	1
4	6	23	21	97599	0
18	46	18	41	99057	0
34	51	9	42	98418	1
7	6	24	21	96654	0
8	33	11	20	96105	0
20	47	6	42	98364	0
32	44	4	42	98103	0
4	6	20	22	96240	0
4	34	6	20	96573	0
16	45	3	42	97707	0
29	46	19	62	96528	1
1	6	34	21	95268	0
7	39	16	21	96555	0
20	46	12	42	98220	0
31	45	8	41	96537	1
4	6	24	22	96609	0
4	33	16	25	98445	0
17	47	11	42	98058	0
31	47	6	42	98850	1
4	6	21	21	99714	0
0	30	12	21	98769	0
13	46	7	41	99480	0
25	45	4	42	98220	0
30	39	6	41	99129	0
3	6	21	21	97302	0
15	45	17	41	96897	0

21	40	19	42	97446	0
34	46	15	42	96897	1
8	6	30	21	95637	0
12	38	13	21	96096	0
21	42	13	42	96654	0
34	46	9	42	95538	1
5	6	24	21	97968	0
11	39	6	21	98391	0
21	42	5	41	96843	0
32	46	1	42	98193	0
4	5	16	20	97869	0
15	44	14	42	98184	0
22	41	15	42	98013	0
35	46	10	41	98895	1
7	5	30	25	99372	0
13	40	11	21	99570	0
20	40	12	41	99363	0
38	51	2	41	100533	0
26	22	2	22	99759	0
11	18	9	25	98310	0
25	47	3	41	98949	0
30	39	5	41	99993	0
3	6	20	21	98697	0
3	33	7	20	98193	0
22	53	16	62	97311	0
31	42	20	46	98184	1
4	6	34	20	97707	0
10	40	15	21	97644	0
18	41	15	41	97878	0

35	50	7	42	96366	1
6	5	23	21	96150	0
11	38	6	21	97122	0
19	41	6	41	96636	0
29	44	4	42	98364	0
3	6	18	20	98661	0
5	35	4	21	99129	0
17	46	21	63	98724	0
36	52	11	42	99768	1
9	6	26	21	99147	0
8	34	12	20	99120	0
16	41	13	42	99750	0
30	47	8	42	97005	1
2	6	23	21	100938	0
4	35	9	21	100560	0
16	45	7	43	100722	0
34	52	17	62	98823	1
7	6	33	22	101199	1
4	30	23	20	100272	0
11	41	3	21	101487	0
26	48	18	63	100911	0
35	42	17	41	103170	1
6	5	33	21	101991	0
49	76	20	63	100695	2
22	6	35	21	103755	1
-1	11	44	20	101622	0
17	51	15	22	102369	0
19	35	21	41	101685	0
30	45	17	41	101010	1
2	5	32	20	102144	0
7	38	17	23	101631	0

19	46	12	41	100866	0
33	46	7	41	102954	1
5	5	24	22	102144	0
3	33	12	21	100992	0
21	51	2	41	103485	0
35	46	18	62	105096	1
5	5	34	21	102891	0
15	43	12	21	104691	0
24	41	12	41	103647	0
33	44	10	42	103980	0
12	11	21	22	104457	0
7	29	12	20	103305	0
19	46	8	42	103449	0
38	52	19	63	102756	1
11	6	34	21	103503	0
12	35	20	21	104988	0
20	41	21	42	104412	0
33	46	16	41	103809	1
5	6	31	21	106149	0
14	42	10	21	106203	0
22	41	11	42	107067	0
37	49	4	42	107193	0
9	5	20	21	108138	0
10	34	7	21	108993	0
21	45	4	42	108840	0
35	47	20	63	109416	1
8	6	34	20	109155	0
10	36	20	22	110343	0
27	50	12	42	110370	0

29	35	18	41	109371	1
7	11	27	20	109389	0
8	34	14	21	110802	0
22	47	8	41	109560	0
33	46	4	42	109281	0
6	5	20	21	108462	0
13	40	1	21	108687	0
23	45	18	62	108525	0
34	44	15	41	107886	1
8	6	30	21	107166	0
11	38	13	21	106221	0
20	42	13	42	106887	0
30	42	13	42	105051	1
1	6	28	21	107400	0
4	36	13	21	107310	0
13	42	12	41	106338	0
25	46	7	41	107274	0
39	47	2	42	106257	0
11	5	18	21	107571	0
17	40	20	42	107769	0
24	40	4	24	107535	0
43	52	15	63	107022	1
15	6	30	21	106338	0
16	34	17	21	104367	0
23	40	2	25	104043	0
36	47	18	63	105357	1
8	6	32	20	105924	0
16	40	14	22	103998	0
24	42	15	43	105078	0
37	46	10	41	105384	1
11	6	25	21	103584	0

10	34	11	20	104340	0
28	51	2	42	105177	0
36	40	3	41	104340	0
8	6	18	21	104700	0
10	35	4	21	103962	0
30	53	15	64	104943	0
29	34	2	21	104295	0
2	6	17	21	105150	0
6	36	2	21	103035	0
25	54	11	63	104610	0
25	33	20	42	104043	1
-2	6	35	21	104106	0
4	40	15	20	104655	0
16	45	12	42	103539	0
33	50	7	45	104313	1
5	6	22	21	105348	0
6	34	9	21	106302	0
19	45	6	42	105888	0
38	54	15	63	106419	1
12	6	29	20	104817	0
19	40	10	21	105816	0
31	46	6	42	106221	0
3	6	25	25	104745	0
5	35	11	21	103881	0
21	50	2	41	105753	0
33	45	19	62	103224	1
6	6	38	25	103728	1
7	35	24	21	104043	0
13	39	6	21	102432	0
26	46	1	41	102936	0

42	50	13	62	103809	1
15	6	28	21	102162	0
15	33	16	21	102423	0
27	46	12	42	104358	0
35	41	13	42	102873	1
8	6	28	21	102540	0
10	36	13	21	102396	0
22	45	9	41	101316	0
32	43	7	41	100479	1
4	6	22	21	100551	0
5	34	10	22	99912	0
20	47	4	41	99183	0
31	46	0	42	101100	0
9	11	10	21	100542	0
6	29	2	21	100857	0
21	50	14	62	102864	0
34	45	10	41	101001	0
16	16	15	21	101793	0
4	22	14	21	102495	0
18	47	8	41	101667	0
25	40	11	43	101658	0
38	47	4	40	100038	0
11	6	19	21	100551	0
18	40	21	42	98643	0
24	40	2	21	100515	0
42	51	12	61	101334	1
14	5	32	25	99606	0
14	34	19	21	100155	0
23	42	19	42	102999	0

38	48	13	42	101901	1
10	6	32	25	99804	0
13	36	16	20	98814	0
27	46	13	43	102396	0
35	42	12	41	102450	1
7	6	27	21	101685	0
10	35	13	21	102558	0
16	41	13	41	101667	0
34	51	3	41	101847	0
7	6	19	22	101334	0
19	46	15	42	101964	0
20	34	2	21	102279	0
32	45	19	62	101127	1
4	6	34	21	101370	0
12	41	14	21	104196	0
23	44	12	42	101199	0
34	45	8	41	102243	1
7	6	23	21	101199	0
10	36	8	21	100767	0
17	41	12	45	102306	0
35	51	2	41	102720	0
7	5	18	21	103188	0
7	34	5	21	102333	0
19	45	5	45	102882	0
32	46	0	41	104511	0
3	5	16	21	102828	0
5	35	1	20	104844	0
20	47	17	63	103998	0
31	46	12	41	104907	1
3	5	27	20	106266	0
3	33	15	21	106275	0

16	47	10	42	107004	0
25	42	9	41	107418	0
3	11	19	21	108822	0
4	35	4	20	110712	0
16	45	20	61	107823	0
26	43	19	42	110028	0
37	45	15	41	111387	1
4	5	31	21	111846	0
20	44	8	21	111504	0
25	39	9	40	113250	1
-2	6	24	21	112008	0
0	35	10	21	113493	0
18	52	20	62	114789	0
23	38	4	22	114447	0
36	46	20	62	114366	1
14	12	29	21	118281	0
10	29	25	25	121071	0
28	51	16	42	123816	0
41	47	11	42	128379	0
20	12	19	20	132825	0
17	30	15	26	134967	0
27	44	14	43	134553	0
35	41	14	41	135282	1
13	11	24	21	133986	0
14	35	10	21	133068	0
27	46	6	42	133419	0
40	46	2	42	134589	0
18	12	11	21	133617	0
14	29	2	20	133491	0
29	48	17	63	132627	0

31	36	2	21	130980	0
10	11	13	22	131133	0
14	38	16	41	130503	0
27	47	9	40	131097	0
45	51	20	62	129306	1
31	19	21	20	127641	1
14	17	25	21	127848	0
32	51	16	42	124923	1
6	7	30	21	121980	0
12	40	15	25	121152	0
19	40	17	42	120558	0
37	51	8	42	117894	0
25	22	7	21	116283	0
16	24	8	25	117336	0
23	40	9	41	117489	0
34	45	6	42	119397	0
7	6	22	22	117408	0
34	60	7	45	118119	1
6	6	22	21	117597	0
8	35	8	21	117867	0
20	45	5	42	119307	0
30	44	7	46	122043	1
2	5	22	20	124050	0
7	38	5	21	127695	0
20	47	21	63	127866	0
23	36	7	22	128037	0
37	47	1	41	131133	0
15	12	9	20	133032	0
17	35	19	45	134715	0
26	42	19	42	136767	0

39	47	13	41	141141	1
11	6	29	22	143724	0
20	41	13	25	149664	0
30	44	10	41	150924	0
38	40	12	42	155316	1
11	6	31	25	153381	0
16	39	13	21	153327	0
22	40	15	42	147918	0
36	46	10	41	145398	0
13	12	18	20	143508	0
10	30	9	21	140754	0
23	46	4	41	138441	0
52	63	4	63	134643	0
25	6	19	21	129504	0
26	34	6	21	124491	0
34	42	7	43	119685	1
7	6	26	25	116040	0
12	38	9	21	113808	0
13	35	15	41	111891	0
29	49	8	42	110370	1
2	6	26	24	110226	0
3	36	11	21	109497	0
13	42	10	41	109767	0
21	40	12	42	110397	0
32	46	8	42	111180	1
5	5	23	20	111468	0
11	39	5	21	112152	0
22	46	21	62	111549	0
36	46	16	41	113025	1
8	5	32	21	114933	0

7	34	19	21	117372	0
18	44	16	41	123006	0
39	54	3	41	129063	0
10	5	18	20	135957	0
11	34	4	20	141843	0
23	45	1	42	145641	0
33	44	20	63	149799	1
11	11	30	21	152085	0
14	35	15	20	153210	0
24	44	14	43	156297	0
36	45	10	41	153894	0
14	12	19	21	155433	0
14	34	6	21	155379	0
22	41	7	42	153390	0
36	46	2	41	149115	0
7	6	16	20	143112	0
8	34	4	22	135084	0
21	45	21	62	129792	0
34	48	15	42	125796	1
7	6	30	21	123321	0
4	30	21	21	120828	0
18	47	15	41	120162	0
32	48	8	41	119433	1
5	5	24	21	119613	0
-1	29	16	21	120162	0
22	56	1	41	120873	0
35	46	18	63	122079	1
6	5	38	25	123753	1
8	35	25	22	124905	0
21	46	20	41	126264	0

29	42	19	41	127110	1
7	12	32	25	128235	0
10	35	17	20	130224	0
16	40	19	42	131079	0
39	56	4	41	131880	0
21	14	15	25	134013	0
10	23	13	21	133725	0
22	46	9	42	135129	0
36	46	5	42	134229	0
7	6	20	21	132996	0
14	40	1	21	133383	0
21	40	3	42	133329	0
39	52	15	64	132303	1
12	6	30	21	131835	1
8	29	22	21	131331	0
21	47	17	42	132123	0
35	47	12	42	132312	1
8	6	27	21	130980	0
9	35	13	21	132258	0
21	45	10	42	131934	0
36	48	7	45	131097	1
7	5	23	21	130737	0
3	29	15	21	131106	0
24	54	3	42	131034	0
30	40	5	42	130638	0
42	45	2	42	131826	0
15	6	18	22	132159	0
16	36	3	21	132942	0
26	42	4	43	133572	0
37	44	1	41	133815	0

8	5	16	20	133842	0
10	36	3	23	134022	0
26	47	18	62	134445	0
35	44	15	41	135084	1
8	6	32	23	134157	0
15	39	14	21	133446	0
23	42	13	41	132528	0
42	53	3	43	131259	0
22	13	15	25	128550	0
16	28	8	21	126885	0
24	41	8	41	125571	0
45	54	17	63	123627	1
17	6	32	21	124743	1
14	30	23	21	124401	0
23	42	2	21	123996	0
37	48	17	63	123744	1
10	6	31	20	123375	0
13	36	16	21	123564	0
20	41	17	42	123870	0
37	51	7	41	125733	1
10	5	22	20	129567	0
15	39	4	21	132195	0
23	41	5	42	136794	0
36	45	2	42	141411	0
7	6	17	21	145497	0
14	40	19	42	149439	0
28	46	15	42	152958	0
35	42	18	45	155847	1
13	11	28	21	155901	0
15	35	14	21	155010	0

21	40	15	41	153264	0
33	45	11	41	150231	1
11	11	21	21	144048	0
10	33	9	21	137604	0
24	46	7	44	129378	0
36	46	3	42	121503	0
8	6	18	21	113376	0
9	34	5	21	107598	0
19	43	7	45	102585	0
26	41	8	42	98994	1
-1	6	22	20	94953	0
1	35	8	21	94197	0
11	44	5	41	94188	0
26	47	21	63	92649	0
39	47	19	45	94260	1
11	6	34	21	92352	0
13	34	21	21	90057	0
26	46	17	42	89391	0
31	40	18	41	89004	0
11	45	15	42	86664	0
3	92	6	83	83784	0
15	47	4	45	82920	0
22	40	7	43	82047	0
0	45	3	41	80184	0
12	45	19	61	78798	0
23	44	18	43	79221	0

29	41	18	41	78969	1
3	6	33	21	79185	0
9	39	15	21	79491	0
22	47	9	41	79896	0
35	46	4	41	83019	0
8	6	19	21	85467	0
7	33	6	20	87906	0
16	42	6	42	90633	0
31	48	21	63	94566	1
3	6	36	21	100281	1
0	30	27	21	104079	0
13	46	2	21	105393	0
30	51	12	61	107337	0
4	39	15	42	105726	0
15	45	11	41	106167	0
30	49	7	45	105834	1
3	5	23	21	108030	0
4	35	10	22	109659	0
14	44	7	41	112512	0
28	47	6	46	113790	0
40	46	2	42	115275	0
13	5	17	20	117885	0
17	38	21	42	118650	0
24	41	5	25	119199	0
38	47	20	62	119361	1
12	6	36	22	121773	0
17	40	21	25	124887	0
30	45	17	41	127641	0
41	45	14	42	129576	1

13	6	29	21	130350	0
21	41	9	21	130512	0
28	40	11	42	130773	0
40	46	7	42	130125	1
13	6	22	21	127920	0
10	30	13	21	126471	0
22	46	8	41	124779	0
34	45	4	41	123987	0
7	6	19	21	123744	0
12	38	4	23	123519	0
31	52	14	62	123483	0
37	39	15	40	123744	1
8	6	30	21	123960	0
11	36	15	21	123555	0
25	46	10	41	123564	0
36	46	6	42	123897	0
9	6	26	26	123789	0
11	35	12	21	122880	0
28	51	3	42	122646	0
35	40	5	42	121890	0
10	8	21	24	120855	0
7	30	12	21	120540	0
20	46	8	42	119982	0
38	51	20	63	120108	1
8	5	39	24	119622	1
5	30	30	21	118920	0
22	50	1	21	119298	0
0	44	18	61	118542	0
14	47	15	44	118362	0

19	40	16	41	118641	0
32	46	12	42	118200	1
5	6	27	21	118416	0
1	30	19	22	118281	0
21	53	8	42	117849	0
33	45	4	41	117876	0
11	11	13	20	117408	0
12	35	1	23	117813	0
23	44	18	61	117705	0
33	44	15	41	117804	1
6	6	30	21	117741	0
18	79	18	67	117984	0
36	51	8	41	117714	1
9	6	23	21	117345	0
11	35	9	21	117435	0
24	46	9	46	117408	0
36	45	5	41	117336	0
6	5	21	21	117237	0
20	80	3	62	117453	0
35	49	20	66	116985	1
9	6	35	21	117498	1
4	29	27	21	117291	0
21	51	17	41	117318	0
28	40	1	24	117453	0
35	40	2	41	116733	0
15	47	18	63	117120	0
23	41	19	42	117147	0

35	46	15	42	116778	1
7	5	30	20	115869	0
13	38	13	21	116211	0
25	47	7	41	116256	0
38	46	6	45	116382	0
12	6	22	22	116895	0
11	34	8	20	116463	0
29	51	18	61	116220	0
26	41	2	25	115986	0
9	6	17	21	116373	0
16	40	19	42	116895	0
36	87	16	84	116598	1
14	11	25	20	115887	0
14	33	14	22	115698	0
21	41	15	42	116958	0
34	46	10	41	116418	0
12	45	11	46	116697	0
24	45	8	42	116823	0
42	51	19	62	116076	1
15	7	33	21	115698	0
15	33	21	21	115977	0
22	40	2	21	117030	0
33	45	20	63	117273	1
6	6	35	21	116778	0
22	83	15	63	116418	0
29	40	16	41	116346	1
1	5	31	20	116652	0

19	85	9	63	116562	0
30	44	7	42	116499	0
7	43	6	42	116913	0
19	45	2	41	116472	0
29	44	20	62	116967	1
6	11	30	21	116436	0
32	58	14	42	117129	0
26	29	6	21	116931	0
90	97	13	104	116859	0
41	51	8	46	116949	1
14	6	22	20	115815	0
22	42	2	22	116805	0
33	44	22	64	116688	1
13	13	30	21	116778	1
6	27	24	21	117300	0
27	87	19	82	116382	0
38	45	15	41	117273	1
10	5	31	21	115995	0
17	40	12	21	116751	0
29	46	7	41	116400	0
47	51	18	62	116877	0
20	40	2	24	117012	0
39	85	19	102	117345	1

10	5	35	21	117327	0
25	81	15	61	116760	0
55	64	18	67	116805	1
28	6	33	21	116913	0
34	39	15	21	117021	1
12	12	25	22	116760	0
14	35	10	20	116976	0
38	57	16	63	117120	1
10	6	31	21	117435	0
35	91	3	63	117084	0
6	5	19	21	116868	0
8	35	4	20	117003	0
25	50	16	62	117354	0
25	34	3	21	116823	0
39	47	19	63	116715	1
12	5	35	21	116949	1
11	34	22	21	117327	0
31	52	13	43	116076	0
9	46	9	42	116850	0
16	40	9	40	116616	0
39	90	0	81	116895	0
12	39	3	42	116418	0
25	47	2	46	116904	0
38	46	19	63	117012	1
10	5	35	21	117462	0
11	35	21	21	117291	0
36	91	18	88	116526	1
8	6	33	21	116841	0
26	51	2	20	117021	0
0	41	3	42	117372	0
20	53	17	67	116526	0
26	39	20	42	116967	0
-1	40	1	21	116832	0
11	45	18	62	116589	0
38	94	11	87	116895	1
10	5	26	20	116427	0
19	75	14	63	117561	0
33	48	8	42	116760	1
5	6	23	21	116886	0
26	53	11	41	117138	0
19	27	4	20	116544	0
16	97	10	103	116877	0
25	43	12	45	116796	0
37	45	8	41	116904	1
9	5	24	21	117111	0
8	33	13	22	116976	0
38	96	4	87	117156	0

10	6	18	20	116652	0
19	75	6	63	116832	0
43	91	18	103	116985	1
16	5	34	21	117084	0
26	78	18	62	117066	0
5	46	13	41	117219	0
29	90	6	83	116751	0
36	41	10	45	117912	0
24	88	5	83	117471	0
32	41	6	42	117588	0
6	6	20	20	117588	0
6	35	9	24	117795	0
19	46	5	42	117462	0
38	51	15	61	118254	1
9	6	30	21	118191	0
8	31	20	21	117444	0
21	46	15	41	118110	0
32	46	10	41	118362	0
23	91	3	84	117156	0
30	40	7	44	117732	1
3	6	22	21	118209	0
7	38	4	20	117813	0

19	45	21	62	117390	0
26	40	3	22	116481	0
40	49	16	62	117444	1
13	6	31	21	116787	0
24	76	17	62	117435	0
41	51	12	46	117669	1
14	5	28	21	117093	0
13	34	15	21	117183	0
25	45	12	42	117201	0
40	48	10	46	117579	0
16	42	10	42	117354	0
30	48	3	41	117120	0
35	40	5	42	117417	0
24	88	4	87	117696	0
43	53	14	63	117381	1
16	5	29	20	117381	1
10	28	22	21	117651	0
27	50	18	46	117345	0
5	44	15	41	117246	0
4	133	7	125	116985	0
19	48	1	42	117255	0

3	84	1	84	117471	0
16	47	16	62	116724	0
23	40	19	43	117129	0
37	47	13	41	117228	1
9	6	28	21	116949	0
12	36	13	21	117570	0
21	42	13	42	117075	0
34	47	8	42	117543	1
7	6	23	21	116373	0
3	29	15	21	117093	0
18	48	9	42	116787	0
32	47	4	42	117156	0
5	6	19	21	117381	0
5	35	5	21	117246	0
21	48	19	62	116751	0
31	44	17	42	116805	0
21	89	12	84	116796	0
34	48	6	42	116922	0
7	6	20	20	117687	0
22	115	10	105	117525	0
37	48	5	43	116940	0
9	6	20	21	117561	0
18	42	20	42	117633	0

29	78	5	63	117912	0
19	90	19	104	117840	0
26	40	20	41	117822	0
10	50	11	41	118362	0
11	168	10	167	118218	0
3	92	5	87	118218	0
10	40	6	41	118191	0
-1	90	19	103	118254	0
28	94	7	82	118119	0
35	42	11	46	117939	0
9	40	13	42	118227	0
25	50	5	42	118299	0
12	53	15	63	117885	0
19	42	18	45	117795	0
30	44	15	41	118047	0
6	41	16	42	118326	0
-5	90	10	84	117993	0
5	42	10	42	117885	0
17	45	7	42	118155	0
-4	47	1	41	118317	0
35	138	5	142	118011	0
7	5	22	22	117786	0
0	28	14	20	117705	0
19	52	3	41	118020	0
38	86	21	104	117759	1
10	5	37	21	117993	0
22	79	21	63	116328	0
34	45	17	41	117120	1
8	6	32	21	117687	0
6	33	20	21	117507	0
19	46	15	41	117507	0
-1	47	10	42	117876	0
13	47	4	41	116742	0
31	51	15	62	117165	0

30	133	8	126	117354	0
20	89	3	84	117678	0
24	170	17	184	118605	0
13	89	15	87	118038	0
29	51	5	41	118749	0
10	47	20	62	117669	0
17	40	2	22	116778	0
13	130	20	148	118011	0
29	49	13	42	117975	0
15	52	3	42	117795	0
4	190	19	206	117174	0
19	48	17	46	117399	0

27	42	17	42	117480	0
14	87	12	82	117588	0
27	46	7	41	117777	0
41	47	6	46	117012	0
14	40	7	41	117147	0
24	42	7	42	117030	0
24	45	2	40	117075	0
19	50	18	66	117669	0
24	40	19	41	116877	0
20	96	6	83	117903	0
28	41	7	42	117192	0
41	46	7	46	117066	0
17	11	17	21	117804	0
20	35	3	21	117318	0
25	38	7	42	117210	0
47	57	16	66	117003	0
18	136	5	125	117264	0
4	53	16	64	117219	0

3	132	7	123	117642	0
33	96	16	105	117354	1
4	5	32	21	117318	0
22	85	10	63	117669	0
41	86	6	82	117516	1
13	5	21	20	118083	0
37	125	21	125	117732	1
10	5	37	21	117264	0
30	254	11	228	117093	0
22	92	6	87	117903	0
1	45	3	42	117777	0
30	129	19	145	117426	0
27	64	18	63	117102	0
23	129	16	127	117273	0
30	173	8	165	117390	0
18	89	2	83	117759	0
35	50	14	62	117426	0
-3	129	13	128	117939	0
25	95	21	103	116976	0
9	50	13	42	117894	0
2	127	9	123	116796	0
10	41	13	45	118110	0

6	229	14	230	116652	0
39	100	18	104	117363	1
17	11	28	21	116823	0
17	33	16	21	117228	0
47	96	2	82	117048	0
28	81	4	83	116931	0
5	45	21	62	117327	0
16	43	3	25	116823	0
-2	83	3	83	117174	0
38	140	8	145	117084	1
9	6	22	20	117327	0

37	627	19	624	115968	0
26	255	13	249	117327	0

-3	438	7	432	117120	0
15	218	19	230	117273	0
23	41	19	41	117237	0
35	178	5	164	116733	0
34	400	18	413	117588	0
2	35	4	21	117129	0

36	134	15	145	117507	0
19	215	9	209	117093	0
-4	45	5	41	117327	0
-1	135	16	146	116994	0
19	221	6	211	116895	0

36	484	18	496	112773	0
20	83	16	81	99552	0
32	45	13	42	94026	1
4	5	30	22	86223	0
32	129	4	103	70437	0

6	607	18	621	51969	0
-7	221	3	206	51771	0
6	480	19	496	51006	0

-2	257	14	252	50952	0
22	91	5	82	51033	0
23	134	14	143	50799	0
27	405	1	392	51294	0
13	85	20	104	51420	0

9	531	7	518	62283	0
7	40	8	41	65730	0
26	42	9	43	69771	0
-3	139	13	143	95646	0
25	395	12	394	116832	0
1	41	13	42	114960	0

6	105	11	103	114987	0
36	131	4	124	113952	0
28	226	7	229	112359	0
29	36	13	42	112944	0
24	93	2	82	112296	0
40	215	14	227	112386	0
11	172	9	167	111000	0

27	349	14	354	112845	0
35	174	8	168	113736	0
-1	131	2	125	113880	0

9	743	9	750	114132	0
21	180	15	186	113817	0
33	46	12	43	113115	0
4	403	3	394	114006	0

