DelayToEnqueue	DeltaEnqueue	QueueDelay	DeltaDequeue	FrameSize	Buffer
487	0	78	0	153057	1
531	78	31	31	152013	1
696	31	31	31	154614	1
679	16	47	32	154623	1
677	31	47	31	153642	0

686	110	31	94	151158	0
793	140	16	125	149979	0
869	109	0	93	149070	0
1156	454	15	469	146937	1
1270	15	31	31	148395	0
1285	47	16	32	147792	0
1326	141	31	156	146298	0

1570	78	15	62	148440	0
1496	125	15	125	145515	0
1611	15	32	32	147486	0
1768	391	16	375	142815	0
1832	31	16	31	143130	1
1915	16	31	31	144795	0
1960	78	16	63	144291	0
2079	219	15	218	141771	0

2181	203	0	188	139737	0
2276	62	0	62	140313	0
2226	16	16	32	137145	1
2342	16	31	31	140727	0
2581	406	0	375	134436	0
2629	15	16	31	136128	1
2545	16	31	31	136137	0
2610	31	32	32	133923	0
2809	298	16	282	139197	0
2857	16	31	31	138045	0

3039	281	0	250	139071	0
3050	78	16	94	138135	1
3100	16	31	31	138891	0
3077	78	16	63	137937	0
3353	109	0	93	138720	0
3247	94	0	94	137415	0
3355	141	15	156	138747	0
3363	109	31	125	142653	0
3440	109	16	94	143166	0

3531	125	16	125	143616	0
3608	110	0	94	143724	0
3549	109	16	125	139755	0
3593	110	20	114	138324	0
3673	114	0	94	136965	0
3749	109	16	125	136101	0
3825	109	32	125	135183	0
3885	94	31	93	134436	0
3862	109	16	94	131898	0

3842	113	31	128	128550	0
3835	93	0	62	127488	0
3811	110	15	125	128082	0
3872	94	19	98	127902	0
3950	112	32	125	127911	0
3944	94	31	93	127821	0
3954	110	17	96	128370	0
4016	95	16	94	128352	0
3992	110	31	125	128280	0
4052	93	0	62	129090	0

3962	110	15	125	129234	0
3990	94	15	94	129027	0
4066	109	32	126	129045	0
4075	110	15	93	127506	0
4069	93	16	94	124869	0
4063	94	16	94	124005	0
4106	110	31	125	123528	0
4165	93	32	94	123852	0
4126	94	31	93	124329	0
4201	109	16	94	124347	0

4244	110	31	125	123771	0
4414	203	16	188	124365	0
4390	109	32	125	124446	0
4288	32	31	31	125265	0
4338	250	31	250	125562	1
4236	31	31	31	126237	0
4545	109	16	94	124707	0
4559	47	0	31	125202	0

4574	281	31	312	125868	0
4519	78	16	63	126228	0
4584	32	16	32	126975	1
4400	16	32	32	126759	0
4564	297	16	281	126102	0
4574	78	0	62	126282	0
4491	16	16	32	126300	1
4473	16	31	31	126102	0
4685	312	31	312	125877	1
4483	31	32	32	125985	1
4665	16	47	31	126003	0

4591	125	15	93	125508	0
4578	187	16	188	125913	1
4694	16	31	31	125733	0
4792	31	31	31	125904	0
4808	250	0	219	125535	0
4720	78	16	94	126273	0
4733	47	0	31	126093	0
4830	31	0	31	125508	0
4982	251	31	282	126012	1

4779	31	31	31	125904	0
5089	109	31	109	125463	0
4985	63	31	63	125661	0
4889	172	15	156	126174	0
4965	109	31	125	125949	0
4629	31	31	31	125409	0
4668	172	16	157	125238	1
5017	16	31	31	126201	0
4764	46	16	31	125688	0
4814	250	16	250	125094	0
4743	63	16	63	124779	0

4857	47	0	31	124959	0
5073	15	16	31	124338	0
4898	360	32	376	124149	1
4814	16	47	31	124869	1
5031	16	62	31	125022	1
5128	31	62	31	125049	0
4941	312	0	250	125238	0
5070	63	0	63	124932	0
5053	16	15	31	125490	1
5234	15	31	31	124572	0

4996	328	16	313	125076	1
5112	16	31	31	125400	0
5105	126	31	126	125499	0
5108	171	16	156	125103	0
5508	32	15	31	125400	1
5656	15	32	32	125202	0
5200	78	16	62	125067	0
5862	94	16	94	124563	0
5292	31	16	31	125139	0
5368	110	0	94	125526	0
5429	94	0	94	124842	0
5422	93	0	93	125463	0

5499	110	15	125	125094	0
5558	93	16	94	124716	0
5635	110	0	94	125454	0
5662	94	31	125	125274	0
5721	93	32	94	125265	0
5633	110	15	93	125076	0
5693	93	16	94	124464	0
5769	110	0	94	125292	0
5696	94	0	94	124959	0
5755	93	0	93	125292	0

5566	110	15	125	125454	0
5608	109	0	94	125355	0
5671	97	0	97	124581	0
5732	93	32	125	125373	0
5808	110	15	93	125166	0
5836	94	15	94	125238	0
5832	96	16	97	125085	0
5922	157	16	157	125301	0
5951	63	15	62	125346	0

5977	93	16	94	125454	0
6054	110	0	94	125634	0
5949	94	0	94	124770	0
5991	109	16	125	125202	0
5918	94	15	93	125013	0
5911	93	16	94	124869	0
5954	110	0	94	124977	0
5963	109	16	125	124725	0
5990	94	15	93	125733	0
6051	94	15	94	125427	0

6093	109	0	94	124761	0
6118	125	31	156	124941	0
6096	78	16	63	125373	0
6173	110	31	125	124707	0
6134	93	32	94	125643	0
6209	110	16	94	125472	0
6286	110	0	94	125076	0
6247	94	0	94	124878	0
6275	95	32	127	124662	0
6352	110	15	93	124680	0

6394	109	0	94	124005	0
6456	94	31	125	124941	0
6450	94	0	63	124932	0
6525	109	16	125	124419	0
6485	94	15	93	124464	0
6462	109	0	94	125157	0
6522	94	32	126	124833	0
6582	94	0	62	124833	0
6625	110	16	126	124761	0
6686	94	16	94	125571	0
6762	109	0	93	125103	0

6789	94	31	125	124887	0
6750	94	0	63	124527	0
6763	312	0	312	125049	0
6835	173	16	189	125076	0
6784	16	31	31	125310	2
6832	15	47	31	124671	1
6782	16	62	31	125094	0

7092	344	31	313	125121	1
7042	15	47	31	124878	2
6990	16	62	31	124860	1
6873	15	79	32	124932	0
6982	344	16	281	125013	0
6866	16	31	31	124842	0
6729	31	31	31	125652	0
6692	63	31	63	125184	0
6862	203	15	187	125130	0
6826	31	16	32	125454	0

7028	234	32	250	125031	0
6893	32	31	31	125040	1
6742	15	47	31	124977	0
6802	94	16	63	125193	0
6807	172	31	187	125319	0
7002	94	31	94	125121	0
6914	46	16	31	124797	1
6996	16	31	31	125355	0
6849	285	31	285	125283	0
7012	63	0	32	124851	0
6893	16	16	32	124473	0
7025	31	16	31	125328	0

7188	297	0	281	125211	0
7104	16	15	31	125337	0
7218	47	0	32	124878	0
7269	218	32	250	125112	0
7299	63	0	31	125166	0
7294	62	32	94	125310	1
7443	16	47	31	125355	0
7555	312	16	281	124878	0
7471	16	31	31	124914	0
7683	78	16	63	124716	1

7433	16	31	31	125139	0
7712	312	0	281	125211	0
7661	16	16	32	125508	0
7718	125	16	125	125265	0
7631	78	31	93	124869	0
7672	109	16	94	124761	0
7685	112	31	127	125238	0
7712	94	32	95	125166	0
7819	141	16	125	124464	0

7730	78	31	93	125139	1
7880	16	47	32	125103	0
7676	62	16	31	125274	0
7721	313	15	312	125778	0
7804	15	32	32	125247	1
7687	16	47	31	125526	1
7833	47	31	31	124896	0
7903	203	16	188	125103	0
8039	203	0	187	124959	0
8089	16	15	31	124824	0
8017	62	16	63	124770	0

8067	16	31	31	124833	0
8233	266	15	250	125220	0
8195	62	16	63	124644	0
8005	78	32	94	125346	1
7755	16	47	31	125454	0
7857	203	0	156	125481	0
7939	47	16	63	125814	0
7886	47	0	31	125391	0
8053	234	16	250	125544	0

8013	94	16	94	125400	1
7963	16	31	31	124662	1
8077	15	47	31	124851	0
8225	313	16	282	124761	0
8152	62	16	62	125031	1
8002	16	31	31	124905	1
8234	31	32	32	124833	0
8124	125	32	125	124770	0
8026	235	15	218	125769	0
8386	94	15	94	125004	1
8303	15	31	31	125184	1
8451	16	47	32	125103	0

8198	281	16	250	125382	0
8443	78	0	62	125805	0
8494	16	15	31	125508	0
8458	31	16	32	125346	0
8224	234	32	250	124716	0
8402	110	15	93	125292	0
8549	47	31	63	125265	0
8179	31	31	31	125274	0
8155	109	17	95	126021	0

8264	142	32	157	125553	0
9040	78	16	62	124860	0
8308	32	15	31	125769	0
8385	111	31	127	125436	0
8445	93	32	94	125112	0
8371	94	31	93	125571	0
8400	96	31	96	125355	0
8476	109	16	94	124347	0
8504	94	16	94	124752	0
8563	94	17	95	124860	0
8541	111	31	125	125328	0

8503	94	31	94	125364	0
8378	109	16	94	125310	0
8440	94	16	94	125409	0
8433	94	16	94	125769	0
8508	109	36	129	124932	0
8572	98	32	94	125382	0
8635	95	31	94	125355	0
8629	94	32	95	125040	0
8572	110	15	93	125265	0
8499	93	16	94	124833	0
8575	110	31	125	125697	0

8603	94	31	94	124878	0
8662	93	32	94	125895	0
8739	110	15	93	124599	0
8799	93	16	94	125319	0
8776	110	31	125	125283	0
8703	94	31	94	124959	0
8777	109	16	94	125751	0
8672	94	15	93	124968	0
8700	94	15	94	125301	0
8742	109	31	125	125121	0

8803	94	31	94	124860	0
8878	109	16	94	124752	0
8872	94	15	93	125571	0
8932	94	15	94	124923	0
9009	109	31	125	125121	0
9037	94	33	96	125544	0
9095	96	31	94	125391	0
9175	110	15	94	125661	0
9235	93	16	94	125742	0
9312	110	31	125	125193	0

9370	93	32	94	125382	0
9399	94	31	93	125310	0
9408	110	15	94	124770	0
9468	93	16	94	125157	0
9496	94	16	94	124941	0
9506	109	32	125	125310	0
9565	94	31	93	125499	0
9492	94	31	94	125418	0
9538	112	16	97	125211	0
9598	94	15	93	125256	0

9627	95	15	95	125634	0
9704	109	31	125	125013	0
9663	94	31	94	124491	0
9724	94	31	94	125238	0
9733	109	16	94	125139	0
9758	94	19	97	125499	0
9758	97	16	94	125679	0
9767	109	32	125	125247	0
9694	94	31	93	124410	0
9588	94	31	94	125571	0
9629	109	16	94	125472	0

9691	94	16	94	125661	0
9598	141	31	156	126192	0
9526	62	31	62	126318	0
9602	110	15	94	125661	0
9663	94	16	95	126804	0
9741	110	31	125	125418	0
9767	94	31	94	126921	0
9843	109	16	94	127542	0
9905	94	15	93	126678	0

9982	112	32	129	126930	0
10043	94	31	93	127506	0
10120	110	15	94	128424	0
10180	93	16	94	127704	0
10257	110	31	125	128370	0
10185	97	31	97	127731	0
10163	109	16	94	128154	0
10223	94	16	94	128064	0
10183	94	15	93	127677	0
10263	112	31	128	128091	0

10157	93	32	94	127983	0
10234	110	15	93	127749	0
10261	94	15	94	127317	0
10335	109	31	125	126903	0
10262	94	32	95	125724	0
10339	110	16	94	124995	0
10367	94	15	93	125373	0
10393	93	16	94	124797	0
10436	110	0	94	124833	0
10396	94	31	125	125265	0

10455	157	31	157	124860	0
10435	47	16	32	125616	0
10496	94	15	93	124365	0
10491	95	16	96	124968	0
10567	109	32	125	125310	0
10627	94	32	94	124869	0
10704	110	15	93	125328	0
10763	93	16	94	124536	0
10824	94	16	94	124932	0

11037	547	34	565	124752	0
10739	34	31	31	124959	1
10687	15	47	31	125400	1
10869	16	62	31	125787	0
11496	94	31	63	124806	0
11486	156	0	125	124959	0
10869	49	16	65	124959	0
10961	126	15	125	124788	0
10809	15	32	32	125184	1
10525	16	47	31	123924	0

10257	266	33	252	124626	0
10122	64	0	31	124662	0
9918	63	0	63	124734	0
10166	47	15	62	124653	0
9955	156	16	157	124536	0
10019	31	16	31	124212	0
9987	235	0	219	124995	0
9568	47	15	62	124383	0
9699	31	15	31	124248	0
10213	15	32	32	124104	0

9293	313	32	313	124725	1
9175	16	48	32	124698	0
9924	48	26	26	123996	0
9683	26	32	32	125112	0
9294	344	31	343	125319	0
9359	31	31	31	124743	1
9408	16	47	32	124275	1
9123	15	63	31	125193	0
9037	282	31	250	124806	0
8418	47	15	31	124023	0
9082	31	16	32	124383	0

8520	204	0	188	125283	0
8370	16	15	31	124833	0
8457	187	16	188	124851	0
8421	32	15	31	125445	0
8313	125	15	125	123924	0
8371	125	15	125	124698	0
8619	15	32	32	124626	1
8435	16	47	31	124302	0
8246	344	15	312	124410	0
8461	15	32	32	124113	1

8377	16	47	31	124968	0
8791	47	31	31	125193	0
8552	328	16	313	124608	0
8402	16	31	31	124842	0
8663	62	0	31	125301	0
8713	16	15	31	125004	0
8311	265	32	282	124662	0
8455	110	15	93	124788	0
8704	15	32	32	124104	1
8653	16	47	31	124950	0

8132	312	16	281	124770	0
8544	47	32	63	124761	0
8458	47	16	31	124329	0
8308	49	29	62	125238	0
5882	374	0	345	124437	0
8196	47	15	62	124545	0
8577	15	32	32	124860	1
8627	16	47	31	124239	0
8556	63	15	31	124509	0
6214	125	15	125	124950	0
6130	15	31	31	124014	0

5972	110	15	94	124734	0
5882	109	31	125	125166	0
5843	94	31	94	124716	0
5670	94	31	94	124914	0
5530	93	32	94	124518	0
5505	110	15	93	124446	0
5465	93	16	94	124356	0
5159	94	16	94	124509	0
5203	110	0	94	125031	0
5162	93	32	125	125238	0

5223	94	0	62	125058	0
4999	109	32	141	125157	0
5060	94	0	62	125148	0
5137	110	15	125	125040	0
4962	93	16	94	125058	0
4957	94	16	94	125031	0
4899	109	32	125	124752	0
4860	94	31	93	124446	0
4820	94	0	63	125499	0
4819	99	15	114	125355	0

4662	109	31	125	124815	0
4488	94	31	94	125211	0
4431	109	16	94	124743	0
4458	94	16	94	125121	0
4486	94	15	93	124032	0
4528	109	0	94	124266	0
4555	94	31	125	124743	0
4597	109	16	94	124860	0
4392	94	16	94	124662	0
4354	95	15	94	124356	0

3976	422	31	438	124716	0
3901	125	31	125	124653	1
4049	15	47	31	124293	0
4826	110	0	63	124158	0
4840	47	15	62	124995	0
3965	125	15	125	124887	0
4029	31	15	31	124653	0
3860	31	16	32	124860	0
4009	16	31	31	124059	0

4120	344	0	313	124707	0
3901	15	16	31	125238	1
4118	16	31	31	124419	1
4232	15	47	31	124770	0
3793	360	31	344	125184	1
4274	15	47	31	124860	2
3690	16	63	32	124824	1
3906	16	78	31	125229	0
3250	345	16	283	124752	1
3734	16	31	31	125094	1
3682	15	47	31	125355	0
3496	47	31	31	124914	0

3372	344	0	313	125481	0
2823	16	15	31	124887	1
3037	15	31	31	125274	0
2918	47	16	32	124788	0
2170	220	15	219	125706	0
2953	15	32	32	125040	1
2268	16	47	31	125517	0
2195	94	15	62	125220	0
2089	94	17	96	125229	0
1934	111	31	125	124392	0
1729	94	0	63	125031	0

1755	93	0	93	125436	0
1797	110	15	125	125400	0
1526	94	15	94	124878	0
1568	109	16	110	125229	0
1533	98	16	98	124968	0
1493	94	15	93	125463	0

983	390	32	407	124995	0
1581	32	31	31	125463	1
1297	15	47	31	125148	0
1032	235	31	219	125418	1
1380	15	47	31	124896	0
1276	63	15	31	125634	0
2224	15	32	32	125058	0
1170	313	31	312	125445	0
2567	62	0	31	125031	0
1483	16	16	32	125364	0
1096	47	0	31	124689	0
957	62	32	94	125391	0

1159	235	16	219	126021	0
865	172	0	156	125895	0
1242	78	16	94	126021	0
407	31	16	31	125526	0
387	47	0	31	125616	0
1135	16	15	31	126057	0
244	140	32	157	125373	0
256	79	15	62	124824	0
160	171	0	156	125193	0

143	250	32	282	126102	0
142	266	16	250	125922	0
133	391	31	406	125634	0
193	93	0	62	125409	0
236	110	16	126	125688	0
145	109	0	93	125337	0

155	110	15	125	125346	0
218	97	16	98	125157	0
208	189	16	189	125355	0
149	109	31	124	125589	0
315	31	32	32	125085	0
192	111	16	95	125643	0
161	235	31	250	125481	0
154	93	32	94	125760	0

135	250	0	218	125760	0
195	94	31	125	125706	0
224	125	31	125	125598	0
312	156	32	157	125724	0
139	94	0	62	125598	0
189	250	32	282	124977	0

280	157	31	156	125463	0
374	62	0	31	125391	0
300	94	31	125	125076	0
423	187	0	156	125193	0
403	47	16	63	126336	0
285	16	31	31	125373	0
160	109	16	94	125832	0
138	110	0	94	125364	0
126	156	0	156	125382	0

129	235	16	251	125859	0
137	141	0	125	125967	0
135	265	16	281	125679	0
131	96	16	96	126192	0
140	110	0	94	125301	0

170	562	31	593	125076	0
272	205	16	190	125571	0
255	16	31	31	125328	0
131	140	16	125	126147	0
139	110	31	125	126705	0
115	109	16	94	126192	0
126	144	32	160	126525	0

167	141	16	125	126453	0
132	268	0	252	126561	0
131	328	16	344	125706	0

123	391	31	406	125409	0
229	141	15	125	125526	0
168	171	32	188	125400	1
351	16	47	31	125778	0
126	109	32	94	125373	0
117	157	0	125	125337	0
123	140	0	140	125337	0

134	344	31	375	125103	0
103	203	16	188	124572	0
117	281	16	281	124392	0
134	250	16	250	124536	0
162	94	16	94	124617	0

204	110	31	125	125202	0
209	171	16	156	124545	0
167	157	15	156	124401	0
348	15	32	32	124932	0
109	594	31	593	125139	0

111	203	16	188	125373	0
158	613	31	628	125364	0

158	500	31	500	124932	0
147	422	15	406	124185	0
117	203	31	219	124878	0
142	125	0	94	125256	0

211	203	16	219	124923	0
333	188	15	187	125445	1
180	15	32	32	124770	0
127	313	0	281	125067	0
155	94	31	125	125301	0
213	125	0	94	124455	0

367	187	31	218	124959	0
173	141	15	125	125517	0
280	140	32	157	124959	0
142	328	16	312	125391	0

120	344	16	344	124905	0
182	96	15	95	124995	0
157	109	31	125	124698	0
98	141	15	125	125238	0
129	363	31	379	124860	0
188	93	32	94	124788	0

120	266	16	250	124743	0
113	160	16	160	125067	0
147	266	31	281	125445	0
268	188	31	188	124887	0
308	140	20	129	125832	0
519	145	31	156	124968	1

202	16	46	31	125346	0
493	125	15	94	125067	0
323	62	16	63	125148	0
412	156	16	156	125355	0
294	16	31	31	124581	0
382	187	0	156	125319	0
431	16	16	32	125274	0
449	219	15	218	125571	0
432	15	32	32	126246	0
442	110	15	93	126903	0
435	94	15	94	127029	0

281	46	0	31	127551	0
208	94	0	94	127398	0
162	453	16	469	126831	0
190	94	16	94	126705	0
235	112	31	127	126219	0
107	172	15	156	125157	0

124	250	15	250	125184	0
143	187	16	188	125625	0
214	203	0	187	124230	0
304	125	0	125	124869	0
287	16	16	32	125220	0
111	156	16	156	125688	0

126	516	31	531	127281	0
120	94	0	63	127983	0
144	157	31	188	128019	0
251	140	16	125	127515	0
224	141	31	156	126894	0
421	62	0	31	127371	0

152	66	31	97	126840	0
227	141	15	125	125454	0
231	203	31	219	124500	0
458	62	0	31	124752	0
322	63	0	63	125031	0
220	31	34	65	124914	0
286	99	31	96	124779	0
190	204	15	188	124797	0
195	173	0	158	124689	0
360	31	0	31	125013	0

284	125	0	125	125283	0
329	78	16	94	124446	0
160	63	16	63	124716	0
122	297	31	312	124977	0
165	375	0	344	124941	0

120	188	31	219	125247	0
198	112	15	96	125130	0
127	296	32	313	125355	0
219	125	32	125	125391	0
260	141	16	125	124536	0
415	188	15	187	124905	0

309	62	16	63	125571	0
415	172	31	187	125328	0
442	94	31	94	125553	1
390	15	47	31	125913	0
607	282	15	250	125778	0
604	31	15	31	124932	0
502	31	16	32	125022	0
516	47	0	31	125076	0
454	172	15	187	124626	0
451	31	16	32	124410	1
402	16	31	31	124545	0

