DelayToEnqueue	DeltaEnqueue	QueueDelay	DeltaDequeue	FrameSize	Buffer	RemotePort	LocalPort
471	0	16	0	153065	0	50632	48001
515	78	16	78	152021	0	50631	48000
681	32	15	31	154622	1	50635	48004
648	0	31	16	154631	0	50634	48003
661	46	16	31	153650	0	50633	48002
670	110	16	110	151166	0	50631	48000

777	140	16	140	149987	0	50631	48000
854	110	15	109	149078	0	50631	48000
1140	453	16	454	146945	1	50632	48001
1239	0	31	15	148403	0	50635	48004
1269	62	16	47	147800	0	50634	48003
1310	141	16	141	146306	0	50635	48004
1554	78	16	78	148448	0	50631	48000

1480	125	16	125	145523	0	50634	48003
1596	16	15	15	147494	0	50633	48002
1752	390	16	391	142823	0	50634	48003
1817	32	15	31	143138	1	50635	48004
1884	0	31	16	144803	0	50633	48002
1944	93	16	78	144299	0	50632	48001
2063	219	16	219	141779	0	50633	48002
2165	203	16	203	139745	0	50634	48003
2261	63	15	62	140321	0	50635	48004

2210	15	16	16	137153	0	50633	48002
2326	16	16	16	140735	0	50632	48001
2565	406	16	406	134444	1	50635	48004
2598	0	31	15	136136	0	50632	48001
2529	31	16	16	136145	0	50633	48002
2595	32	15	31	133931	0	50634	48003
2794	298	15	298	139205	1	50635	48004
2826	0	31	16	138053	0	50632	48001

3023	296	16	281	139079	0	50633	48002
3035	79	15	78	138143	0	50635	48004
3084	15	16	16	138899	0	50632	48001
3061	78	16	78	137945	0	50631	48000
3338	110	15	109	138728	0	50634	48003
3231	93	16	94	137423	0	50631	48000
3339	141	16	141	138755	0	50631	48000
3347	109	16	109	142661	0	50631	48000
3425	110	15	109	143174	0	50631	48000
3516	125	15	125	143624	0	50631	48000

3592	109	16	110	143732	0	50631	48000
3534	110	15	109	139763	0	50631	48000
3577	109	16	110	138332	0	50631	48000
3657	114	16	114	136973	0	50631	48000
3733	109	16	109	136109	0	50631	48000
3810	110	15	109	135191	0	50631	48000
3869	93	16	94	134444	0	50631	48000
3847	110	15	109	131906	0	50631	48000
3826	112	16	113	128558	0	50631	48000
3820	94	15	93	127496	0	50631	48000

3795	109	16	110	128090	0	50631	48000
3856	94	16	94	127910	0	50631	48000
3935	113	15	112	127919	0	50631	48000
3929	94	15	94	127829	0	50631	48000
3938	109	16	110	128378	0	50631	48000
4001	96	15	95	128360	0	50631	48000
3976	109	16	110	128288	0	50631	48000
4037	94	15	93	129098	0	50631	48000
3946	109	16	110	129242	0	50631	48000
3974	94	16	94	129035	0	50631	48000

4050	109	16	109	129053	0	50631	48000
4059	110	16	110	127514	0	50631	48000
4054	94	15	93	124877	0	50631	48000
4048	94	15	94	124013	0	50631	48000
4090	109	16	110	123536	0	50631	48000
4150	94	15	93	123860	0	50631	48000
4110	93	16	94	124337	0	50631	48000
4186	110	15	109	124355	0	50631	48000
4228	109	16	110	123779	0	50631	48000

4398	203	16	203	124373	0	50631	48000
4375	110	15	109	124454	0	50635	48004
4272	31	16	32	125273	0	50634	48003
4322	250	16	250	125570	0	50635	48004
4220	31	16	31	126245	0	50634	48003
4530	110	15	109	124715	0	50633	48002
4543	46	16	47	125210	0	50632	48001
4559	282	15	281	125876	0	50633	48002

4504	78	15	78	126236	0	50635	48004
4568	31	16	32	126983	0	50632	48001
4385	17	15	16	126767	0	50634	48003
4549	297	15	297	126110	0	50633	48002
4559	78	15	78	126290	0	50632	48001
4475	15	16	16	126308	0	50635	48004
4457	16	16	16	126110	0	50634	48003
4669	312	16	312	125885	0	50633	48002
4468	32	15	31	125993	1	50635	48004
4634	0	31	16	126011	0	50632	48001
4575	140	16	125	125516	0	50634	48003

4563	188	15	187	125921	0	50635	48004
4678	15	16	16	125741	0	50632	48001
4777	32	15	31	125912	0	50633	48002
4793	250	15	250	125543	0	50634	48003
4705	78	15	78	126281	0	50632	48001
4718	47	15	47	126101	0	50635	48004
4815	31	15	31	125516	0	50633	48002
4966	250	16	251	126020	0	50634	48003
4763	31	16	31	125912	0	50635	48004
5074	110	15	109	125471	0	50633	48002

4969	62	16	63	125669	0	50632	48001
4873	172	16	172	126182	0	50634	48003
4949	109	16	109	125957	0	50633	48002
4614	32	15	31	125417	0	50635	48004
4652	171	16	172	125246	0	50633	48002
5001	16	16	16	126209	0	50632	48001
4749	47	15	46	125696	0	50634	48003
4799	250	15	250	125102	0	50635	48004
4727	62	16	63	124787	0	50633	48002
4841	47	16	47	124967	0	50634	48003
5058	16	15	15	124346	0	50632	48001

4883	360	15	360	124157	1	50634	48003
4783	0	31	16	124877	1	50633	48002
4999	15	32	16	125030	0	50635	48004
5112	47	16	31	125057	0	50632	48001
4926	313	15	312	125246	0	50633	48002
5054	62	16	63	124940	1	50635	48004
5021	0	32	16	125498	0	50634	48003
5219	32	15	15	124580	0	50632	48001

4981	328	15	328	125084	0	50631	48000
5096	15	16	16	125408	0	50633	48002
5089	126	16	126	125507	0	50631	48000
5093	172	15	171	125111	0	50631	48000
5492	31	16	32	125408	1	50634	48003
5625	0	31	15	125210	0	50635	48004
5185	94	15	78	125075	0	50631	48000
5847	94	15	94	124571	0	50632	48001
5277	31	15	31	125147	0	50631	48000
5352	109	16	110	125534	0	50631	48000
5413	94	16	94	124850	0	50631	48000
5407	94	15	93	125471	0	50631	48000

5483	109	16	110	125102	0	50631	48000
5543	94	15	93	124724	0	50631	48000
5619	109	16	110	125462	0	50631	48000
5646	94	16	94	125282	0	50631	48000
5706	94	15	93	125273	0	50631	48000
5617	109	16	110	125084	0	50631	48000
5678	94	15	93	124472	0	50631	48000
5753	109	16	110	125300	0	50631	48000
5680	94	16	94	124967	0	50631	48000
5740	94	15	93	125300	0	50631	48000

5550	109	16	110	125462	0	50631	48000
5592	109	16	109	125363	0	50631	48000
5655	97	16	97	124589	0	50631	48000
5717	94	15	93	125381	0	50631	48000
5792	109	16	110	125174	0	50631	48000
5820	94	16	94	125246	0	50631	48000
5817	97	15	96	125093	0	50631	48000
5907	157	15	157	125309	0	50631	48000
5935	62	16	63	125354	0	50631	48000
5962	94	15	93	125462	0	50631	48000

6038	109	16	110	125642	0	50631	48000
5933	94	16	94	124778	0	50631	48000
5975	109	16	109	125210	0	50631	48000
5902	94	16	94	125021	0	50631	48000
5896	94	15	93	124877	0	50631	48000
5938	109	16	110	124985	0	50631	48000
5948	110	15	109	124733	0	50631	48000
5974	93	16	94	125741	0	50631	48000
6035	94	16	94	125435	0	50631	48000
6077	109	16	109	124769	0	50631	48000

6102	125	16	125	124949	0	50631	48000
6080	78	16	78	125381	0	50631	48000
6157	110	16	110	124715	0	50631	48000
6119	94	15	93	125651	0	50631	48000
6194	110	15	110	125480	0	50631	48000
6270	109	16	110	125084	0	50631	48000
6231	94	16	94	124886	0	50631	48000
6260	96	15	95	124670	0	50631	48000
6336	109	16	110	124688	0	50631	48000
6379	110	15	109	124013	0	50631	48000

6440	93	16	94	124949	0	50631	48000
6434	94	16	94	124940	0	50631	48000
6509	109	16	109	124427	0	50631	48000
6469	94	16	94	124472	0	50631	48000
6447	110	15	109	125165	0	50631	48000
6506	93	16	94	124841	0	50631	48000
6567	95	15	94	124841	0	50631	48000
6610	110	15	110	124769	0	50631	48000
6670	93	16	94	125579	0	50631	48000
6747	110	15	109	125111	0	50631	48000

6774	94	15	94	124895	0	50631	48000
6734	93	16	94	124535	0	50631	48000
6748	313	15	312	125057	0	50631	48000
6819	172	16	173	125084	1	50635	48004
6752	0	32	16	125318	1	50633	48002
6801	16	31	15	124679	1	50634	48003
6751	16	31	16	125102	0	50632	48001
7076	359	16	344	125129	0	50635	48004
7027	16	15	15	124886	1	50634	48003
6959	0	31	16	124868	0	50633	48002

6858	31	15	15	124940	0	50632	48001
6967	344	15	344	125021	0	50635	48004
6850	15	16	16	124850	0	50634	48003
6713	31	16	31	125660	0	50633	48002
6676	63	16	63	125192	0	50632	48001
6846	203	16	203	125138	0	50635	48004
6810	31	16	31	125462	0	50634	48003
7013	235	15	234	125039	0	50633	48002
6877	31	16	32	125048	0	50632	48001
6727	16	15	15	124985	0	50635	48004

6786	93	16	94	125201	0	50634	48003
6791	172	16	172	125327	0	50635	48004
6986	94	16	94	125129	0	50633	48002
6899	47	15	46	124805	0	50634	48003
6980	15	16	16	125363	0	50632	48001
6834	286	15	285	125291	0	50635	48004
6997	63	15	63	124859	0	50633	48002
6877	15	16	16	124481	0	50634	48003
7010	32	15	31	125336	0	50632	48001

7172	296	16	297	125219	0	50633	48002
7088	16	16	16	125345	0	50635	48004
7202	47	16	47	124886	0	50632	48001
7254	219	15	218	125120	0	50633	48002
7283	62	16	63	125174	0	50632	48001
7279	63	15	62	125318	0	50635	48004
7427	15	16	16	125363	0	50634	48003
7540	313	15	312	124886	1	50633	48002
7440	0	31	16	124922	0	50632	48001
7668	94	15	78	124724	0	50634	48003
7417	15	16	16	125147	0	50635	48004

7697	313	15	312	125219	0	50634	48003
7645	15	16	16	125516	0	50633	48002
7702	125	16	125	125273	0	50632	48001
7615	78	16	78	124877	0	50635	48004
7657	110	15	109	124769	0	50634	48003
7667	109	18	112	125246	0	50633	48002
7697	97	15	94	125174	0	50632	48001
7803	140	16	141	124472	0	50635	48004
7715	79	15	78	125147	0	50633	48002
7864	15	16	16	125111	0	50634	48003
7661	63	15	62	125282	0	50632	48001

7705	312	16	313	125786	1	50633	48002
7773	0	31	15	125255	0	50635	48004
7671	31	16	16	125534	0	50632	48001
7817	47	16	47	124904	0	50634	48003
7887	203	16	203	125111	0	50635	48004
8024	204	15	203	124967	0	50633	48002
8073	15	16	16	124832	0	50634	48003
8002	63	15	62	124778	1	50635	48004
8036	0	31	16	124841	0	50632	48001

8217	281	16	266	125228	0	50634	48003
8179	62	16	62	124652	0	50633	48002
7990	79	15	78	125354	1	50632	48001
7724	0	31	16	125462	0	50635	48004
7842	219	15	203	125489	0	50633	48002
7924	47	15	47	125822	0	50634	48003
7870	46	16	47	125399	0	50632	48001
8038	235	15	234	125552	0	50635	48004
7998	94	15	94	125408	1	50633	48002
7932	0	31	16	124670	1	50632	48001
8046	15	31	15	124859	0	50634	48003

8209	328	16	313	124769	0	50635	48004
8137	63	15	62	125039	0	50633	48002
7986	15	16	16	124913	0	50632	48001
8219	32	15	31	124841	0	50634	48003
8109	125	15	125	124778	0	50635	48004
8010	234	16	235	125777	0	50635	48004
8370	94	16	94	125012	2	50633	48002
8272	0	31	15	125192	1	50632	48001
8404	0	47	16	125111	0	50634	48003

8182	312	16	281	125390	0	50635	48004
8428	79	15	78	125813	0	50633	48002
8478	15	16	16	125516	0	50634	48003
8442	31	16	31	125354	0	50632	48001
8209	235	15	234	124724	0	50631	48000
8386	109	16	110	125300	0	50633	48002
8533	47	16	47	125273	0	50635	48004
8163	31	16	31	125282	0	50631	48000
8140	110	15	109	126029	0	50631	48000
8249	142	15	142	125561	0	50631	48000
9025	78	15	78	124868	0	50634	48003

8292	31	16	32	125777	0	50631	48000
8369	111	16	111	125444	0	50631	48000
8430	94	15	93	125120	0	50631	48000
8355	93	16	94	125579	0	50631	48000
8387	99	13	96	125363	0	50631	48000
8461	107	15	109	124355	0	50631	48000
8488	93	16	94	124760	0	50631	48000
8547	94	16	94	124868	0	50631	48000
8526	112	15	111	125336	0	50631	48000
8487	93	16	94	125372	0	50631	48000
8363	110	15	109	125318	0	50631	48000

8425	94	15	94	125417	0	50631	48000
8417	93	16	94	125777	0	50631	48000
8493	110	15	109	124940	0	50631	48000
8557	98	15	98	125390	0	50631	48000
8619	94	16	95	125363	0	50631	48000
8614	95	15	94	125048	0	50631	48000
8556	109	16	110	125273	0	50631	48000
8484	94	15	93	124841	0	50631	48000
8559	109	16	110	125705	0	50631	48000
8587	94	16	94	124886	0	50631	48000

8647	94	15	93	125903	0	50631	48000
8723	109	16	110	124607	0	50631	48000
8784	94	15	93	125327	0	50631	48000
8760	109	16	110	125291	0	50631	48000
8687	94	16	94	124967	0	50631	48000
8761	109	16	109	125759	0	50631	48000
8656	94	16	94	124976	0	50631	48000
8684	94	16	94	125309	0	50631	48000
8726	109	16	109	125129	0	50631	48000
8787	94	16	94	124868	0	50631	48000

8862	109	16	109	124760	0	50631	48000
8856	94	16	94	125579	0	50631	48000
8916	94	16	94	124931	0	50631	48000
8993	109	16	109	125129	0	50631	48000
9021	94	16	94	125552	0	50631	48000
9083	100	12	96	125399	0	50631	48000
9159	106	16	110	125669	0	50631	48000
9220	94	15	93	125750	0	50631	48000
9296	109	16	110	125201	0	50631	48000
9355	94	15	93	125390	0	50631	48000

9384	94	15	94	125318	0	50631	48000
9392	109	16	110	124778	0	50631	48000
9453	94	15	93	125165	0	50631	48000
9480	93	16	94	124949	0	50631	48000
9491	110	15	109	125318	0	50631	48000
9550	94	15	94	125507	0	50631	48000
9476	93	16	94	125426	0	50631	48000
9523	113	15	112	125219	0	50631	48000
9582	93	16	94	125264	0	50631	48000
9611	95	16	95	125642	0	50631	48000

9688	109	16	109	125021	0	50631	48000
9647	94	16	94	124499	0	50631	48000
9708	94	16	94	125246	0	50631	48000
9718	110	15	109	125147	0	50631	48000
9743	94	15	94	125507	0	50631	48000
9742	96	16	97	125687	0	50631	48000
9752	110	15	109	125255	0	50631	48000
9679	94	15	94	124418	0	50631	48000
9572	93	16	94	125579	0	50631	48000
9614	110	15	109	125480	0	50631	48000
9675	93	16	94	125669	0	50631	48000

9582	141	16	141	126200	0	50631	48000
9511	63	15	62	126326	0	50631	48000
9586	109	16	110	125669	0	50631	48000
9648	95	15	94	126812	0	50631	48000
9725	109	16	110	125426	0	50631	48000
9751	94	16	94	126929	0	50631	48000
9827	109	16	109	127550	0	50631	48000
9889	94	16	94	126686	0	50631	48000
9967	113	15	112	126938	0	50631	48000
10027	93	16	94	127514	0	50631	48000

10104	110	16	110	128432	0	50631	48000
10165	94	15	93	127712	0	50631	48000
10241	109	16	110	128378	0	50631	48000
10169	97	16	97	127739	0	50631	48000
10148	110	15	109	128162	0	50631	48000
10207	93	16	94	128072	0	50631	48000
10167	94	16	94	127685	0	50631	48000
10247	112	16	112	128099	0	50631	48000
10142	94	15	93	127991	0	50631	48000
10218	109	16	110	127757	0	50631	48000

10245	94	16	94	127325	0	50631	48000
10319	109	16	109	126911	0	50631	48000
10246	94	16	94	125732	0	50631	48000
10323	110	16	110	125003	0	50631	48000
10351	94	16	94	125381	0	50631	48000
10378	94	15	93	124805	0	50631	48000
10420	109	16	110	124841	0	50631	48000
10380	94	16	94	125273	0	50631	48000
10440	158	15	157	124868	0	50631	48000
10419	46	16	47	125624	0	50631	48000

10480	94	16	94	124373	0	50631	48000
10475	95	16	95	124976	0	50631	48000
10552	110	15	109	125318	0	50631	48000
10612	94	15	94	124877	0	50631	48000
10688	109	16	110	125336	0	50631	48000
10748	94	15	93	124544	0	50631	48000
10809	94	15	94	124940	0	50631	48000

11022	547	15	547	124760	0	50635	48004
10723	33	16	34	124967	1	50633	48002
10656	0	31	15	125408	0	50632	48001
10853	31	16	16	125795	0	50634	48003
11480	94	16	94	124814	0	50631	48000
11470	156	16	156	124967	0	50631	48000
10853	49	16	49	124967	0	50635	48004
10945	126	16	126	124796	0	50634	48003
10794	16	15	15	125192	0	50633	48002
10509	15	16	16	123932	0	50632	48001
10241	266	16	266	124634	0	50635	48004

10107	65	15	64	124670	0	50634	48003
9902	62	16	63	124742	0	50632	48001
10150	47	16	47	124661	0	50633	48002
9939	156	16	156	124544	0	50634	48003
10004	32	15	31	124220	0	50635	48004
9971	234	16	235	125003	0	50632	48001
9552	47	16	47	124391	0	50634	48003
9683	31	16	31	124256	1	50635	48004
10182	0	31	15	124112	0	50633	48002
9278	329	15	313	124733	0	50635	48004
9159	15	16	16	124706	0	50634	48003

9910	50	14	48	124004	0	50633	48002
9657	14	26	26	125120	0	50632	48001
9278	354	16	344	125327	0	50635	48004
9344	32	15	31	124751	1	50632	48001
9377	0	31	16	124283	1	50633	48002
9092	15	31	15	125201	0	50634	48003
9021	297	16	282	124814	0	50633	48002
8402	47	16	47	124031	0	50635	48004
9066	31	16	31	124391	0	50632	48001
8505	205	15	204	125291	0	50634	48003
8354	15	16	16	124841	0	50633	48002

8442	188	15	187	124859	0	50632	48001
8405	31	16	32	125453	0	50635	48004
8297	125	16	125	123932	0	50633	48002
8355	125	16	125	124706	0	50635	48004
8604	16	15	15	124634	0	50634	48003
8419	15	16	16	124310	0	50632	48001
8230	344	16	344	124418	0	50635	48004
8446	16	15	15	124121	0	50633	48002
8361	15	16	16	124976	0	50632	48001
8775	47	16	47	125201	0	50634	48003

8536	328	16	328	124616	0	50632	48001
8386	16	16	16	124850	0	50635	48004
8647	62	16	62	125309	0	50633	48002
8697	16	16	16	125012	0	50634	48003
8296	266	15	265	124670	0	50635	48004
8439	109	16	110	124796	0	50632	48001
8689	16	15	15	124112	0	50634	48003
8637	15	16	16	124958	0	50633	48002

8117	313	15	312	124778	0	50635	48004
8529	47	15	47	124769	0	50634	48003
8443	47	15	47	124337	0	50633	48002
8290	46	18	49	125246	0	50632	48001
5866	376	16	374	124445	0	50631	48000
8180	47	16	47	124553	1	50635	48004
8546	0	31	15	124868	0	50633	48002
8611	31	16	16	124247	0	50634	48003
8540	63	16	63	124517	0	50632	48001
6198	125	16	125	124958	1	50635	48004
6099	0	31	15	124022	0	50631	48000
5956	125	16	110	124742	0	50631	48000

5866	109	16	109	125174	0	50631	48000
5827	94	16	94	124724	0	50631	48000
5654	94	16	94	124922	0	50631	48000
5515	94	15	93	124526	0	50631	48000
5489	109	16	110	124454	0	50631	48000
5450	94	15	93	124364	0	50631	48000
5144	94	15	94	124517	0	50631	48000
5187	109	16	110	125039	0	50631	48000
5147	94	15	93	125246	0	50631	48000
5207	93	16	94	125066	0	50631	48000

4984	110	15	109	125165	0	50631	48000
5045	94	15	94	125156	0	50631	48000
5121	109	16	110	125048	0	50631	48000
4947	94	15	93	125066	0	50631	48000
4941	93	16	94	125039	0	50631	48000
4884	110	15	109	124760	0	50631	48000
4845	94	15	94	124454	0	50631	48000
4804	93	16	94	125507	0	50631	48000
4803	99	16	99	125363	0	50631	48000
4646	109	16	109	124823	0	50631	48000
4472	94	16	94	125219	0	50631	48000

4416	110	15	109	124751	0	50631	48000
4442	93	16	94	125129	0	50631	48000
4470	94	16	94	124040	0	50631	48000
4512	109	16	109	124274	0	50631	48000
4539	94	16	94	124751	0	50631	48000
4582	110	15	109	124868	0	50631	48000
4376	93	16	94	124670	0	50631	48000
4338	95	16	95	124364	0	50631	48000

3976	438	0	422	124724	0	50635	48004
3885	109	16	125	124661	0	50633	48002
4034	16	15	15	124301	0	50634	48003
4810	109	16	110	124166	0	50631	48000
4824	47	16	47	125003	0	50631	48000
3949	125	16	125	124895	0	50635	48004
4013	31	16	31	124661	0	50632	48001
3844	31	16	31	124868	1	50633	48002
3977	0	32	16	124067	0	50634	48003
4104	360	16	344	124715	0	50635	48004

3886	16	15	15	125246	1	50633	48002
4087	0	31	16	124427	1	50634	48003
4201	15	31	15	124778	0	50632	48001
3777	375	16	360	125192	0	50634	48003
4259	16	15	15	124868	1	50632	48001
3659	0	31	16	124832	1	50633	48002
3874	15	32	16	125237	0	50635	48004
3234	361	16	345	124760	0	50633	48002
3718	16	16	16	125102	0	50632	48001
3667	16	15	15	125363	0	50635	48004
3480	46	16	47	124922	0	50634	48003

3356	344	16	344	125489	1	50632	48001
2791	0	32	16	124895	1	50633	48002
3006	16	31	15	125282	0	50635	48004
2902	62	16	47	124796	0	50634	48003
2154	220	16	220	125714	0	50631	48000
2938	16	15	15	125048	0	50632	48001
2252	15	16	16	125525	0	50635	48004
2179	94	16	94	125228	0	50631	48000
2073	94	16	94	125237	0	50631	48000
1918	111	16	111	124400	0	50631	48000
1713	94	16	94	125039	0	50631	48000
1740	94	15	93	125444	0	50631	48000

1781	109	16	110	125408	0	50631	48000
1510	94	16	94	124886	0	50631	48000
1552	109	16	109	125237	0	50631	48000
1517	98	16	98	124976	0	50631	48000
1477	94	16	94	125471	0	50631	48000
968	391	15	390	125003	0	50632	48001
1565	31	16	32	125471	0	50635	48004
1282	16	15	15	125156	0	50634	48003

1016	234	16	235	125426	0	50634	48003
1365	16	15	15	124904	0	50633	48002
1260	62	16	63	125642	0	50635	48004
2209	16	15	15	125066	0	50631	48000
1154	312	16	313	125453	0	50632	48001
2552	63	15	62	125039	0	50631	48000
1467	15	16	16	125372	0	50633	48002
1080	47	16	47	124697	0	50635	48004
942	63	15	62	125399	0	50634	48003
1143	234	16	235	126029	0	50635	48004

849	172	16	172	125903	0	50633	48002
1226	78	16	78	126029	0	50634	48003
392	32	15	31	125534	0	50632	48001
372	47	15	47	125624	0	50631	48000
1119	15	16	16	126065	0	50635	48004
229	141	15	140	125381	0	50635	48004
240	78	16	79	124832	0	50634	48003
145	172	15	171	125201	0	50635	48004
128	250	15	250	126110	0	50635	48004

126	265	16	266	125930	0	50635	48004
117	391	16	391	125642	0	50635	48004
178	94	15	93	125417	0	50635	48004
220	109	16	110	125696	0	50635	48004
130	110	15	109	125345	0	50635	48004

139	109	16	110	125354	0	50635	48004
203	98	15	97	125165	0	50635	48004
192	188	16	189	125363	0	50635	48004
134	110	15	109	125597	0	50635	48004
300	31	15	31	125093	0	50634	48003
177	111	15	111	125651	0	50635	48004
145	234	16	235	125489	0	50635	48004
139	94	15	93	125768	0	50635	48004

120	250	15	250	125768	0	50635	48004
180	94	15	94	125714	0	50635	48004
209	125	15	125	125606	0	50635	48004
297	156	15	156	125732	0	50634	48003
124	94	15	94	125606	0	50635	48004
174	250	15	250	124985	0	50635	48004
264	156	16	157	125471	0	50635	48004

358	62	16	62	125399	0	50634	48003
284	94	16	94	125084	0	50635	48004
408	188	15	187	125201	0	50635	48004
388	47	15	47	126344	0	50633	48002
269	15	16	16	125381	0	50634	48003
145	110	15	109	125840	0	50635	48004
122	109	16	110	125372	0	50635	48004
110	156	16	156	125390	0	50635	48004
114	236	15	235	125867	0	50635	48004

121	140	16	141	125975	0	50635	48004
120	266	15	265	125687	0	50635	48004
116	96	15	96	126200	0	50635	48004
124	109	16	110	125309	0	50635	48004

155	563	15	562	125084	0	50635	48004
256	204	16	205	125579	1	50635	48004
223	0	32	16	125336	0	50634	48003
116	157	15	140	126155	0	50635	48004
123	109	16	110	126713	0	50635	48004
99	109	16	109	126200	0	50635	48004
111	145	15	144	126533	0	50635	48004
151	140	16	141	126461	0	50635	48004

116	268	16	268	126569	0	50635	48004
116	329	15	328	125714	0	50635	48004
107	390	16	391	125417	0	50635	48004

213	141	16	141	125534	0	50635	48004
153	172	15	171	125408	1	50635	48004
320	0	31	16	125786	0	50634	48003
111	125	15	109	125381	0	50635	48004
101	156	16	157	125345	0	50635	48004
108	141	15	140	125345	0	50635	48004
119	344	15	344	125111	0	50635	48004

88	203	15	203	124580	0	50635	48004
102	281	15	281	124400	0	50635	48004
119	250	15	250	124544	0	50635	48004
147	94	15	94	124625	0	50635	48004
188	109	16	110	125210	0	50635	48004

194	172	15	171	124553	0	50635	48004
151	156	16	157	124409	1	50635	48004
317	0	31	15	124940	0	50634	48003
93	609	16	594	125147	0	50635	48004

96	204	15	203	125381	0	50635	48004
142	612	16	613	125372	0	50635	48004

142	500	16	500	124940	0	50635	48004
131	422	16	422	124193	0	50635	48004
101	203	16	203	124886	0	50635	48004
126	125	16	125	125264	0	50635	48004

196	204	15	203	124931	0	50635	48004
317	187	16	188	125453	0	50634	48003
165	16	15	15	124778	0	50635	48004
111	312	16	313	125075	0	50635	48004
139	94	16	94	125309	0	50635	48004
197	125	16	125	124463	0	50635	48004
351	187	16	187	124967	0	50634	48003

157	141	16	141	125525	0	50635	48004
265	141	15	140	124967	0	50634	48003
127	328	15	328	125399	0	50635	48004
105	344	15	344	124913	0	50635	48004
166	95	16	96	125003	0	50635	48004

141	109	16	109	124706	0	50635	48004
82	141	16	141	125246	0	50635	48004
113	363	16	363	124868	0	50635	48004
173	94	15	93	124796	0	50635	48004
104	265	16	266	124751	0	50635	48004

98	161	15	160	125075	0	50635	48004
131	265	16	266	125453	0	50635	48004
252	188	16	188	124895	0	50635	48004
293	141	15	140	125840	0	50635	48004
503	144	16	145	124976	0	50634	48003
186	16	16	16	125354	0	50635	48004
477	125	16	125	125075	0	50633	48002

307	62	16	62	125156	0	50635	48004
397	157	15	156	125363	0	50632	48001
278	15	16	16	124589	0	50635	48004
367	188	15	187	125327	0	50635	48004
415	15	16	16	125282	0	50634	48003
433	219	16	219	125579	1	50633	48002
401	0	31	15	126254	0	50635	48004
426	125	16	110	126911	0	50632	48001
419	94	16	94	127037	0	50635	48004
266	47	15	46	127559	0	50634	48003
193	94	15	94	127406	0	50635	48004

147	453	15	453	126839	0	50635	48004
174	93	16	94	126713	0	50635	48004
219	112	16	112	126227	0	50635	48004
91	172	16	172	125165	0	50635	48004

108	250	16	250	125192	0	50635	48004
128	188	15	187	125633	0	50635	48004
199	203	15	203	124238	0	50635	48004
289	125	15	125	124877	0	50634	48003
271	15	16	16	125228	0	50635	48004
96	157	15	156	125696	0	50635	48004

110	515	16	516	127289	0	50635	48004
105	95	15	94	127991	0	50635	48004
128	156	16	157	128027	0	50635	48004
236	141	15	140	127523	0	50635	48004
208	140	16	141	126902	0	50635	48004
406	63	15	62	127379	0	50634	48003
136	65	16	66	126848	0	50635	48004

211	141	16	141	125462	0	50635	48004
215	203	16	203	124508	0	50635	48004
443	63	15	62	124760	0	50634	48003
306	62	16	63	125039	0	50633	48002
204	31	16	31	124922	0	50635	48004
273	102	13	99	124787	0	50635	48004
174	201	16	204	124805	0	50635	48004
179	173	16	173	124697	0	50635	48004
344	31	16	31	125021	0	50634	48003
268	125	16	125	125291	0	50635	48004

313	78	16	78	124454	0	50633	48002
144	63	16	63	124724	0	50635	48004
106	297	16	297	124985	0	50635	48004
149	375	16	375	124949	0	50635	48004
104	188	16	188	125255	0	50635	48004

182	112	16	112	125138	0	50635	48004
112	297	15	296	125363	0	50635	48004
204	125	15	125	125399	0	50635	48004
244	140	16	141	124544	0	50635	48004
399	188	16	188	124913	0	50634	48003
293	62	16	62	125579	0	50635	48004

399	172	16	172	125336	0	50633	48002
426	94	16	94	125561	0	50635	48004
375	16	15	15	125921	0	50632	48001
591	281	16	282	125786	0	50635	48004
588	31	16	31	124940	0	50634	48003
486	31	16	31	125030	0	50631	48000
500	47	16	47	125084	0	50633	48002
438	172	16	172	124634	0	50635	48004
435	31	16	31	124418	0	50632	48001
386	16	16	16	124553	0	50631	48000

