DelayToEnqueue	DeltaEnqueue	QueueDelay	DeltaDequeue	FrameSize	Buffer
74	0	52	0	361848	1
83	39	36	23	363000	0
91	42	14	20	362622	0
85	28	7	21	361407	0
71	51	18	62	354693	1
109	6	33	21	360030	0
92	81	14	62	325443	1
131	6	29	21	342084	0
92	29	20	20	304698	0
81	21	20	21	287148	0
80	33	8	21	285591	0
71	24	6	22	284673	0
66	29	18	41	283692	0
51	18	20	20	284367	0
47	29	12	21	283836	0
59	46	8	42	282972	0
44	17	12	21	282117	0
43	33	20	41	280650	0
50	40	1	21	279561	0
55	38	4	41	278355	0
55	34	12	42	278103	0
56	34	19	41	277824	0
72	49	11	41	278148	0
62	24	8	21	277986	0
77	48	2	42	277788	0
83	40	4	42	277473	0
90	40	5	41	277518	0
80	24	1	20	277851	0
81	34	8	41	278103	0
75	28	21	41	278499	0
71	30	12	21	279174	0
61	22	10	20	279390	0
74	46	6	42	279696	0
64	23	5	22	279939	0
71	40	6	41	279795	0
61	24	4	22	279885	0
69	41	4	41	280191	0
51	16	9	21	280569	0
42	24	6	21	280452	0
73	65	3	62	279912	0
62	21	2	20	279165	0
55	28	16	42	278796	0
67	45	12	41	278643	0
58	23	10	21	278274	0
53	30	0	20	277500	0
68	47	16	63	277104	0
63	28	10	22	277005	0
70	40	11	41	276339	0
59	23	9	21	276609	0
55	29	1	21	276177	0
65	44	18	61	275907	0
56	24	16	22	275493	0
57	34	3	21	275529	0
67	44	21	62	275133	0
78	44	19	42	274647	0
74	29	11	21	274107	0
62	23	8	20	274350	0
62	32	18	42	274845	0
69	40	19	41	275862	0
62	28	12	21	276465	0
52	23	10	21	277374	0
49	30	1	21	278058	0

67	52	11	62	278166	0
59	23	9	21	277977	0
65	40	11	42	277842	0
59	28	3	20	277590	0
54	27	18	42	277518	0
66	46	13	41	277266	0
72	40	15	42	277248	0
72	34	2	21	277419	0
69	30	14	42	277671	0
53	18	18	22	277734	0
47	27	11	20	278382	0
67	52	21	62	278562	0
62	29	13	21	279066	0
53	24	10	21	279201	0
70	51	1	42	279912	0
52	16	5	20	280407	0
48	28	18	41	281019	0
61	47	12	41	281829	0
66	38	16	42	282306	0
60	28	9	21	282756	0
56	29	1	21	283170	0
58	36	6	41	283620	0
64	39	8	41	284250	0
58	26	2	20	284772	0
52	28	16	42	285195	0
64	46	11	41	285609	0
50	18	13	20	286176	0
51	35	21	43	286194	0
54	36	6	21	286401	0

70	50	18	62	286185	0
58	22	16	20	286410	0
52	28	9	21	286338	0
36	16	14	21	286410	0
31	29	6	21	286689	0
37	39	8	41	286932	0
54	50	19	61	287220	0
69	49	11	41	287661	0
60	23	9	21	288102	0
56	29	1	21	288138	0
68	46	16	61	288201	0
57	23	14	21	287877	0
54	30	5	21	287922	0
67	47	0	42	287274	0
50	16	5	21	286959	0
50	33	14	42	286491	0
62	46	9	41	286356	0
69	40	10	41	285933	0
61	23	8	21	285969	0
54	28	1	21	285780	0
61	40	2	41	285798	0
49	21	1	20	285645	0
56	41	1	41	285708	0
52	29	13	41	285213	0
58	39	15	41	284736	0
47	23	12	20	283881	0
48	34	19	41	283179	0
61	46	14	41	282612	0
67	41	14	41	282486	0
73	40	17	43	282603	0

76	34	4	21	283125	0
76	35	15	46	283512	0
60	17	19	21	283395	0
58	30	10	21	283332	0
47	23	7	20	283332	0
42	28	20	41	282531	0
49	40	1	21	282261	0
57	42	1	42	281424	0
52	28	14	41	280551	0
42	24	11	21	280245	0
70	61	11	61	279930	0
70	33	20	42	279921	0
66	30	11	21	279831	0
73	40	12	41	279768	0
56	17	16	21	279714	0
82	58	20	62	279534	0
70	23	18	21	279120	0
74	36	4	22	278607	0
63	23	1	20	278238	0
63	34	8	41	277959	0
52	23	6	21	277338	0
49	28	0	22	276744	0
67	51	10	61	276465	0
61	28	3	21	276240	0
50	23	1	21	275871	0
40	23	20	42	276024	0
36	29	11	20	275898	0
54	51	1	41	275700	0
55	35	8	42	276348	0
50	29	21	42	276402	0
48	30	12	21	276429	0

56	42	11	41	276393	0
62	39	13	41	276609	0
58	29	5	21	276564	0
40	16	10	21	276780	0
36	29	2	21	276771	0
48	45	19	62	276843	0
70	56	3	40	276825	0
60	23	1	21	276726	0
57	30	13	42	276978	0
56	33	21	41	276807	0
50	27	15	21	277113	0
66	49	7	41	276888	0
54	22	6	21	276861	0
55	34	13	41	277005	0
63	41	15	43	276717	0
52	23	12	20	276807	0
47	29	4	21	276915	0
72	57	9	62	277122	0
67	29	1	21	277338	0
56	23	18	40	277644	0
51	27	11	20	277932	0
52	35	18	42	278103	0
77	58	1	41	278571	0
60	17	5	21	278688	0
60	34	12	41	278904	0
56	29	4	21	278994	0
53	29	18	43	279372	0
64	46	13	41	279111	0
59	27	7	21	279327	0
66	40	9	42	279273	0

50	18	12	21	279471	0
58	41	12	41	279174	0
67	42	11	41	279210	0
56	23	8	20	279273	0
51	28	1	21	279264	0
73	56	6	61	279111	0
62	23	4	21	279102	0
58	28	16	40	279408	0
57	33	4	21	279345	0
52	29	16	41	279102	0
65	45	13	42	278886	0
61	29	5	21	278922	0
55	28	19	42	278706	0
60	39	20	40	278337	0
50	23	19	22	278607	0
57	40	20	41	278283	0
69	46	15	41	278328	0
63	28	8	21	278526	0
61	29	20	41	278949	0
49	23	19	22	279975	0
51	34	6	21	281892	0
67	50	17	61	283062	0
58	24	14	21	284070	0
64	39	15	40	283872	0
53	23	13	21	283602	0
53	33	1	21	282657	0
67	47	17	63	280686	0
50	17	20	20	277077	0
47	30	11	21	273261	0
62	48	4	41	268527	0
51	23	2	21	263766	0

46	29	14	41	260184	0
59	46	9	41	257619	0
32	39	11	41	254406	0
43	145	9	143	244380	0
43	132	20	143	248016	0
60	186	19	185	251175	0
40	45	15	41	251049	0
30	24	11	20	251220	0
48	117	17	123	252669	0
53	139	2	124	254199	0
44	91	15	104	254055	0

46	136	2	123	254748	0
48	68	16	82	255099	0
45	63	14	61	255243	0
39	28	8	22	254937	0
61	88	2	82	254784	0
50	23	19	40	254784	0
62	145	19	145	254037	0
71	109	13	103	253263	0
65	27	7	21	253056	0
54	23	5	21	253056	0
41	87	19	101	252705	0
47	39	1	21	252354	0
70	89	14	102	252435	0
53	17	18	21	252615	0
55	69	11	62	252480	0

52	30	2	21	252723	0
61	110	15	123	252840	0
63	102	16	103	252336	0
50	53	4	41	252381	0
57	73	13	82	252669	0
46	23	11	21	252597	0
44	132	2	123	252714	0
60	148	17	163	252903	0
62	102	18	103	252894	0
52	57	2	41	252597	0
49	130	14	142	252723	0

59	144	13	143	252822	0
48	89	5	81	252822	0
49	101	7	103	252930	0
47	131	19	143	252975	0
58	144	1	126	253209	0
47	89	15	103	252840	0
59	146	14	145	253029	0
51	92	3	81	253200	0
49	98	7	102	253146	0

58	143	7	143	253353	0
49	91	19	103	253317	0
54	138	5	124	253173	0
47	92	17	104	253254	0
50	137	4	124	253506	0
47	97	10	103	253749	0
47	133	20	143	254127	0
50	136	9	125	254082	0

53	137	15	143	253488	0
45	92	6	83	253092	0
56	144	6	144	252885	0
52	96	12	102	252579	0
46	95	19	102	252336	0
60	114	9	104	252345	0
44	16	14	21	252120	0
58	148	11	145	251391	0
45	86	8	83	251139	0
46	68	1	61	251067	0
53	75	9	83	251049	0

64	77	13	81	251094	0
58	28	6	21	251067	0
59	67	1	62	251166	0
50	24	19	42	251301	0
53	136	5	122	252012	0
41	23	3	21	251985	0
61	86	21	104	251877	1
45	18	24	21	251742	0
50	139	6	121	251994	0
54	103	5	102	252066	0
48	27	19	41	252201	0
46	64	18	63	252057	0
42	29	10	21	252399	0
53	111	4	105	252408	0
56	71	15	82	252471	0

47	24	12	21	252552	0
55	142	13	143	252498	0
52	96	20	103	252831	0
45	93	9	82	252867	0
52	142	10	143	252660	0
52	98	14	102	252399	0
51	33	3	22	252291	0
49	64	1	62	252237	0
55	40	3	42	252516	0
52	63	3	63	252426	0
61	77	7	81	252435	0
51	23	5	21	252201	0
63	79	8	82	252201	0
51	21	7	20	252147	0

44	93	17	103	252174	0
58	79	20	82	252273	0
62	71	10	61	252192	0
61	66	6	62	252237	0
57	63	5	62	252579	0
59	102	5	102	252759	0
60	102	6	103	252948	0
63	102	6	102	252678	0
65	34	12	40	252435	0
53	22	11	21	252390	0
71	85	8	82	252696	0
62	24	5	21	252930	0
57	95	13	103	252849	0

54	97	19	103	252399	0
60	73	8	62	252102	0
58	32	18	42	251805	0
76	118	1	101	250932	0
73	64	19	82	250374	0
84	77	3	61	249546	0
90	72	13	82	249474	0
85	62	13	62	249492	0
87	35	19	41	249573	0
87	34	6	21	249132	0
74	53	16	63	249069	0
77	70	8	62	248898	0
70	60	10	62	249357	0
63	59	13	62	250032	0
75	46	11	44	250194	0
69	27	5	21	250644	0
73	71	17	83	251238	0

70	63	15	61	251436	0
68	65	12	62	251490	0
64	63	11	62	251832	0
61	63	10	62	252129	0
69	76	16	82	252300	0
58	22	14	20	252525	0
52	93	4	83	252723	0
59	141	6	143	252498	0
61	102	6	102	252444	0
62	34	13	41	252552	0
54	59	16	62	252138	0
51	97	4	85	251787	0
57	139	7	142	251418	0

55	99	12	104	251733	0
50	94	20	102	252219	0
59	142	1	123	253065	0
60	101	2	102	253209	0
54	62	1	61	252984	0
57	102	1	102	252633	0
57	101	3	103	252327	0
54	30	14	41	252021	0
51	63	13	62	251976	0
52	34	21	42	252084	0
35	83	20	82	252066	0
55	87	16	83	252552	0

53	65	14	63	252408	0
61	75	1	62	252498	0
50	22	21	42	252507	0
57	73	10	62	252480	0
49	59	14	63	252408	0
44	28	7	21	252372	0
45	68	2	63	252480	0
55	143	3	144	252318	0
40	85	21	103	252309	0
48	75	8	62	252381	0
45	64	4	60	252111	0
34	23	2	21	251895	0
48	113	15	126	251778	0
43	129	10	124	251976	0

53	109	4	103	252093	0
53	34	12	42	252003	0
50	64	10	62	252147	0
44	28	3	21	252147	0
45	65	1	63	252408	0
43	66	18	83	252516	0
38	28	11	21	252435	0
57	86	8	83	252111	0
47	23	6	21	252147	0
48	69	20	83	252057	0
46	64	18	62	252138	0
36	24	14	20	251985	0
62	92	4	82	252048	0
50	21	5	22	252111	0
65	82	4	81	252282	0
52	53	14	63	252300	0
39	87	9	82	252471	0

35	30	20	41	252534	0
50	148	16	144	252390	0
47	97	1	82	252300	0
44	64	19	82	252228	0
41	64	17	62	252210	0
50	175	6	164	252048	0
46	96	13	103	252111	0
49	136	20	143	251823	0

256	341	14	335	251031	1
162	6	29	21	250581	1
40	12	38	21	249699	1
37	29	30	21	250599	0
48	111	2	83	253191	0
55	141	5	144	254388	0
42	87	21	103	253551	0
51	74	10	63	249411	0
39	56	15	61	247908	0
44	172	7	164	245370	0
40	130	3	126	245712	0

46	138	9	144	247359	0
45	133	20	144	248601	0
48	69	13	62	249681	0
43	62	13	62	251229	0
57	114	1	102	251625	0
52	28	15	42	251391	0
43	24	12	21	251769	0
56	47	7	42	251526	0
39	16	12	21	251445	0
34	30	3	21	251382	0
43	41	3	41	251031	0
54	44	21	62	250770	0
60	40	2	21	250959	0
48	22	21	41	250986	0
39	23	19	21	250446	0
50	45	16	42	249942	0
59	42	15	41	249411	0
48	23	13	21	250599	0
40	24	10	21	253389	0
45	39	12	41	254703	0
56	44	10	42	253461	0
46	24	7	21	253056	0

41	29	19	41	253974	0
48	39	2	22	254325	0
56	42	2	42	254703	0
41	18	5	21	254676	0
37	29	17	41	254694	0
42	39	19	41	254577	0
49	40	20	41	254028	0
61	46	16	42	252579	0
50	22	15	21	250878	0
40	24	12	21	248808	0
57	49	4	41	247341	0
42	18	7	21	246666	0
32	24	4	21	247413	0
41	42	4	42	249033	0
54	47	19	62	250698	0
57	36	4	21	252309	0
53	29	17	42	253713	0
42	23	15	21	254550	0
60	51	5	41	254541	0
44	17	9	21	254100	0
38	28	2	21	253596	0
41	36	8	42	253011	0
59	51	18	61	252345	1
36	12	27	21	252129	0
31	28	21	22	252219	0
38	39	3	21	252192	0
55	51	15	63	252336	0
62	40	16	41	252354	0
45	16	21	21	252093	0
41	30	12	21	252300	0

49	42	12	42	252192	0
58	41	11	40	252156	0
41	17	15	21	252165	0
35	27	9	21	251976	0
111	109	4	104	252264	0
114	36	9	41	252336	0
102	22	8	21	252525	0
109	40	9	41	252795	0
119	45	5	41	252570	0
116	29	17	41	252750	0
100	51	6	40	252894	0
96	29	19	42	252795	0
87	24	16	21	252849	0
77	24	13	21	252975	0
79	35	20	42	252831	0
69	23	18	21	252876	0
63	28	10	20	253029	1
303	6	25	21	253056	1
60	24	23	22	252876	1
45	18	25	20	252849	0
52	40	7	22	252777	0
47	28	21	42	253020	0
42	29	13	21	252822	0
54	46	8	41	252723	0
66	46	4	42	252669	0
52	18	7	21	252606	0
47	29	19	41	252858	0
59	46	14	41	252831	0
42	16	19	21	252975	0
36	27	13	21	253056	0

50	47	7	41	253119	0
56	39	9	41	253182	0
51	28	2	21	253110	0
41	24	19	41	253218	0
52	44	16	41	253398	0
58	40	18	42	253479	0
48	23	16	21	253677	0
36	22	14	20	253785	0
39	36	20	42	253857	0
57	51	11	42	253884	0
40	17	15	21	253884	0
29	22	14	21	253947	0
41	45	10	41	253848	0
54	46	5	41	253803	0
38	17	9	21	253821	0
27	23	7	21	253785	0
40	46	3	42	253614	0
51	45	20	62	253515	0
64	46	16	42	253515	0
49	18	19	21	253371	0
38	24	16	21	252957	0
46	40	17	41	253299	0
56	44	14	41	253101	0
46	23	12	21	253326	0
35	23	10	21	252930	0
43	40	10	40	253353	0
55	46	5	41	253524	0
40	18	8	21	253452	0
34	28	1	21	253317	0
42	41	2	42	253461	0

48	40	2	40	253353	0
63	47	1	46	253479	0
46	17	5	21	253524	0
35	23	3	21	253344	0
57	55	9	61	253803	0
63	39	12	42	253758	0
65	35	16	39	253641	1
44	12	25	21	253704	0
46	36	10	21	253497	0
56	43	8	41	253569	0
45	23	6	21	253524	0
36	24	3	21	253479	0
42	39	6	42	253470	0
57	51	16	61	253497	0
43	17	20	21	253767	0
33	24	17	21	253407	0
47	47	12	42	253488	0
54	41	13	42	253515	0
44	23	11	21	253785	0
35	23	9	21	253731	0
48	47	4	42	253506	0
56	41	6	43	253569	0
40	17	10	21	253605	0
35	29	1	20	253524	0
36	34	8	41	253551	0
54	51	18	61	253587	0
67	47	12	41	253650	0
51	17	16	21	253902	0
40	23	14	21	253812	0
54	47	9	42	253911	0
39	18	13	22	253866	0

23	17	16	20	253695	0
42	53	5	42	253569	0
49	40	7	42	253623	0
61	45	4	42	253605	0
48	22	3	21	253434	0
38	22	2	21	253479	0
52	47	17	62	253506	0
57	39	19	41	253344	1
41	17	23	21	253299	0
38	30	14	21	253452	0
48	44	12	42	253416	0
55	41	13	42	253254	0
40	18	16	21	253524	0
30	23	13	20	253407	0
43	46	8	41	253533	0
49	39	9	40	253200	0
39	23	7	21	253236	0
40	35	14	42	253434	0
52	45	10	41	253659	0
58	40	11	41	253830	0
43	18	13	20	253470	0
36	27	7	21	253857	0
48	45	4	42	253740	0
51	36	10	42	253596	0
40	22	9	21	253929	0
28	23	7	21	253866	0
42	46	2	41	253902	0
43	35	7	40	253929	0
67	57	14	64	253803	1

46	12	23	21	253470	0
43	30	13	20	253650	0
53	44	10	41	253569	0
59	40	12	42	253605	0
44	18	15	21	253497	0
34	23	13	21	253560	0
47	46	9	42	253803	0
55	41	9	41	253551	0
39	18	11	20	253596	0
35	29	3	21	253542	0
41	39	5	41	253803	0
64	57	10	62	253650	0
58	28	4	22	253605	0
49	23	1	20	253830	0
48	33	9	41	253785	0
49	35	16	42	253956	0
62	46	12	42	253812	0
51	21	12	21	253686	0
41	24	8	20	253713	0
58	49	19	60	253515	1
40	17	23	21	253569	0
36	29	14	20	253551	0
49	46	10	42	253398	0
49	34	17	41	253362	0
68	52	7	42	253488	0
51	16	12	21	253407	0
40	23	10	21	253227	0
53	46	6	42	253407	0
36	17	9	20	253506	0
31	28	2	21	253245	0
43	46	17	61	253407	0

55	45	13	41	253389	0
38	17	17	21	253560	0
30	24	14	21	253407	0
43	46	9	41	253272	0
50	41	9	41	253407	0
67	51	20	62	253479	0
57	22	18	20	253398	0
46	23	16	21	253443	0
71	58	19	61	253785	1
54	16	24	21	253524	0
54	34	11	21	253407	0
62	41	12	42	253272	0
52	23	10	21	253425	0
41	23	8	21	253308	0
53	46	3	41	253461	0
65	45	19	61	253425	0
55	23	17	21	253326	0
45	24	14	21	253281	0
66	53	2	41	253326	0
49	17	6	21	253281	0
39	23	4	21	253488	0
57	51	15	62	253452	0
57	34	2	21	253371	0
47	23	21	42	253254	0
41	28	14	21	253263	0
48	40	15	41	253380	0
71	57	21	63	253614	1
51	12	30	21	253254	0
51	35	16	21	253254	0

62	44	14	42	253632	0
51	23	12	21	253479	0
47	28	5	21	253335	0
54	40	6	41	253371	0
55	34	14	42	253497	0
38	18	17	21	253272	0
56	50	8	41	253281	0
54	31	15	38	253119	0
43	23	13	21	253263	0
49	40	14	41	253308	0
64	48	7	41	253551	0
47	16	12	21	253479	0
41	27	6	21	253362	0
48	40	8	42	253587	0
59	45	4	41	253506	0
42	16	9	21	253470	0
44	35	15	41	253623	0
49	40	17	42	253569	0
51	34	4	21	253578	0
40	22	3	21	253839	0
34	29	15	41	253911	0
43	41	16	42	253983	0
62	52	6	42	253965	0
44	16	11	21	253956	0
38	29	3	21	254118	0
49	43	0	40	253965	0
67	51	11	62	254028	1
44	11	21	21	253947	0
41	29	13	21	254163	0
53	46	8	41	253911	0
61	43	7	42	254073	0

51	22	6	21	254073	0
44	27	20	41	254010	0
58	46	15	41	254181	0
43	18	18	21	254181	0
42	33	5	20	254289	0
42	33	13	41	254370	0
47	39	15	41	254487	0
59	45	11	41	254541	0
49	23	9	21	254568	0
38	23	7	21	254298	0
55	50	19	62	254361	0
63	41	20	42	254586	1
42	16	25	21	254118	0
45	34	12	21	254181	0
48	35	18	41	253938	0
67	54	5	41	254001	0
46	11	15	21	253740	0
35	23	13	21	253839	0
56	53	1	41	253785	0
67	45	17	61	253812	0
50	17	21	21	253758	0
46	28	14	21	253947	0
53	41	15	42	254010	0
44	24	12	21	253713	0
34	23	10	21	253623	0
51	51	21	62	253578	0
60	43	20	42	253812	0
51	24	17	21	253713	0
45	29	8	20	253749	0
54	40	10	42	253830	0

65	44	7	41	253731	0
50	18	9	20	253713	0
38	22	8	21	253776	0
56	51	20	63	253695	0
61	39	1	20	253416	0
57	29	15	43	253614	0
46	23	13	21	253560	0
69	56	18	61	253479	1
48	12	27	21	253515	1
39	24	24	21	253488	0
62	57	9	42	253515	0
71	44	6	41	253479	0
56	17	10	21	253776	0
58	36	15	41	253452	0
66	40	16	41	253767	0
50	17	20	21	253371	0
39	23	18	21	253695	0
53	48	12	42	253722	0
60	40	14	42	253668	0
45	18	17	21	253614	0
46	34	4	21	253866	0
47	34	10	40	253911	0
64	51	1	42	253821	0
51	21	20	40	253749	0
46	27	14	21	253758	0
55	43	13	42	253830	0
51	29	4	20	253533	0
46	28	17	41	253749	0
66	54	5	42	253488	0
51	18	8	21	253461	0
46	28	1	21	253524	0

58	46	16	61	253416	0
47	22	16	22	253452	0
41	27	10	21	253650	0
47	40	11	41	253461	0
58	44	8	41	253695	0
43	18	11	21	253533	0
37	28	3	20	253569	0
44	40	4	41	253776	0
52	41	5	42	253713	0
40	22	3	20	253533	0
29	22	2	21	253731	0
42	46	18	62	253749	0
53	45	14	41	253956	0
64	44	11	41	254046	0
47	17	15	21	254082	0
36	22	13	20	254226	0
56	53	2	42	254271	0
46	23	21	42	254055	0
48	35	7	21	254136	0
53	39	10	42	254154	0
58	38	13	41	254046	0
48	23	11	21	253875	0
41	27	4	20	253965	0
59	51	15	62	253785	0
65	40	16	41	253704	0
49	17	19	20	253695	0
43	28	12	21	253911	0
61	51	3	42	253875	0
45	17	6	20	253866	0

39	27	21	42	253965	0
41	35	9	23	254019	0
52	45	5	41	254073	0
42	23	3	21	254109	0
29	21	3	21	254217	0
44	48	17	62	254379	0
69	58	1	42	254235	0
59	24	19	42	254181	1
45	19	21	21	254487	0
40	28	14	21	254280	0
46	40	15	41	254235	0
56	43	13	41	254343	0
52	29	5	21	254280	0
40	22	4	21	254172	0
54	47	19	62	253929	0
60	40	20	41	254208	0
50	23	18	21	253605	0
40	24	15	21	253947	0
55	47	10	42	253911	0
67	45	7	42	253740	0
45	11	16	20	253830	0
43	32	5	21	253884	0
44	35	11	41	253875	0
51	40	12	41	253911	0
41	23	10	21	253821	0
36	29	2	21	253713	0
48	47	17	62	253767	0
63	46	12	41	253677	0
46	18	15	21	253704	0
37	23	13	21	253749	0
55	51	4	42	253803	0

61	40	5	41	253839	0
45	17	9	21	254064	0
39	27	2	20	254307	0
53	48	17	63	255036	0
53	34	4	21	254982	0
39	18	7	21	255360	0
40	35	13	41	255567	0
43	35	19	41	255972	0
54	45	15	41	256035	0
60	39	17	41	256881	0
43	17	21	21	256845	0
39	29	13	21	257340	0
55	50	4	41	257898	0
55	33	12	41	258141	0
43	21	12	21	258519	0
37	28	5	21	258555	0
44	40	5	40	258951	0
58	47	21	63	259329	0
48	24	18	21	259392	0
43	29	10	21	259374	0
55	45	5	40	259671	0
59	36	11	42	259869	0
47	22	10	21	260022	0
43	29	2	21	260220	0
55	46	19	63	260292	0
61	39	1	21	260400	0
56	28	14	41	260481	0
50	28	7	21	260283	0
57	41	7	41	260697	0
41	17	11	21	260607	0

37	29	2	20	260589	0
50	46	18	62	260598	0
62	45	14	41	260292	0
49	21	14	21	260490	0
43	27	7	20	260184	0
52	42	7	42	260049	0
59	41	8	42	260112	0
43	17	12	21	259869	0
34	24	8	20	260175	0
49	49	20	61	260049	0
57	41	20	41	259869	0
44	23	18	21	259752	0
37	24	15	21	259635	0
48	44	12	41	259779	0
59	45	8	41	259977	0
54	28	1	21	259860	0
43	23	19	41	259752	0
63	52	9	42	260013	0
52	23	6	20	259743	0
46	28	0	22	259689	0
58	44	17	61	260031	0
43	18	20	21	259851	0
38	29	12	21	259581	0
51	46	8	42	259599	0
61	45	3	40	259941	0
51	22	2	21	259572	0
41	23	21	42	259275	0
48	41	1	21	259662	0
58	43	19	61	259545	1
42	18	22	21	259788	0

37	28	14	20	260085	0
56	53	2	41	260229	0
41	17	7	22	260229	0
36	29	19	41	260679	0
43	40	21	42	262146	0
56	46	17	42	263289	0
40	17	21	21	265143	0
34	29	13	21	266799	0
43	41	13	41	268239	0
56	46	8	41	269544	0
68	46	3	41	271731	0
57	22	2	21	273810	0
50	27	17	42	276078	0
63	47	12	42	277338	0
55	24	15	27	277446	0
38	18	18	21	278418	0
56	50	10	42	278508	0
53	30	1	21	287913	0
42	24	17	40	308199	0
61	52	7	42	328152	0
51	22	6	21	343713	0
45	29	18	41	351957	0
67	54	5	41	352587	0
68	35	11	41	339195	0
59	24	8	21	334398	0
65	40	10	42	335820	0
68	36	15	41	336738	0
68	33	2	20	336801	0
74	40	3	41	336774	0

66	24	21	42	336783	0
67	35	7	21	336828	0
64	30	19	42	336540	0
62	30	10	21	337332	0
55	28	3	21	337350	0
57	36	10	43	337629	0
70	46	5	41	337827	0
59	23	3	21	338448	0
59	33	12	42	338871	0
78	52	1	41	339663	0
80	34	8	41	339960	0
76	30	20	42	340428	0
67	24	17	21	341202	0
57	24	14	21	341805	0
63	40	15	41	343065	0
71	40	17	42	343947	0
72	35	3	21	345351	0
74	35	10	42	346530	0
71	30	1	21	346998	0
77	40	2	41	347223	0
71	28	15	41	347547	0
74	35	1	21	346593	0
64	24	18	41	346782	0
64	34	5	21	346071	0
68	36	12	43	346287	0
69	36	17	41	345432	0
59	23	15	21	344595	0
75	51	5	41	343956	0
62	18	8	21	343578	0
71	42	8	42	342579	0
66	29	0	21	341877	0

79	47	15	62	341418	0
68	22	14	21	340986	0
64	29	6	21	340032	0
71	41	7	42	340041	0
90	52	18	63	339654	0
82	24	15	21	339726	0
81	34	2	21	339321	0
73	24	19	41	339537	0
103	63	17	61	338916	0
97	28	11	22	339564	0
76	46	6	41	339699	0
71	29	19	42	340122	1
145	6	34	21	339321	1
74	30	25	21	340266	0
75	35	11	21	340590	0
72	29	3	21	340815	0
73	34	10	41	341130	0
81	41	11	42	341553	0
77	30	2	21	341481	0
77	34	10	42	342012	0
75	30	1	21	342273	0
75	35	7	41	342741	0
72	29	19	41	342921	0
78	39	1	21	343029	0
67	23	19	41	343119	0
66	34	6	21	344001	0
58	24	3	21	343884	0
73	48	18	63	343659	0
64	24	15	21	343677	0
70	39	18	42	343263	0

59	23	16	21	342885	0
71	46	11	41	342939	0
66	27	5	21	342669	0
71	39	7	41	342840	0
78	40	8	41	342291	0
89	44	5	41	342201	0
97	42	4	41	342273	0
93	29	17	42	342345	0
94	34	3	20	342408	0
79	19	5	21	342444	0
78	33	14	42	342534	0
73	28	7	21	342858	0
40	34	14	41	342561	0
51	43	13	42	341976	0
61	45	9	41	341742	0
70	41	10	42	341661	0
60	24	7	21	341679	0
74	47	1	41	342111	0
52	12	10	21	342156	0
56	36	16	42	342606	0
68	45	13	42	343416	0
63	29	5	21	344685	0
60	29	18	42	346377	0
66	41	18	41	347520	0
67	34	5	21	348933	0
80	46	1	42	349950	0
69	23	20	42	349680	0
69	34	7	21	349383	0
64	27	1	21	348906	0

69	39	4	42	348528	0
63	27	18	41	349374	0
59	30	9	21	350148	0
62	35	16	42	350481	0
74	46	11	41	351444	0
64	23	9	21	352290	0
66	36	15	42	352812	0
61	28	7	20	353496	0
68	40	10	43	354306	0
67	33	19	42	354837	0
69	36	4	21	355206	0
69	35	10	41	355386	0
61	23	8	21	355395	0
66	39	10	41	354900	0
62	29	1	20	354396	0
63	35	7	41	353712	0
59	29	19	41	353280	0
64	38	2	21	353118	0
49	18	5	21	352092	0
56	40	6	41	351597	0
58	35	13	42	350994	0
65	41	15	43	350976	0
67	35	1	21	350364	0
68	35	7	41	349896	0
58	23	5	21	349608	0
61	36	10	41	348879	0
65	38	13	41	348735	0
55	24	10	21	348429	0
61	39	12	41	348402	0
68	39	15	42	347970	0

59	24	12	21	348096	0
61	36	20	44	348114	0
61	33	8	21	348033	0
61	35	15	42	347718	0
61	34	2	21	347691	0
75	46	19	63	347691	0
70	29	11	21	347403	0
71	34	18	41	347313	0
57	18	21	21	346989	0
57	34	8	21	346881	0
71	47	2	41	346548	0
65	27	16	41	346296	0
60	29	8	21	346557	0
54	29	21	42	346629	0
56	34	8	21	346620	0
71	48	2	42	347214	0
60	23	20	41	347682	0
62	35	7	22	348159	0
53	24	4	21	348474	0
54	34	11	41	348735	0
59	39	14	42	348474	0
33	41	15	42	347655	0
50	49	6	40	347421	0
56	40	7	41	347223	0
71	48	1	42	347412	0
73	35	9	43	347250	0
67	29	1	21	346863	0
80	47	16	62	347340	0
87	39	18	41	347088	0

82	29	10	21	347682	0
85	36	15	41	348501	0
87	35	12	32	349419	0
72	18	15	21	349545	0
75	36	20	41	350337	0
77	35	6	21	351003	0
67	24	4	22	351804	0
62	29	16	41	351777	0
59	30	7	21	351822	0
55	29	18	40	351462	0
63	41	18	41	350787	0
59	29	10	21	350040	0
53	28	2	20	349095	0
66	47	17	62	348447	0
63	29	9	21	347493	0
58	29	1	21	346962	0
64	40	3	42	345846	0
65	33	11	41	344802	0
65	35	17	41	343254	0
62	29	9	21	341517	0
58	29	1	21	339762	0
64	40	3	42	337746	0
52	22	1	20	336918	0
59	40	3	42	335739	0
61	35	9	41	335064	0
55	28	3	22	334290	0
62	39	4	40	333714	0
69	41	5	42	332841	0
59	23	2	20	332490	0
54	28	16	42	332733	0
60	41	17	42	332454	0

57	29	9	21	332274	0
53	29	1	21	331770	0
64	45	17	61	331365	0
54	23	15	21	330672	0
49	29	7	21	329826	0
52	36	12	41	329484	0
70	52	3	43	328467	0
58	20	4	21	327666	0
54	30	15	41	326640	0
47	27	9	21	326280	0
44	30	21	42	325623	0
63	52	10	41	325371	0
53	23	8	21	324750	0
53	33	17	42	323661	0
59	40	20	43	322365	0
56	30	11	21	321006	0
57	35	18	42	320583	0
64	40	19	41	319692	0
58	27	13	21	319278	0
60	35	19	41	319611	0
55	29	10	20	319674	0
54	34	18	42	320493	0
67	44	16	42	320925	0
57	24	13	21	321429	0
50	26	7	20	322176	0
79	64	5	62	322644	0
66	18	8	21	323121	0
68	36	13	41	323328	0
57	22	12	21	323643	0
56	33	20	41	324192	0

62	39	2	21	324507	0
52	23	1	22	325677	0
51	34	8	41	326172	0
64	45	5	42	327018	0
54	23	3	21	327783	0
53	33	10	40	327891	0
61	42	10	42	328170	0
52	24	7	21	328152	0
47	29	19	41	327567	0
55	40	20	41	327351	0
62	40	1	21	327126	0
69	41	2	42	326433	0
65	29	14	41	325299	0
61	29	6	21	323886	0
66	39	8	41	322698	0
73	40	9	41	321447	0
58	18	12	21	320367	0
53	29	4	21	319386	0
72	52	15	63	319233	0
62	23	13	21	319395	0
57	29	5	21	319458	0
52	29	18	42	320061	0
50	30	9	21	320304	0
56	40	10	41	321357	0
64	42	10	42	321924	0
52	22	9	21	322455	0
55	35	15	41	322950	0
67	46	10	41	323499	0
43	41	18	49	324345	0

56	47	13	42	324543	0
62	40	13	40	324759	0
51	22	12	21	325821	0
53	35	17	40	325650	0
66	47	12	42	325974	0
61	28	4	20	325515	0
56	30	16	42	325398	0
71	46	11	41	325515	0
59	22	10	21	325470	0
61	36	15	41	325164	0
61	34	2	21	324840	0
57	28	15	41	324444	0
64	41	15	41	324516	0
52	22	14	21	324651	0
60	39	17	42	324480	0
65	40	20	43	323472	0
61	29	11	20	322878	0
55	27	4	20	322167	0
84	62	4	62	321528	0
81	30	16	42	320484	0
76	29	8	21	319593	0
71	28	1	21	318540	0
62	24	18	41	317379	0
56	28	11	21	319674	0
63	40	13	42	321492	0
64	36	18	41	307101	0
42	44	16	42	272541	0
51	41	17	42	280020	0
64	47	11	41	285168	0

52	22	10	21	285942	0
46	27	8	25	284880	0
51	39	10	41	282954	0
43	24	7	21	280389	0
38	63	5	61	273216	0
56	50	18	63	268833	0
56	34	5	21	264747	0
45	23	3	21	260877	0
36	24	20	41	256458	0
49	45	15	40	252291	0
72	57	21	63	248655	1
52	12	30	21	247386	1
41	23	28	21	247701	0
48	41	8	21	249357	0
62	47	1	40	251103	0
47	18	4	21	252174	0
41	28	17	41	252264	0
58	50	7	40	251544	0
60	35	13	41	250401	0
33	41	13	41	248295	0
57	90	6	83	247017	0
42	18	9	21	247134	0
30	23	7	21	247377	0
43	45	3	41	247809	0
56	46	20	63	249204	1
35	12	29	21	250482	0
34	33	17	21	252246	0
46	45	13	41	253533	0

52	39	15	41	255108	0
25	40	16	41	256674	0
33	41	16	41	257079	0
44	45	12	41	256755	0
62	52	1	41	256233	0
48	18	4	21	255792	0
38	24	1	21	255540	0
51	46	17	62	255459	0
62	44	15	42	255333	0
51	23	13	21	255369	0
40	23	11	21	254973	0
50	42	12	43	254964	0
60	44	9	41	255045	0
43	17	13	21	254595	0
39	29	5	21	254442	0
53	47	20	62	254352	0
65	46	16	42	254487	1
48	16	21	21	254199	0
43	28	14	21	253974	0
51	41	15	42	253785	0
39	22	13	20	253812	0
29	23	11	21	253524	0
42	46	8	43	253650	0
48	41	9	42	253623	0
61	45	6	42	253614	0
39	45	1	40	253659	0
53	46	17	62	253488	0

24	38	21	42	253893	0
42	51	12	42	254127	0
42	35	19	42	253983	0
50	40	21	42	254316	0
28	45	16	40	254514	0
47	86	13	83	254334	0
58	46	9	42	254019	0
38	12	18	21	253884	0
34	28	11	21	254154	0
50	50	2	41	253965	0
22	39	5	42	254010	0
42	53	15	63	253893	0
73	98	20	103	253866	0
64	24	17	21	253614	0
58	62	16	61	253812	0
49	23	14	21	253992	0
68	52	4	42	254082	0
51	17	7	20	254235	0
40	22	6	21	254271	0
58	51	16	61	254388	0
92	68	11	63	254613	0
83	24	8	21	254406	0
68	18	11	21	254586	0
61	28	4	21	254721	0
51	23	2	21	254595	0

48	30	13	41	254748	0
68	53	2	42	254865	0
52	17	8	23	254649	0
50	30	20	42	254676	0
30	81	20	81	255477	0
41	44	18	42	255666	0
53	46	12	40	255990	0
60	40	13	41	255630	0
49	23	11	21	255657	0
50	67	4	60	255270	0
30	47	19	62	254919	0
32	35	5	21	254721	0
44	46	21	62	254514	0
63	52	16	47	254298	0
30	34	2	20	253902	0
55	91	14	103	253650	0
44	23	12	21	253938	0
40	29	3	20	253650	0
46	39	5	41	253830	0
25	47	20	62	254307	0
39	47	14	41	254343	0
42	35	0	21	254676	0
48	40	2	42	254739	0

62	48	16	62	254847	0
47	17	20	21	254829	0
41	28	13	21	254901	0
48	40	14	41	254982	0
61	47	9	42	255252	0
45	17	13	21	254928	0
45	33	1	21	255027	0
44	33	9	41	254865	0
56	45	5	41	254721	0
50	28	19	42	254883	0
41	24	17	22	254667	0
48	40	18	41	254514	0
60	45	14	41	254577	0
38	45	11	42	254559	0
55	50	2	41	254748	0
55	34	9	41	254631	0
44	24	6	21	254793	0
48	35	12	41	254505	0
60	45	9	42	254613	0
44	18	12	21	254820	0
41	30	3	21	254586	0
42	35	10	42	254289	0
23	47	4	41	253983	0
42	86	21	103	253920	0
51	42	1	22	254037	0
57	40	2	41	253857	0
46	22	1	21	254010	0
34	22	20	41	254064	0

58	90	12	82	254118	0
45	87	8	83	254316	0
58	47	2	41	254424	0
47	22	1	21	254028	0
61	114	10	123	254415	0
44	17	14	21	254145	0
34	23	12	21	254469	0
46	45	8	41	254271	0
53	40	9	41	254163	0
43	23	7	21	254154	0
31	23	5	21	254289	0
40	41	5	41	254199	0
30	57	9	61	254523	0
29	34	15	40	254190	0
39	41	15	41	254280	0
60	88	10	83	254496	0
43	17	14	21	254559	0
39	28	7	21	254541	0
45	40	8	41	254694	0
59	47	3	42	254649	0
43	18	6	21	254793	0
34	24	4	22	254874	0
45	44	1	41	254811	0

63	51	12	62	254550	1
40	11	23	22	254964	0
31	24	20	21	255027	0
44	47	15	42	254784	0
58	47	10	42	255072	0
41	16	15	21	254694	0
53	112	4	101	255099	0
32	46	20	62	255000	0
33	34	6	20	255036	0
53	53	16	63	255378	0
60	41	16	41	255630	1
43	16	21	21	255756	0
33	24	18	21	255963	0
42	42	17	41	255873	0
49	40	19	42	256080	0
39	24	16	21	256332	0
35	30	8	22	256287	0
43	40	9	41	256413	0
55	46	6	43	256557	0
39	18	9	21	256746	0
37	30	21	42	256908	0
39	35	7	21	256764	0
57	52	17	62	256881	1
41	17	21	21	256971	0
31	24	18	21	256881	0
44	46	14	42	257007	0
60	48	8	42	256980	0

43	17	12	21	257025	0
43	67	8	63	257349	0
55	46	3	41	257268	0
46	24	20	41	257691	0
35	22	19	21	257529	0
46	45	15	41	257637	0
52	40	16	41	257475	0
34	48	9	41	257817	0
49	48	2	41	257556	0
50	34	10	42	257529	0
63	47	4	41	257556	0
47	17	7	20	257367	0
37	23	5	21	257169	0
50	47	21	63	257511	0
62	45	17	41	257403	1
41	12	26	21	257439	1
31	24	23	21	257367	0
48	51	13	41	257052	0
55	39	16	42	257169	0
38	17	20	21	257052	0
28	23	18	21	257025	0
41	46	14	42	256989	0
48	41	14	41	257079	0
83	70	6	62	256917	0
57	6	21	21	257070	1
35	12	30	21	256818	0
53	83	8	61	256665	0

56	137	15	144	256413	0
30	40	16	41	256539	0
33	36	1	21	256557	0
44	45	17	61	256566	0
24	47	12	42	256296	0
45	87	7	82	256386	0
24	46	2	41	256269	0
36	44	20	62	256161	0
41	39	2	21	255882	0
54	47	17	62	256179	0
38	17	21	21	256017	0
40	35	7	21	255945	0
53	80	8	81	256269	0
37	18	11	21	256269	0
33	29	3	21	256314	0
53	53	12	62	256170	0
47	28	5	21	256287	0
61	48	19	62	256269	0
51	22	18	21	256197	0
41	23	16	21	256323	0
65	91	8	83	256296	0

44	12	17	21	256332	0
40	30	8	21	256566	0
50	43	6	41	256683	0
58	41	6	41	256701	0
47	23	4	21	256557	0
30	16	9	21	256773	0
47	51	19	61	256836	0
56	42	18	41	256746	0
46	23	16	21	256566	0
41	29	7	20	256539	0
48	40	8	41	256521	0
60	45	4	41	256836	0
48	22	2	20	256737	0
43	28	16	42	256701	0
56	46	11	41	256917	0
61	40	12	41	256953	0
45	17	16	21	256881	0
34	22	15	21	256863	0
49	47	10	42	256980	0
56	41	9	40	257007	0
40	17	13	21	256953	0
30	23	11	21	256953	0
43	47	6	42	256926	0
50	40	7	41	256935	0
45	29	19	41	257160	1
29	17	23	21	257061	0
44	49	17	43	257340	0
52	41	16	40	257349	0
59	40	17	41	257286	0
49	23	15	21	257106	0

45	30	6	21	257115	0
20	41	12	47	256944	0
41	87	8	83	256737	0
54	46	3	41	256629	0
58	38	7	42	256296	0
47	23	5	21	256449	0
37	23	3	21	256332	0
48	45	20	62	256179	0
57	42	20	42	256071	0
48	24	17	21	256098	1
30	16	22	21	256296	0
49	52	11	41	256197	0
51	35	17	41	255927	0
45	28	10	21	256008	0
30	18	13	21	256170	0
44	47	7	41	256449	0
23	47	1	41	256665	0
30	39	3	41	256314	0
37	41	4	42	256440	0
18	47	19	62	256602	0
25	41	19	41	256332	0
38	46	15	42	256260	0
51	46	10	41	256449	0
68	51	1	42	256359	0
52	17	4	20	256134	0
43	24	1	21	256278	0
51	42	1	42	256224	0

69	52	11	62	256107	0
48	12	19	20	256044	0
42	28	12	21	255954	0
58	47	6	41	256152	0
42	18	9	21	255954	0
31	22	8	21	255927	0
42	45	5	42	255882	0
51	42	5	42	255837	0
64	47	20	62	255999	1
47	17	25	22	255945	0
43	29	17	21	256125	0
51	41	18	42	255999	0
35	18	21	21	256089	0
26	23	19	21	256026	0
45	53	8	42	256377	0
53	41	9	42	256296	0
27	41	10	42	256251	0
39	45	6	41	256107	0
49	43	4	41	256179	0
55	40	5	41	256062	0
45	23	3	21	256008	0
29	18	6	21	255999	0
42	46	1	41	256125	0
55	47	16	62	255918	0
40	17	19	20	256143	0
28	22	18	21	256368	0
43	47	12	41	255936	0
55	45	8	41	256170	0
38	18	11	21	256044	0

32	27	6	22	256386	0
47	48	20	62	256386	0
48	35	6	21	256494	0
67	52	16	62	256557	0
52	18	18	20	256854	0
46	27	12	21	256827	0
51	39	15	42	256890	0
47	30	6	21	256998	0
44	30	16	40	257205	0
46	35	2	21	257043	0
52	39	5	42	257034	0
41	23	3	21	256980	0
42	34	9	40	257034	0
45	36	14	41	257106	0
53	42	14	42	256917	0
44	24	11	21	256764	0
39	29	3	21	257052	0
42	35	10	42	256890	0
56	49	3	42	256620	0
41	17	7	21	256719	0
36	29	20	42	256548	0
44	41	20	41	256692	0
57	46	15	41	256431	0
46	23	13	21	256413	0
36	23	11	21	256260	0
50	47	5	41	256242	0
61	45	1	41	256143	0
40	12	10	21	256341	0
44	39	12	41	256422	0
50	38	15	41	256575	0

58	41	16	42	256098	0
48	23	15	22	256557	0
43	29	7	21	256341	0
49	40	8	41	256224	0
64	47	3	42	256170	0
43	12	12	21	255981	0
32	23	9	20	255954	0
44	45	6	42	256035	0
50	40	8	42	255999	0
35	18	11	21	255873	0
29	27	5	21	255729	0
40	45	2	42	255792	0
60	52	11	61	255999	0
61	34	19	42	255873	0
49	22	18	21	256089	0
66	51	8	41	255900	0
62	29	21	42	256017	0
52	23	18	20	256044	0
67	50	10	42	256305	0
59	23	8	21	256161	0
47	23	6	21	256089	0
58	44	3	41	256278	0
61	36	10	43	256242	0
51	24	6	20	256458	0
56	39	9	42	256638	0
41	18	12	21	256458	0
43	68	7	63	256242	0
55	45	4	42	256134	0
44	23	2	21	256107	0
28	18	5	21	256089	0

48	52	15	62	256053	0
60	46	10	41	256134	0
45	18	14	22	256188	0
33	22	12	20	255909	0
52	51	3	42	256098	0
25	40	4	41	255981	0
44	53	14	63	256107	0
41	30	5	21	256107	0
56	48	18	61	256197	0
40	18	21	21	256143	0
51	110	14	103	256620	0
70	53	2	41	256530	0
54	17	6	21	256665	0
49	29	18	41	256782	0
40	24	15	21	257043	0
28	22	14	21	256818	0
42	47	9	42	256782	0
49	40	10	41	257034	0
61	45	7	42	257061	0
50	22	6	21	256917	0
40	24	3	21	257088	0
58	85	21	103	257187	0
47	22	20	21	256764	0
37	23	18	21	256728	0
49	46	13	41	256917	0

56	40	15	42	256944	0
40	17	19	21	256863	0
29	23	17	21	256917	0
43	47	12	42	256719	0
61	50	3	41	256746	0
44	17	7	21	256755	0
33	23	5	21	257034	0
52	52	15	62	256782	0
70	52	4	41	256935	0
60	23	1	20	256971	0
48	22	21	42	256935	0
39	24	18	21	257061	0
56	50	9	41	256872	0
40	17	14	22	256836	0
29	24	11	21	256773	0
71	73	20	82	256575	1
55	17	24	21	256728	0
54	34	11	21	256611	0
56	35	18	42	256620	0
41	18	21	21	256476	0
34	27	15	21	256476	0
42	41	15	41	256467	0
59	51	5	41	256629	0
38	12	14	21	256440	0
29	24	11	21	256467	0
56	93	20	102	256287	0
68	45	17	42	256269	0
35	34	3	20	256422	0

46	45	21	63	256134	0
55	42	21	42	256296	0
45	23	19	21	256206	0
30	21	19	21	256251	0
42	44	16	41	256179	0
59	50	8	42	256098	0
62	36	14	42	256197	1
35	6	29	21	256161	0
40	40	10	21	255999	0
59	51	21	62	256125	1
44	18	23	20	255783	1
32	22	21	20	255891	0
39	40	2	21	256035	0
51	45	18	61	255819	0
41	23	16	21	256107	0
30	24	13	21	255873	0
37	41	13	41	255783	0
49	44	11	42	255945	0
62	46	7	42	255783	0
52	23	5	21	256134	0
15	63	2	60	256260	0
27	46	18	62	256269	0
38	44	15	41	256323	0
47	42	14	41	256260	0
52	39	16	41	256539	0
44	26	11	21	256584	0
35	24	8	21	256395	0
43	40	8	40	256512	0

54	45	4	41	256521	0
45	24	3	23	256485	0
51	106	21	124	256359	0
27	44	18	41	256215	0
41	47	12	41	256485	0
48	40	14	42	256539	0
61	45	11	42	256530	0
54	27	5	21	256251	0
43	23	3	21	256404	0
56	46	19	62	256404	0
49	26	13	20	256638	0
38	23	12	22	256512	0
50	45	7	40	256539	0
63	46	2	41	256638	0
47	18	5	21	256575	0
39	28	18	41	256746	0
55	46	13	41	257052	0
61	40	15	42	256872	0
46	18	18	21	256773	0
36	23	15	20	256629	0
48	46	10	41	256548	0
54	39	14	43	256368	0
45	24	11	21	256332	0
33	22	10	21	256197	0
40	40	11	41	256215	0
57	50	3	42	255936	0
28	40	4	41	255882	0

37	39	6	41	255990	0
48	46	1	41	255864	0
30	48	14	61	255594	0
41	44	11	41	255612	0
48	41	11	41	255468	0
60	45	8	42	255567	0
43	16	13	21	255612	0
38	29	5	21	255585	0
59	87	1	83	255621	0
37	12	10	21	255504	0
36	32	19	41	255351	0
51	82	19	82	255405	0
21	37	3	21	255270	0
37	50	16	63	255360	0
25	87	11	82	255234	0
32	40	13	42	255315	0
47	49	6	42	255423	0
48	35	12	41	255279	0
23	41	13	42	255369	0
35	45	9	41	255279	0
48	46	4	41	255522	0
65	51	15	62	255396	0

34	35	1	21	255549	0
47	47	20	66	255414	0
54	40	1	21	255423	0
38	17	5	21	255630	0
28	24	2	21	255666	0
35	40	4	42	255621	0
47	45	0	41	255558	0
62	49	13	62	255378	0
45	17	17	21	255396	0
47	34	3	20	255369	0
55	42	3	42	255315	0
61	40	5	42	255441	0
41	12	14	21	255414	0
41	34	1	21	255387	0
42	34	7	40	255243	0
58	49	19	61	255522	1
41	17	24	22	255261	0
36	29	16	21	255468	0
54	84	15	83	255441	0
43	23	13	21	255450	0
34	23	10	20	255693	0
41	40	11	41	255621	0
48	41	11	41	255675	0
36	21	11	21	255729	0
30	28	4	21	255828	0
45	48	18	62	255954	0
50	39	21	42	255792	0
62	45	18	42	255810	0
51	22	17	21	255936	0

46	29	9	21	255792	0
60	46	4	41	255603	0
49	23	2	21	255747	0
42	26	17	41	255522	0
48	39	20	42	255684	0
58	44	18	42	255576	1
41	16	22	20	255405	0
31	23	20	21	255729	0
47	50	11	41	255495	0
55	41	12	42	255396	0
44	22	11	21	255666	0
38	28	4	21	255468	0
50	45	0	41	255162	0
56	40	2	42	255099	0
74	51	12	61	255081	1
48	6	27	21	254919	0
53	39	8	20	254829	0
59	40	10	42	255036	0
43	17	14	21	255108	0
40	32	3	21	254811	0
54	46	18	61	254991	0
55	35	3	20	255027	0
44	22	2	21	254514	0
33	22	1	21	254433	0
47	47	16	62	254802	0
54	41	18	43	254478	0
38	18	21	21	254514	0
34	28	14	21	254397	0
46	46	9	41	254478	0
58	45	6	42	254271	0

43	17	9	20	254487	0
32	24	6	21	254397	0
40	41	6	41	254433	0
54	46	1	41	254397	0
35	16	5	20	254361	0
30	28	18	41	254478	0
43	46	13	41	254370	0
50	40	15	42	254469	0
56	40	16	41	254361	0
45	22	15	21	254352	0
38	27	9	21	254568	0
45	40	11	42	254262	0
58	46	6	41	254631	0
47	23	4	21	254361	0
53	72	15	83	254406	0
21	35	1	21	254235	0
42	55	7	61	253965	0
51	41	7	41	254064	0
61	44	5	42	254145	0
50	23	3	21	254028	0
41	23	1	21	254118	0
59	85	18	102	254208	1
42	17	22	21	254199	0
38	29	15	22	254397	0
50	45	11	41	254253	0
61	45	8	42	254541	0
44	17	11	20	254424	0
36	23	9	21	254307	0

48	46	4	41	254604	0
58	44	2	42	254595	0
42	17	5	20	254820	0
32	24	2	21	254847	0
44	45	19	62	254730	0
64	53	7	41	254757	0
42	12	16	21	254856	0
32	23	13	20	254874	0
43	44	11	42	254757	0
21	46	7	42	254748	0
28	40	9	42	254586	0
40	45	4	40	254631	0
57	50	16	62	254487	0
33	42	15	41	254523	0
37	38	18	41	254667	0
48	44	15	41	254568	0
71	57	19	61	254577	0
68	30	10	21	254946	0
58	24	7	21	254766	0
47	22	6	21	254667	0
37	23	4	21	254766	0
52	48	19	63	254703	0
63	45	16	42	254955	1
42	12	24	20	254901	0
43	34	11	21	254937	0
57	47	5	41	254838	0
57	35	12	42	254937	0
43	18	15	21	255036	0

31	22	14	21	254685	0
45	46	9	41	254748	0
50	40	11	42	254748	0
46	29	3	21	254334	0
40	27	18	42	254523	0
44	37	1	20	254388	0
21	44	18	61	254127	0
35	47	12	41	254460	0
48	46	7	41	254055	0
54	40	8	41	253965	0
26	39	11	42	254001	0
38	45	7	41	253794	0
44	39	9	41	254028	0
56	46	6	43	253974	0
50	27	20	41	253848	0
40	23	18	21	254019	0
53	47	13	42	254037	0
58	39	15	41	254217	0
41	17	19	21	253938	0
33	23	17	21	254001	0
50	51	7	41	253947	0
55	38	10	41	253965	0
43	22	9	21	253929	0
38	28	2	21	253875	0
48	43	20	61	253758	0
66	52	9	41	253749	0
49	17	13	21	253731	0
40	23	11	21	253839	0

56	83	12	84	253668	0
41	18	14	20	253443	0
35	28	7	21	253569	0
45	43	5	41	253551	0
63	51	16	62	253551	0
47	18	19	21	253461	0
37	23	16	20	253542	0
44	40	18	42	253425	0
54	44	14	40	253821	0
44	24	11	21	253641	0
36	24	8	21	253596	0
43	41	8	41	253767	0
55	45	5	42	253965	0
40	18	8	21	253740	0
28	23	6	21	254154	0
48	85	2	81	254046	0
61	47	18	63	253992	0
49	22	17	21	254055	0
40	24	14	21	253830	0
49	41	14	41	253821	0
61	46	9	41	254073	0
45	16	14	21	254199	0
44	67	8	61	254028	0
53	42	8	42	253911	0
42	22	7	21	253956	0
30	22	6	21	254082	0
43	46	2	42	253974	0

29	86	17	101	254073	0
50	88	11	82	254388	0
56	40	12	41	254172	0
48	58	17	63	254262	0
44	29	9	21	254136	0
56	45	6	42	254424	0
39	17	9	20	254631	0
35	29	3	23	254379	0
40	39	6	42	254460	0
45	39	8	41	254199	0
59	46	4	42	254280	0
43	18	6	20	254280	0
51	74	15	83	254010	0
29	45	11	41	254145	0
40	45	8	42	254037	0
47	39	11	42	253713	0
54	41	11	41	253821	0
44	23	8	20	253659	0
46	69	2	63	253821	0
30	50	13	61	253695	0
29	33	1	21	253641	0
43	46	16	61	253596	0

54	46	11	41	253704	0
38	17	15	21	253767	0
32	27	9	21	253623	0
39	41	9	41	253371	0
63	91	20	102	253065	1
48	18	23	21	253155	0
57	109	18	104	253110	0
31	41	18	41	253218	0
45	46	14	42	253092	0
52	41	14	41	252921	0
41	22	13	21	253263	0
33	26	8	21	253110	0
39	39	11	42	253029	0
57	51	1	41	253173	0
69	46	17	62	253182	0
53	18	20	21	253173	0
45	24	17	21	253308	0
57	46	11	40	253461	0
43	86	8	83	253614	0
44	35	14	41	253560	0
69	57	19	62	253542	0
45	76	4	61	253443	0

62	51	15	62	253443	0
47	18	18	21	253560	0
44	30	9	21	253776	0
58	48	3	42	253794	0
59	34	11	42	253758	0
44	18	14	21	253866	0
46	36	20	42	254100	0
54	41	20	41	254010	0
39	118	6	104	254055	0
51	45	2	41	254424	0
24	40	3	41	254118	0
31	40	5	42	254334	0
43	47	19	61	254226	0
50	39	1	21	254172	0
45	29	14	42	254253	0
35	23	11	20	254172	0
61	92	3	84	254316	0
45	18	6	21	254307	0
34	22	4	20	253938	0
60	93	14	103	254415	0
41	81	14	81	254001	0
49	41	14	41	254100	0

58	42	14	42	254172	0
46	22	13	21	254019	0
35	22	11	20	254145	0
59	91	3	83	254217	0
42	16	7	20	253884	0
32	24	4	21	254010	0
45	47	20	63	254010	0
58	45	16	41	253623	1
41	16	21	21	253749	0
49	108	15	102	253596	0
55	40	17	42	253317	0
45	23	15	21	253560	0
38	27	9	21	253461	0
52	47	4	42	253371	0
25	40	5	41	253182	0
32	40	6	41	253254	0
39	41	7	42	253362	0
60	87	2	82	253362	0
35	41	2	41	253641	0
55	87	18	103	253704	0

46	125	16	123	253569	0
64	51	5	40	253614	0
41	44	3	42	253749	0
60	85	21	103	253776	1
43	17	24	20	253668	0
38	28	17	21	253848	0
50	45	14	42	253731	0
60	44	12	42	253731	0
44	17	16	21	253974	0
64	120	19	123	253722	0
54	22	18	21	253902	0
43	23	16	21	253929	0
66	57	21	62	253830	1
44	11	30	20	253839	1
38	28	23	21	253713	0
44	39	6	22	253740	0
22	45	3	42	253731	0
34	45	19	61	253362	0
44	43	17	41	253371	0
50	40	18	41	253281	0
57	40	19	41	253353	0
47	23	18	22	253272	0
35	22	17	21	253452	0
55	86	13	82	253002	0
38	17	17	21	253119	0

31	28	10	21	252912	0
57	91	21	102	252966	0
47	24	18	21	252975	0
48	33	5	20	252876	0
59	45	2	42	253002	0
43	17	6	21	252759	0
58	82	6	82	252678	0
32	40	7	41	252885	0
69	137	13	143	252696	0
52	17	17	21	252831	0
43	24	14	21	252777	0
56	46	9	41	252840	0
55	34	16	41	252489	0
47	24	13	21	252642	0
41	27	7	21	252660	0
47	41	7	41	252435	0
54	40	9	42	252588	0
42	53	17	61	252705	0
39	31	7	21	252768	0
46	40	8	41	252777	0
38	92	20	104	252777	0
49	45	16	41	252741	0

36	88	3	75	252957	0
55	84	21	102	252633	0
41	253	14	246	252705	0
54	45	10	41	252660	0
31	46	5	41	253011	0
53	87	21	103	252561	0
31	80	2	61	252912	0
44	45	19	62	252858	0
61	51	10	42	252813	0
51	23	8	21	252975	0
40	22	7	21	253047	0
44	136	13	142	253020	0
56	46	8	41	253200	0

61	39	10	41	253092	0
46	18	13	21	253263	0
40	27	7	21	253479	0
42	36	12	41	253227	0
38	95	19	102	253380	0
43	39	1	21	253299	0
56	46	17	62	253407	0
30	175	5	163	252795	0
37	41	5	41	252804	0
45	40	7	42	252984	0
52	41	7	41	252642	0
31	45	3	41	253038	0
43	45	19	61	252876	0
33	57	3	41	252867	0
52	86	18	101	252741	0
42	23	16	21	252642	0
57	115	6	105	252939	0

52	129	2	125	252588	0
36	50	14	62	252543	0
43	40	16	42	252120	0
57	48	9	41	252228	0
59	35	16	42	252399	0
42	17	20	21	252165	0
36	27	14	21	252093	0
25	89	9	84	252228	0
36	44	6	41	252111	0
25	89	19	102	252246	0
50	125	17	123	252138	0
62	46	13	42	252426	0
52	23	11	21	252381	0
51	32	20	41	252282	0
57	41	21	42	252399	1
42	18	24	21	252471	0
34	24	21	21	252336	0
40	40	1	20	252516	0
66	93	13	105	252471	0

42	42	12	41	252336	0
47	38	17	43	252093	0
60	46	13	42	252246	0
40	47	8	42	252201	0
20	80	10	82	252390	0
18	131	4	125	252507	0
39	89	18	103	252678	0
48	41	19	42	252696	0
58	178	4	163	252876	0
32	40	6	42	252858	0
50	85	4	83	252948	0
33	16	9	21	252894	0
71	171	2	164	252588	0
49	12	11	21	252948	0
39	23	8	20	252696	0

64	58	12	62	252552	0
47	17	15	20	252741	0
59	78	21	84	252840	0
53	28	14	21	252804	0
42	22	13	21	252966	0
36	28	6	21	252642	0
43	40	7	41	252759	0
34	91	19	103	252642	0
42	41	20	42	252768	0
49	40	20	40	252606	0
67	51	10	41	252615	0
49	16	15	21	252669	0
30	115	3	103	252669	0
59	128	17	142	252255	0
39	80	18	81	252111	0
56	51	9	42	252264	0
40	17	13	21	252246	0
44	71	4	62	252138	0

47	170	19	185	252480	0
62	48	12	41	252084	0
45	16	17	21	252453	0
34	23	15	21	252498	0
25	90	7	82	252453	0
29	171	21	185	252417	0
48	86	17	82	252345	0
24	42	17	42	252228	0
54	130	9	122	252138	0

22	301	13	305	252651	0
36	48	7	42	252930	0
16	80	10	83	252525	0
25	42	10	42	252552	0
50	92	0	82	252525	0
57	40	1	41	252696	0
45	222	1	222	252471	0
51	39	3	41	252552	0
52	134	14	145	252489	0
25	40	15	41	252435	0
41	82	16	83	252705	0
61	87	12	83	252417	0

37	176	19	183	252336	0
26	122	19	122	252075	0
58	132	11	124	251958	0
40	49	2	40	252102	0
47	41	2	41	252147	0
26	45	19	62	252039	0
57	132	10	123	252057	0
27	35	16	41	252075	0
50	224	17	225	251634	0
31	82	17	82	251760	0

30	131	11	125	251751	0
35	39	14	42	251652	0
60	91	6	83	251697	0
39	313	19	326	252147	0
27	121	2	104	252129	0
27	300	9	307	252714	0

24	130	4	125	252813	0
29	173	16	185	252633	0
42	45	11	40	252237	0
54	46	6	41	252588	0
23	35	12	41	252363	0
17	394	5	387	252147	0
28	44	3	42	252138	0
40	46	18	61	252219	0
52	45	15	42	251922	0
25	40	17	42	251661	0
49	57	2	42	251670	0

56	74	10	82	251769	0
46	23	8	21	251418	0
36	24	5	21	251436	0
44	41	5	41	251436	0
57	46	1	42	251328	0
41	18	4	21	251157	0
52	111	15	122	250797	0
31	345	17	347	250077	0
54	90	9	82	250239	0
61	40	10	41	250086	0
47	86	7	83	250635	0
60	47	1	41	250707	0

28	134	10	143	250860	0
47	86	5	81	250788	0
27	47	20	62	250779	0
65	137	7	124	250581	0
47	16	11	20	250392	0
52	72	1	62	250356	0
26	40	2	41	250041	0
52	93	11	102	249717	0
25	40	12	41	249708	0
47	87	6	81	249726	0
53	40	7	41	249645	0
52	266	7	266	249825	0

24	39	10	42	250203	0
31	40	10	40	249996	0
38	41	11	42	250068	0
43	138	18	145	250230	0
60	84	15	81	250050	0
62	102	15	102	249942	0
24	28	8	21	250041	0
40	84	7	83	249933	0
29	88	1	82	249861	0
34	38	4	41	249753	0
59	92	15	103	249888	0
45	86	12	83	250068	0
57	45	7	40	250023	0

51	128	2	123	249879	0
31	45	19	62	250023	0
23	126	17	124	249627	0
35	46	13	42	249618	0
56	88	6	81	249555	0
38	82	6	82	249492	0
44	39	9	42	249429	0
23	46	5	42	249798	0
29	39	7	41	249744	0
40	45	3	41	249987	0
21	47	19	63	249969	0
28	41	19	41	250185	0
48	87	15	83	250104	0
55	40	18	43	250095	0
41	18	21	21	250392	0
23	116	8	103	250554	0
30	40	9	41	250500	0

24	94	17	102	250302	0
55	131	8	122	250347	0
40	18	11	21	250203	0
38	32	20	41	250158	0
48	77	5	62	249942	0
60	45	1	41	249888	0
63	136	9	144	250230	0
51	22	7	20	249915	0
39	22	6	21	250185	0
59	86	3	83	250068	0
49	23	1	21	249924	0
65	116	7	122	250410	0
49	17	11	21	250149	0
65	116	19	124	250302	0
38	40	21	42	250014	0

62	90	14	83	250032	0
50	22	13	21	249690	0
38	22	11	20	249960	0
71	99	15	103	249870	0
55	17	19	21	249717	1
39	18	22	21	249717	0
55	50	12	40	249825	0
36	80	13	81	249708	0
54	85	10	82	249735	0
37	49	2	41	250014	0
38	35	8	41	249762	0
16	44	6	42	250014	0
28	46	1	41	250041	0
47	85	18	102	249951	0
57	44	16	42	250041	0
41	17	20	21	250185	0
35	27	14	21	249987	0
39	38	17	41	249852	0
39	133	8	124	249861	0

58	86	5	83	249762	0
37	46	20	61	249861	0
46	42	19	41	250068	0
24	44	17	42	249690	0
34	44	14	41	249609	0
24	91	5	82	249816	0
36	78	10	83	249888	0
51	348	9	347	249843	0
36	18	12	21	249708	0
55	119	16	123	249834	0
38	16	21	21	249933	0

23	285	2	266	250266	0
35	46	19	63	250095	0
28	126	16	123	250347	0
55	128	11	123	250617	0
39	17	15	21	250536	0
46	40	16	41	250797	0
36	156	3	143	251274	0
21	185	1	183	252921	0
44	90	14	103	253182	0
49	39	17	42	253542	0

52	136	5	124	255513	0
32	80	8	83	255702	0
51	86	5	83	255486	0
40	88	1	84	255036	0
20	214	10	223	252867	0
37	50	21	61	252804	0
46	76	6	61	252417	0
21	41	6	41	252435	0
46	93	17	104	252471	0
53	39	20	42	252561	0
49	129	7	116	252444	0

34	52	17	62	252507	0
39	39	19	41	252435	0
58	86	16	83	252498	0
43	18	19	21	252390	0
61	151	10	142	252462	0
42	48	4	42	252570	0
49	40	6	42	252597	0
21	39	7	40	252714	0
32	44	5	42	252759	0
43	44	2	41	252948	0
54	45	19	62	252804	0
43	88	13	82	253074	0
50	41	13	41	252840	0
63	46	9	42	252714	0
30	34	16	41	252561	0
21	91	8	83	252786	0
34	46	3	41	252651	0
40	40	4	41	252597	0

51	44	1	41	252606	0
30	46	17	62	252714	0
36	39	19	41	252597	0
23	87	15	83	252885	0
36	213	5	203	253110	0
53	50	17	62	252912	0
58	39	19	41	252804	0
43	85	16	82	252714	0
62	85	13	82	252930	0
46	18	16	21	252975	0
40	28	9	21	253011	0
27	86	5	82	252588	0
38	44	3	42	252525	0

25	221	6	224	250662	0
31	39	8	41	250509	0
39	41	8	41	250464	0
61	89	0	81	250698	0
36	41	21	62	250221	0
55	86	18	83	249582	1
39	18	21	21	249393	0
32	27	15	21	249645	0
16	84	13	82	251175	0
30	46	9	42	252480	0
42	46	4	41	253452	0
62	54	10	60	252012	0
59	28	3	21	250545	0
25	234	15	246	248970	0
28	36	20	41	249789	0
45	51	10	41	249591	0

47	35	17	42	249438	0
61	47	11	41	249483	0
28	34	18	41	251310	0
46	51	8	41	251823	0
58	45	5	42	252372	0
49	92	14	101	253830	0
46	30	5	21	254271	0
57	44	2	41	255009	0
41	51	13	62	254757	0
52	77	18	82	254145	0
30	45	14	41	254604	0
32	35	21	42	254271	0
67	102	2	83	255171	0
50	17	6	21	255324	0
57	73	14	81	255990	0
36	46	10	42	255684	0
27	57	15	62	254469	0
33	40	16	41	253695	0
45	45	12	41	253182	0
51	40	14	42	252939	0

65	47	9	42	252930	0
50	18	12	21	252858	0
45	29	4	21	252984	0
24	45	20	61	252723	0
32	41	20	41	252165	0
44	46	16	42	252012	0
31	120	17	121	252435	0
45	47	12	42	252696	0
23	45	8	41	253011	0
26	36	13	41	253047	0
38	46	8	41	253533	0
19	81	10	83	253353	0
37	51	20	61	252390	0
57	87	13	80	251922	0
43	87	8	82	251517	0
61	84	7	83	251895	0
47	52	17	62	251958	0
42	28	11	22	251841	0
21	46	6	41	252246	0

27	40	6	40	252192	0
39	45	2	41	252174	0
47	41	3	42	252255	0
59	46	19	62	252291	1
41	16	24	21	252075	0
44	68	17	61	251724	0
58	48	11	42	251661	0
48	23	9	21	251661	0
37	22	8	21	251499	0
49	46	4	42	251445	0
55	39	6	41	251409	0
40	18	9	21	251607	0
19	113	19	123	251436	0
27	41	20	42	251310	0
52	92	10	82	251877	0
24	38	13	41	252057	0
31	41	13	41	251886	0
50	85	10	82	252300	0
38	22	9	21	252003	0
29	24	6	21	252003	0
55	93	18	105	252273	0

40	18	21	21	252111	0
30	23	18	20	252174	0
35	39	20	41	251958	0
53	50	11	41	252237	0
53	34	19	42	252192	0
43	24	22	27	252309	0
33	23	20	21	252174	0
54	88	15	83	252381	0
32	45	11	41	252192	0
44	45	7	41	252165	0
53	41	7	41	252255	0
63	45	3	41	252192	0
47	17	7	21	252399	0
49	69	20	82	252327	0
60	44	17	41	251922	0
44	17	21	21	252057	0
44	33	9	21	252021	0
46	36	14	41	251985	0
59	46	10	42	251535	0
47	22	8	20	251769	0
37	23	6	21	251715	0
27	90	19	103	251499	0
18	124	18	123	251472	0

49	131	12	125	251490	0
28	46	8	42	251616	0
41	46	3	41	251679	0
25	85	20	102	251652	0
32	40	21	41	251427	0
59	92	13	84	251589	0
43	18	16	21	251418	0
65	122	16	122	251373	0
48	17	20	21	251481	0
38	23	18	21	251553	0
59	55	3	40	251553	0
61	35	10	42	251427	0
45	17	14	21	251427	0
47	69	8	63	251508	0
54	40	8	40	251571	0
43	23	6	21	251688	0
45	68	1	63	251625	0
18	40	2	41	251787	0
35	50	13	61	251616	0

41	40	14	41	251805	0
53	45	10	41	251688	0
27	40	11	41	251436	0
40	47	6	42	251355	0
42	35	12	41	251382	0
52	44	9	41	251283	0
42	23	7	21	251400	0
36	27	0	20	251472	0
43	41	21	62	251760	0
56	46	18	43	251418	0
41	18	21	21	251283	0
45	71	12	62	251679	0
52	40	13	41	251400	0
36	18	16	21	251580	0
32	28	9	21	251571	0
38	39	11	41	251832	0
49	47	5	41	251697	0
29	45	1	41	251886	0
35	40	2	41	251814	0
42	40	3	41	251841	0
53	45	20	62	251742	0
43	23	18	21	251580	0
38	28	11	21	251625	0
44	39	13	41	251454	0
52	42	12	41	251481	0
37	18	15	21	251535	0
33	28	8	21	251283	0

40	41	8	41	251229	0
59	53	17	62	251481	0
26	34	3	20	251472	0
33	40	5	42	251571	0
45	45	1	41	251517	0
24	47	15	61	251544	0
37	46	11	42	251364	0
43	38	15	42	251625	0
49	40	15	40	251607	0
60	44	13	42	251724	0
44	18	16	21	251607	0
37	27	10	21	251355	0
49	45	7	42	251490	0
24	41	7	41	251481	0
43	51	17	61	251328	0
46	39	19	41	251526	0
54	40	20	41	251445	0
39	85	18	83	251427	0
56	84	16	82	251310	0
40	17	20	21	251607	0
41	33	7	20	251841	0
52	79	11	83	251643	0
48	29	3	21	251697	0

38	24	20	41	251544	0
45	40	1	21	251742	0
23	45	18	62	251832	0
34	44	15	41	251499	0
46	45	11	41	251553	0
47	35	17	41	251490	0
55	41	18	42	251427	0
44	22	17	21	251283	0
38	28	10	21	251220	0
46	41	10	41	251049	0
64	51	1	42	251085	0
51	21	21	41	251031	1
36	18	24	21	251328	0
48	45	1	22	251094	0
54	40	2	41	251328	0
34	46	17	61	251265	0
45	46	12	41	251220	0
54	41	12	41	251355	0
43	22	11	21	251283	0
33	24	9	22	251625	0
47	46	3	40	251418	0
53	40	5	42	251544	0
43	23	9	27	251598	0
27	18	11	20	251697	0
40	46	6	41	251670	0
54	47	1	42	251553	0
38	18	4	21	251607	0
22	17	8	21	251364	0

52	131	19	142	251328	0
43	23	17	21	251418	0
37	28	9	20	251364	0
49	45	5	41	251337	0
55	40	6	41	251382	0
45	23	4	21	251445	0
41	29	16	41	251400	0
54	47	10	41	251373	0
61	40	11	41	251301	0
45	17	15	21	251292	0
41	30	6	21	251391	0
48	40	7	41	251391	0
67	52	17	62	251589	0
56	23	15	21	251364	0
51	28	8	21	251499	0
58	40	9	41	251328	0
47	22	7	20	251418	0
41	28	21	42	251238	0
20	46	16	41	251409	0
31	44	13	41	251364	0
40	42	13	42	251184	0
56	50	4	41	251238	0
58	35	10	41	251058	0
41	16	15	21	251103	0
41	34	2	21	251328	0
43	35	8	41	251346	0
58	48	1	41	251346	0

41	17	5	21	251175	0
36	27	19	41	251454	0
45	42	18	41	251373	0
52	42	18	42	251400	0
41	23	16	21	251400	0
32	23	14	21	251139	0
39	40	16	42	251589	0
46	41	16	41	251427	0
56	43	15	42	251598	0
50	28	8	21	251472	0
44	28	1	21	251436	0
50	38	5	42	251382	0
57	41	6	42	251472	0
45	22	4	20	251040	0
35	23	2	21	251247	0
43	40	3	41	251139	0
72	63	1	61	251022	0
67	28	14	41	250932	0
63	29	6	21	250905	0
53	24	3	21	250968	0
42	22	2	21	250797	0
54	46	19	63	250797	0
68	47	14	42	250833	0
58	23	12	21	250725	0
52	28	4	20	251184	0
60	41	4	41	250788	0
43	16	9	21	250752	0
44	35	16	42	250995	0
51	40	18	42	250986	0
58	41	18	41	250941	1

41	16	23	21	250815	0
38	30	42	49	250869	1
46	41	22	21	251058	0
57	45	19	42	250824	1
41	17	23	21	250968	0
37	29	15	21	251022	0
42	39	18	42	250860	0
57	47	13	42	250725	0
45	22	11	20	250887	0
33	22	10	21	251067	0
40	40	11	41	250995	0
57	50	3	42	250761	0
58	35	10	42	250770	0
49	24	6	20	250491	0
36	21	6	21	250932	0
44	41	6	41	250725	0
56	45	3	42	250833	0
40	17	7	21	250995	0
29	23	5	21	250716	0
47	51	15	61	250986	0
59	44	12	41	250878	1
34	10	23	21	251022	0
30	29	15	21	251031	0
41	44	13	42	250914	0
52	45	9	41	251121	0
37	18	12	21	250869	0
31	27	6	21	251166	0
38	41	6	41	250923	0
44	39	8	41	251022	0
54	43	7	42	251337	0
43	23	5	21	250995	0
35	24	1	20	250932	0

47	46	18	63	250860	0
55	42	17	41	250968	0
39	17	21	21	250869	0
29	23	19	21	250572	0
35	39	1	21	250563	0
47	46	3	48	250518	0
66	52	13	62	250752	0
49	17	17	21	250734	0
50	34	4	21	250779	0
56	39	5	40	250716	0
79	57	10	62	250734	0
63	18	13	21	250572	0
64	34	20	41	250770	0
62	30	11	21	250806	0
51	24	8	21	250707	0
48	29	21	42	250914	0
43	29	12	20	250878	0
51	41	13	42	250950	0
63	46	8	41	250977	0
52	22	7	21	250923	0
48	29	20	42	250986	0
62	46	15	41	250635	0
45	17	19	21	250815	0
41	30	9	20	250671	0
47	39	12	42	250680	0
59	46	8	42	250743	0
48	23	6	21	250671	0
38	22	4	20	250563	0
49	45	21	62	250950	0
57	41	1	21	250581	0

47	23	20	42	250536	0
55	42	20	42	250464	0
57	35	6	21	250770	0
41	17	9	20	250572	0
36	29	2	22	250590	0
37	35	9	42	250617	0
44	40	10	41	250545	0
63	51	2	43	250806	0
46	17	6	21	250761	0
42	29	18	41	250734	0
55	46	13	41	250770	0
59	38	16	41	250806	1
38	12	26	22	250878	0
34	30	17	21	250977	0
40	39	19	41	251049	0
52	45	16	42	250869	0
47	28	8	20	250689	0
40	27	2	21	250734	0
48	41	3	42	250599	0
60	45	20	62	250752	1
43	17	24	21	250554	1
28	18	27	21	250410	0
47	53	16	42	250545	0
54	40	18	42	250617	0
40	18	21	21	250581	1
24	18	24	21	250797	0
36	46	18	40	250806	0
49	46	13	41	250626	0
61	46	8	41	250734	0
43	15	13	20	250635	0

39	29	5	21	250581	0
56	50	17	62	250860	0
58	36	1	20	250869	0
41	17	4	20	250752	0
36	28	17	41	250842	0
49	46	12	41	250986	0
56	40	14	42	250968	0
40	18	17	21	251094	0
36	29	8	20	250932	0
76	107	3	102	250896	0
54	12	12	21	250923	0
44	22	10	20	250653	0
79	69	3	62	250779	0
61	16	9	22	250887	0
52	23	7	21	250797	0
71	53	17	63	250932	0
62	24	14	21	250572	0
53	24	11	21	250599	0
68	49	2	40	250932	0
52	17	6	21	250680	0
47	28	19	41	250887	0
53	40	1	22	250896	0
60	40	2	41	250959	0
48	21	2	21	251085	0
37	23	20	41	250932	0
56	52	10	42	251031	0
59	36	15	41	251139	0
48	23	13	21	251058	0
43	29	5	21	250734	0

47	36	11	42	251166	0
54	41	11	41	250977	0
43	23	9	21	251076	0
34	23	7	21	250995	0
41	41	7	41	250878	0
54	46	2	41	250932	0
39	18	5	21	250779	0
34	28	18	41	250734	0
46	79	0	61	250707	0
56	43	19	62	250590	0
43	21	19	21	250977	0
33	23	17	21	250914	0
51	52	6	41	250545	0
65	47	21	62	250653	1
50	18	24	21	250662	0
45	29	15	20	250788	0
19	40	17	42	251031	0
25	40	17	40	250932	0
38	46	12	41	250887	0
51	46	7	41	250914	0
61	44	4	41	250806	0
45	17	8	21	250941	0
40	28	21	41	250797	0
47	40	2	21	250698	0
58	46	18	62	250743	1
42	17	22	21	250608	0
34	24	18	20	250671	0
45	44	16	42	250671	0

53	42	16	42	250653	0
38	18	18	20	250554	0
27	23	17	22	250509	0
48	54	5	42	250662	0
49	35	10	40	250680	0
56	40	11	41	250599	0
46	23	9	21	250743	0
42	30	20	41	250725	0
44	35	6	21	250779	0
68	57	10	61	250842	0
36	35	17	42	251148	0
48	45	13	41	250914	0
59	45	9	41	250779	0
42	17	12	20	251022	0
33	23	10	21	250788	0
49	49	3	42	250986	0
54	39	5	41	250572	0
38	17	9	21	250752	0
32	28	2	21	250491	0
43	45	19	62	250716	0
58	46	14	41	250662	0
40	16	19	21	250374	0
29	23	16	20	250536	0
42	46	11	41	250626	0
48	40	13	42	250581	0
33	18	16	21	250698	0
29	29	7	20	250617	0
39	44	4	41	250662	0
51	46	19	61	250545	1

36	17	23	21	250815	0
32	30	15	22	250590	0
44	44	12	41	250698	0
46	35	18	41	250707	0
56	44	15	41	250779	0
44	22	15	22	250887	0
35	24	11	20	250635	0
53	86	7	82	250752	0
44	23	5	21	251022	0
33	23	2	20	251058	0
57	90	15	103	250689	0
41	18	17	20	250860	0
29	22	16	21	250689	0
40	44	14	42	250644	0
52	45	11	42	250752	0
33	46	6	41	250752	0
45	46	1	41	250887	0
50	39	4	42	250887	0
34	17	8	21	250752	0
24	24	5	21	250824	0
45	87	1	83	250842	0
57	46	17	62	251139	0
42	18	21	22	251031	1
27	18	24	21	251031	0
40	47	18	41	250986	0
45	38	21	41	250896	0

58	46	16	41	251067	0
42	18	19	21	250761	0
37	28	12	21	250959	0
49	45	8	41	250752	0
63	48	3	43	250905	0
45	16	8	21	250617	0
40	61	7	60	250662	0
52	45	4	42	250860	0
36	17	8	21	250680	0
30	27	2	21	250392	0
54	92	14	104	250635	1
34	12	23	21	250626	0
36	69	15	61	250707	0
47	45	11	41	250725	0
60	45	7	41	251013	0
42	16	12	21	250752	0
33	24	9	21	250617	0
44	45	5	41	251058	0
51	40	6	41	250986	0
41	24	3	21	250986	0
36	28	16	41	250707	0
38	35	3	22	250725	0
49	45	19	61	250671	0
39	23	16	20	250527	0
30	24	13	21	250473	0
43	47	8	42	250500	0
57	47	3	42	250428	0
40	16	8	21	250383	0

35	29	21	42	250365	0
53	51	10	40	250455	0
55	35	16	41	250293	0
45	24	13	21	250311	0
42	30	4	21	250383	0
50	41	5	42	250500	0
52	36	11	42	250320	0
43	24	8	21	250482	0
37	28	1	21	250518	0
41	36	7	42	250689	0
58	51	18	62	250743	1
42	17	22	21	250788	1
27	18	25	21	251022	0
40	47	8	30	250869	0
53	46	4	42	250878	0
32	46	20	62	250518	0
32	33	8	21	250401	0
48	50	19	61	250338	0
63	49	11	41	250257	0
32	34	18	41	250113	0
52	87	13	82	250149	0
43	24	10	21	250122	0
51	75	17	82	249942	0
49	32	6	21	249978	0
38	22	5	21	250050	0
34	29	18	42	249906	0

35	35	4	21	249726	0
47	45	2	43	249609	0
55	41	3	42	249438	0
44	23	1	21	249375	0
33	22	20	41	249330	0
47	47	14	41	249654	0
52	39	17	42	250851	0
49	63	16	62	255000	0
39	24	13	21	256143	0
53	47	8	42	257628	0
60	40	9	41	260256	0
43	17	13	21	263055	0
51	74	21	82	268059	0
52	35	7	21	268014	0
33	46	2	41	262236	0
40	41	3	42	270543	0
52	46	18	61	294834	0
64	45	14	41	310080	0
51	21	14	21	312690	0
47	29	6	21	311385	0
59	45	2	41	311655	0
49	24	19	41	311466	0
42	27	13	21	311673	0
62	85	10	82	311952	0
49	21	10	21	311592	0
45	29	2	21	311565	0

59	81	4	83	310944	0
39	47	20	63	311016	0
47	41	21	42	310872	0
61	47	15	41	310467	0
29	35	1	21	310278	0
37	41	2	42	310179	0
49	46	18	62	310044	0
61	46	13	41	309972	0
41	45	9	41	309585	0
53	79	13	83	308955	0
31	45	9	41	308811	0
53	456	6	453	308577	0

69	115	13	122	308442	0
77	75	0	62	309405	0
57	147	19	166	310404	0
45	321	5	307	292872	0
44	132	18	145	292845	0
41	131	8	121	293025	0

21	246	8	246	315633	0
61	140	13	145	315480	0
52	59	15	61	313338	0
56	104	12	101	310206	0
59	101	15	104	308298	0
58	100	18	103	307191	0
52	94	7	83	305949	0

49	564	17	574	305535	0
48	132	9	124	292989	0
52	137	15	143	285150	0
42	23	14	22	284187	0
45	70	7	63	276366	0
45	167	4	164	248655	0
40	129	18	143	242544	0

42	135	7	124	250815	0
39	130	20	143	251031	0
45	173	11	164	251598	0
43	131	2	122	249168	0
40	130	18	146	248385	0
43	303	2	287	250005	0

43	133	11	142	250032	0
45	169	8	166	250059	0
41	130	1	123	250140	0
31	23	20	42	250077	0
39	109	13	102	250140	0
43	170	8	165	249888	0
44	134	18	144	249798	0
43	132	10	124	250329	0

35	125	8	123	250563	0
49	181	14	187	250698	0
45	129	9	124	250455	0
43	132	20	143	250716	0
38	128	15	123	250680	0
46	307	16	308	250374	0

39	128	12	124	250266	0
48	175	21	184	250203	0
43	128	18	125	250203	0
41	132	10	124	250284	0
40	132	21	143	250176	0
36	129	15	123	250455	0
44	175	5	165	250284	0

43	133	14	142	250509	0
41	131	5	122	250167	0
43	169	20	184	250320	0
43	133	10	123	250545	0
39	129	3	122	250482	0
43	171	17	185	250257	0
40	130	9	122	250203	0

40	168	5	164	250365	0
41	133	16	144	250590	0
38	131	8	123	250383	0
36	164	8	164	250194	0
49	147	4	143	250221	0
51	136	12	144	250140	0
47	128	6	122	250185	0

41	128	1	123	250302	0
36	128	17	144	250167	0
43	174	7	164	249996	0
43	133	19	145	250095	0
34	124	21	126	250491	0
47	180	3	162	250005	0
45	131	16	144	249915	0

51	139	1	124	249987	0
42	125	20	144	250005	0
47	138	4	122	250158	0
38	124	4	124	249969	0
37	133	15	144	249987	0
40	170	9	164	249852	0
41	134	19	144	250068	0

44	170	14	165	250068	0
45	134	5	125	249915	0
44	132	15	142	249753	0
38	128	9	122	249942	0
50	179	13	183	249951	0
37	86	9	82	249924	0
40	170	3	164	249924	0
36	129	17	143	248880	0

38	135	6	124	248439	0
37	166	3	163	247458	0
44	141	6	144	247449	0
35	124	3	121	247476	0
48	180	10	187	248088	0
45	130	4	124	248313	0
43	131	15	142	248493	0

36	127	11	123	248304	0
40	70	3	62	248367	0
38	99	6	102	247980	0
33	127	2	123	247809	0
38	172	16	186	247917	0

324	419	19	422	247206	2
196	6	34	21	247044	1
68	6	48	20	246864	0
59	90	20	62	246738	1
43	17	23	20	246792	0
44	68	17	62	246666	0
44	67	12	62	245982	0
35	24	9	21	245532	0
38	103	10	104	244641	0
48	77	16	83	244830	0
38	56	1	41	245064	0
44	173	11	183	246432	0
43	66	6	61	246513	0
33	57	11	62	246918	0
40	140	14	143	247170	0

42	169	10	165	246927	0
43	134	18	142	246918	0
44	134	7	123	247215	0
44	67	2	62	247485	0
51	40	3	41	247386	0
35	18	6	21	247701	0
25	23	3	20	247593	0
36	44	20	61	247926	0
47	44	17	41	247629	0
53	40	19	42	247755	0
43	23	17	21	247890	0
32	23	14	20	247593	0
39	40	14	40	247467	0
56	51	5	42	247602	0
41	18	8	21	247512	0
26	18	10	20	247377	0
37	45	6	41	247305	0
49	44	4	42	247233	0
56	41	5	42	247251	0
40	17	9	21	247026	0
35	29	1	21	246945	0

43	42	1	42	246963	0
56	45	18	62	246945	1
39	17	21	20	247107	0
29	23	19	21	247215	0
44	48	12	41	246774	0
56	46	8	42	247008	0
34	12	17	21	246981	0
30	28	10	21	247215	0
40	44	8	42	247170	0
49	42	7	41	246783	0
37	22	6	21	246810	0
27	24	3	21	246675	0
34	39	5	41	246405	0
47	46	20	61	246612	0
53	41	21	42	246450	0
27	40	2	21	246531	0
66	6	17	21	246288	0
33	34	4	21	246450	0
42	41	4	41	246621	0
54	45	0	41	246558	0
42	22	20	42	246585	1
25	17	23	20	246585	0
38	45	20	42	246693	0
51	47	15	42	246783	0
58	40	16	41	246702	0
46	22	15	21	246765	0
36	23	12	20	246711	0
47	45	9	42	246711	0
60	46	4	41	246801	0

45	18	7	21	246918	0
32	22	8	23	246360	0
23	23	6	21	246864	0
29	39	9	42	246477	0
40	44	7	42	246612	0
47	41	8	42	246576	0
32	18	11	21	246351	0
28	29	3	21	246243	0
34	40	4	41	245991	0
40	39	7	42	245712	0
47	40	8	41	245622	0
61	47	4	43	245370	0
44	16	8	20	245334	0
40	30	19	41	245019	0
49	42	18	41	244731	0
60	44	17	43	244731	0
49	22	16	21	244560	0
43	28	9	21	244812	0
48	39	11	41	244875	0
77	62	11	62	244803	0
61	17	15	21	244911	0
62	35	1	21	244713	0
51	22	21	42	244776	0
47	30	12	21	244911	0
46	32	1	21	244614	0
35	22	21	42	244659	0
26	24	18	21	244560	0
40	48	11	41	244551	0
47	40	12	41	244569	0
56	41	12	41	244461	0
39	18	15	21	244632	0

43	36	21	42	244659	0
45	36	6	21	244722	0
53	41	6	41	244605	0
40	22	5	21	244632	0
31	23	2	20	244740	0
41	44	19	61	244776	0
49	41	20	42	244875	1
32	16	25	21	245136	1
22	24	22	21	245298	0
35	46	17	41	245136	0
47	45	13	41	245028	0
52	39	16	42	245253	0
37	18	19	21	245253	0
31	27	13	21	245172	0
44	47	7	41	244929	0
61	50	20	63	245118	1
41	12	29	21	244956	0
35	29	21	21	244983	0
44	42	20	41	244992	0
51	40	1	21	244947	0
34	17	5	21	244803	0
25	23	3	21	245028	0
47	56	9	62	245136	0
43	30	21	42	245181	0
62	52	10	41	245226	0
46	17	14	21	245370	0
29	17	18	21	245244	0
41	46	13	41	245343	0
54	46	8	41	245658	0
44	23	6	21	245721	0

29	18	9	21	245946	0
46	50	20	61	246126	0
48	36	5	21	246351	0
33	18	8	21	246423	0
35	35	14	41	246306	0
54	85	12	83	246099	0
60	40	13	41	245883	0
44	17	17	21	245577	0
32	22	16	21	245685	0
23	24	13	21	245595	0
29	40	15	42	245613	0
53	57	19	61	245451	0
58	38	2	21	245775	0
36	12	11	21	245379	0
27	24	8	21	245469	0
39	45	4	41	245334	0
46	41	5	42	245145	0
57	45	1	41	245082	0
49	24	18	41	244956	1
33	17	22	21	244803	0
23	23	20	21	244434	0
31	42	20	42	244047	0
42	45	16	41	244056	0
52	43	14	41	243867	0
36	17	18	21	243687	0
26	24	16	22	244065	0
39	46	10	40	243669	0
57	51	20	61	243930	1
39	16	25	21	243822	1

28	23	23	21	243777	0
42	46	18	41	243696	0
52	44	15	41	244011	1
30	11	25	21	243696	0
26	28	18	21	243741	0
55	64	16	62	243939	0
39	17	20	21	243912	0
33	27	14	21	243831	0
39	39	16	41	244101	0
55	50	8	42	244128	0
39	17	11	20	244470	0
29	24	8	21	244623	0
36	40	8	40	244353	0
45	41	8	41	244308	0
52	41	9	42	244416	0
41	23	7	21	244515	0
32	24	4	21	244551	0
43	45	20	61	244749	0
54	44	17	41	244596	0
38	17	21	21	244713	0
37	33	9	21	244731	0
44	39	11	41	244623	0
51	41	12	42	244686	0
40	23	10	21	245010	0
29	22	9	21	244776	0
36	40	10	41	244884	0
51	49	2	41	244947	0
36	18	5	21	244947	0
27	24	2	21	244920	0
38	45	19	62	244956	0

46	41	20	42	244983	0
63	50	11	41	244956	0
47	18	14	21	245082	0
38	24	11	21	244920	0
43	38	13	40	244848	0
60	51	4	42	244893	0
43	16	9	21	244731	0
38	29	1	21	244947	0
50	45	18	62	244839	0
67	50	9	41	244695	0
56	22	8	21	244533	0
50	28	1	21	244488	0
58	41	2	42	244632	0
42	17	6	21	244524	0
33	24	3	21	244677	0
39	40	4	41	244578	0
51	45	20	61	244299	0
61	44	17	41	244605	0
51	23	15	21	244533	0
42	24	12	21	244488	0
50	42	12	42	244866	0
57	40	13	41	244650	0
48	24	10	21	244938	0
39	24	7	21	244722	0
47	41	7	41	244659	0
54	41	7	41	244758	0
43	22	6	21	244524	0
33	24	3	21	244614	0
40	40	4	41	244479	0
51	45	21	62	244461	0

58	41	1	21	244515	0
43	17	5	21	244461	0
37	28	18	41	244497	0
42	38	1	21	244461	0
62	53	10	62	244254	0
39	11	20	21	244128	0
32	26	15	21	244227	0
41	42	15	42	244209	0
46	39	17	41	244146	0
57	44	14	41	244146	0
42	18	17	21	244290	0
37	28	10	21	244155	0
48	45	7	42	244425	0
77	63	5	61	244191	0
67	22	4	21	244353	0
57	24	1	21	244326	0
46	23	20	42	244245	0
48	34	7	21	244407	0
47	33	15	41	244299	0
64	50	7	42	244263	0
48	18	10	21	244155	0
44	29	2	21	244110	0
55	44	19	61	244272	1
39	18	22	21	244209	0
45	40	3	21	244074	0
43	30	15	42	244047	0
59	50	6	41	244218	0
44	18	9	21	244335	0
34	23	6	20	244236	0
45	45	3	42	244668	0

58	46	20	63	244209	1
42	17	23	20	244560	0
36	28	17	22	244479	0
43	41	18	42	244461	0
56	45	14	41	244677	0
38	16	19	21	244560	0
32	28	12	21	244632	0
45	45	8	41	244749	0
51	40	10	42	244524	0
36	17	13	20	244794	0
31	29	5	21	244767	0
37	40	6	41	244605	0
50	46	1	41	244623	0
63	46	17	62	244686	1
45	16	22	21	244524	0
35	23	20	21	244497	0
50	48	13	41	244380	0
62	46	8	41	244479	0
47	18	11	21	244524	0
41	27	5	21	244704	0
47	40	7	42	244884	0
58	44	5	42	244605	0
43	18	8	21	244776	0
32	23	6	21	244830	0
45	46	2	42	244821	0
57	45	18	61	244848	1
40	17	22	21	245064	0
30	23	19	20	245298	0
43	46	14	41	245370	0
49	40	15	41	245325	0

60	45	11	41	245469	0
45	18	14	21	245451	0
40	28	7	21	245370	0
43	36	13	42	245523	0
57	47	7	41	245406	0
40	17	11	21	245370	0
36	29	3	21	245199	0
50	47	17	61	245334	0
54	38	21	42	245334	1
37	16	26	21	245469	0
38	34	12	20	245352	0
41	37	16	41	245649	0
48	40	17	41	245577	0
38	23	16	22	245658	0
33	29	8	21	245739	0
39	39	9	40	245757	0
53	47	4	42	245793	0
61	42	4	42	245658	0
40	12	13	21	245838	0
41	33	1	21	245703	0
59	53	10	62	245982	0
54	29	2	21	245811	0
38	17	6	21	245757	0
39	34	13	41	245532	0
50	44	10	41	245613	0
56	39	11	40	245415	0
45	23	10	22	245469	0
35	23	7	20	245460	0
48	46	3	42	245325	0
54	40	5	42	245505	0
42	22	4	21	245298	0

26	17	8	21	245532	0
46	52	18	62	245649	0
52	40	19	41	245568	0
58	39	1	21	245667	0
49	24	19	42	245442	0
39	24	16	21	245748	0
46	41	17	42	245523	0
55	42	16	41	245685	0
39	17	20	21	245901	0
29	23	18	21	246126	0
43	48	11	41	245982	0
54	44	8	41	245910	0
37	17	12	21	246072	0
27	23	10	21	245973	0
35	40	11	41	245802	0
47	46	7	42	245838	0
59	45	4	42	245820	0
36	11	14	21	246090	0
31	28	7	21	245784	0
40	42	6	41	245874	0
47	41	7	42	245811	0
25	45	3	41	245955	0
34	42	3	42	245766	0
48	47	18	62	245982	0
62	48	12	42	245838	0
47	34	19	41	245928	1
47	17	23	21	245775	0
58	74	11	62	245937	0

37	17	15	21	246054	0
28	24	12	21	245982	0
39	44	10	42	246072	0
47	41	10	41	246234	0
75	62	10	62	245982	0
59	17	14	21	245658	0
48	22	12	20	246009	0
60	46	7	41	245955	0
45	18	10	21	245874	0
35	23	8	21	245667	0
47	46	2	40	245550	0
60	46	19	63	245721	0
46	20	20	21	245514	0
36	22	18	20	245523	0
47	45	14	41	245514	0
61	47	9	42	245487	0
46	18	12	21	245577	0
34	22	11	21	245622	0
40	39	13	41	245613	0
51	46	9	42	245694	0
41	22	8	21	245730	0
42	67	4	63	245766	0
59	51	15	62	245595	0
44	18	18	21	245820	0
28	18	21	21	245901	0
42	47	16	42	246063	0
50	41	16	41	246000	0
57	41	16	41	246036	0
47	23	14	21	246594	0

49	35	21	42	246990	0
45	30	12	21	248178	0
63	51	3	42	249501	0
42	12	11	20	250518	0
31	23	9	21	251598	0
45	47	4	42	252768	0
59	48	17	61	254541	1
37	11	27	21	256854	1
30	26	22	21	259869	0
39	42	1	21	262749	0
45	40	2	41	266106	0
62	50	13	61	268725	0
45	15	19	21	270390	0
34	23	17	21	269688	0
46	46	12	41	268284	0
57	44	10	42	269049	0
41	18	12	20	275520	0
37	29	4	21	290073	0
45	41	5	42	301242	0
57	46	1	42	310332	0
45	21	1	21	311547	0
40	28	15	42	312330	0
45	39	17	41	313473	0
59	47	11	41	313707	0
78	52	19	60	313914	0
66	22	18	21	313824	0
62	29	10	21	314211	0
58	30	1	21	314076	0
65	41	2	42	314058	0
61	29	15	42	313950	0

63	34	2	21	314535	0
57	29	15	42	315264	0
88	64	22	71	315939	1
67	12	31	21	316047	1
51	17	35	21	316767	1
48	30	26	21	316767	0
57	42	5	21	316587	0
40	17	9	21	315390	0
47	40	10	41	314580	0
66	52	20	62	312600	0
59	27	14	21	310872	0
69	44	15	45	309990	0
61	24	12	21	309405	0
50	23	10	21	308802	0
38	23	7	20	308802	0
58	51	19	63	308703	0
64	40	21	42	309333	1
48	17	25	21	309504	0
44	29	17	21	309270	0
56	46	12	41	309468	0
75	52	2	42	309162	0
66	24	20	42	309207	0
56	24	17	21	308928	0
50	27	11	21	307866	0
40	23	8	20	306939	0
52	46	3	41	305877	0
64	45	20	62	304752	0
77	45	16	41	304365	0
75	34	3	21	303816	0
61	18	6	21	303042	0

63	35	12	41	302898	0
51	22	11	21	302448	0
42	24	9	22	302196	0
55	46	4	41	301809	0
79	58	9	63	302043	0
62	17	13	21	302043	0
51	22	12	21	302151	0
41	23	10	21	302412	0
47	40	11	41	301980	0
55	40	12	41	302106	0
43	23	10	21	301962	0
40	29	3	22	302178	0
49	42	2	41	302268	0
61	46	19	63	302313	1
46	18	22	21	302124	0
47	34	9	21	301503	0
51	39	11	41	301197	0
43	23	9	21	300612	0
30	21	9	21	300513	0
52	56	15	62	300459	0
59	40	17	42	300288	0
48	22	16	21	300342	0
41	27	10	21	300459	0
49	41	10	41	300567	0
61	45	7	42	300819	0
55	28	21	42	300846	0
46	24	17	20	301017	0
52	39	20	42	301053	0
63	45	16	41	300909	0
51	23	13	20	300765	0
43	23	11	21	301134	0

56	47	6	42	300927	0
63	40	7	41	300954	0
53	23	5	21	300963	0
49	30	16	41	300513	0
61	45	13	42	300288	0
51	23	11	21	299622	0
39	22	10	21	299208	0
34	28	3	21	299010	0
35	34	11	42	298902	0
47	46	6	41	298389	0
60	46	2	42	297939	0
49	22	1	21	297732	0
33	18	4	21	297480	0
46	47	19	62	297534	0
59	45	15	41	297165	0
47	22	14	21	296508	0
42	28	8	22	296382	0
50	41	9	42	296364	0
60	44	6	41	296940	0
49	22	4	20	296769	0
45	29	16	41	296823	0
52	40	17	41	296643	0
47	29	9	21	296589	0
42	28	2	21	296445	0
49	41	2	41	296364	0
55	39	5	42	296067	0
68	46	1	42	295995	0
63	29	13	41	295716	0
52	22	12	21	295275	0
43	23	9	20	295176	0

55	47	4	42	294933	0
45	23	2	21	294726	0
36	24	20	42	294645	0
48	46	15	41	294789	0
62	47	9	41	294339	0
50	21	9	21	294078	0
40	24	6	21	294060	0
58	51	17	62	293889	0
68	43	15	41	293961	0
51	17	20	22	293691	0
41	23	18	21	294051	0
52	44	15	41	294060	0
58	40	16	41	294168	0
48	23	14	21	293835	0
44	29	6	21	293979	0
52	42	5	41	294312	0
71	52	16	63	294348	1
50	12	25	21	294132	0
46	29	16	20	294447	0
57	45	12	41	294492	0
51	28	5	21	294411	0
42	24	2	21	294546	0
48	39	4	41	294303	0
61	46	20	62	294240	1
45	18	23	21	294231	0
36	24	20	21	294357	0
61	58	3	41	294393	0
63	35	9	41	294573	0
46	17	13	21	294627	0
43	30	4	21	294618	0

51	41	5	42	294663	0
58	41	5	41	294744	0
49	24	2	21	294645	0
44	29	14	41	294429	0
56	45	10	41	294258	0
55	32	20	42	293916	1
39	18	23	21	293961	0
35	29	15	21	293925	0
47	45	12	42	293736	0
53	40	13	41	293943	0
43	24	10	21	293457	0
44	33	18	41	292899	0
45	35	5	22	293061	0
53	41	6	42	292782	0
48	29	18	41	292413	0
42	27	12	21	292512	0
53	44	10	42	292062	0
61	41	10	41	291774	0
45	18	13	21	291711	0
39	28	6	21	291783	0
54	47	1	42	291459	0
60	40	2	41	291351	0
50	23	19	40	291666	0
40	23	17	21	291504	0
47	41	18	42	291468	0
61	48	12	42	291540	0
67	38	16	42	291549	0
52	18	19	21	291288	0
69	51	9	41	291612	0
60	24	6	21	291630	0

56	30	17	41	291657	0
62	40	18	41	291621	1
47	17	22	21	291630	0
42	29	14	21	291621	0
50	41	15	42	291504	0
62	45	10	40	291603	0
50	22	10	22	291360	0
50	33	18	41	291522	0
63	46	12	40	291495	0
47	17	16	21	291207	0
42	29	7	20	291360	0
47	38	11	42	291369	0
60	47	5	41	291387	0
49	22	3	20	291369	0
40	24	20	41	291621	0
52	46	16	42	291513	0
64	45	13	42	291297	0
58	27	7	21	291234	0
47	23	5	21	291369	0
76	62	5	62	291342	0
66	24	2	21	291684	0
57	23	20	41	291261	0
44	21	20	21	291477	0
47	35	6	21	291711	0
54	41	6	41	291639	0
59	39	9	42	291729	0
49	23	7	21	291756	0
49	34	15	42	291819	0
45	29	7	21	291846	0
59	47	2	42	291801	0
48	23	1	22	291873	0

44	29	12	40	291864	0
52	41	13	42	292035	0
63	45	9	41	292053	0
62	32	18	41	292278	0
51	22	17	21	292026	0
64	47	12	42	292062	0
54	23	10	21	292314	0
45	23	7	20	292152	0
55	44	4	41	292296	0
67	46	19	61	292314	0
56	22	18	21	292233	0
49	27	12	21	292287	0
58	42	12	42	292422	0
43	18	15	21	292269	0
37	28	8	21	292098	0
45	41	8	41	292476	0
57	45	4	41	292359	0
41	18	7	21	292467	0
38	30	19	42	292314	0
46	41	20	42	292431	0
62	50	11	41	292314	0
44	16	16	21	292341	0
41	29	8	21	292269	0
47	40	10	42	292548	0
55	41	11	42	292377	0
46	23	8	20	292584	0
39	28	1	21	292287	0
47	41	2	42	292251	0
60	46	16	60	292359	0

47	21	16	21	292305	0
42	28	10	22	292377	0
49	40	11	41	292341	0
55	40	13	42	292179	0
52	29	5	21	292260	0
42	24	2	21	292386	0
53	45	18	61	292233	0
60	40	19	41	292323	0
48	21	19	21	292386	0
42	28	12	21	292341	0
56	47	7	42	292377	0
63	40	8	41	292188	0
46	17	13	22	292557	0
42	29	5	21	292557	0
49	40	7	42	292593	0
64	48	1	42	292449	0
51	21	21	41	292404	0
42	24	18	21	292467	0
56	47	13	42	292476	0
40	18	16	21	292440	0
31	24	13	21	292440	0
42	45	10	42	292494	0
54	45	6	41	292161	0
61	40	7	41	292215	0
45	18	10	21	292089	0
37	24	7	21	291963	0
44	41	7	41	292017	0
80	70	21	84	291864	1
53	6	39	24	292044	1
44	24	36	21	291990	0

52	41	16	21	291828	0
63	46	14	44	291873	0
49	18	17	21	292017	0
38	23	14	20	291900	0
32	27	7	20	292017	0
37	39	8	40	292071	0
50	46	3	41	292161	0
66	49	15	61	292134	0
51	18	18	21	292089	0
46	29	9	20	292008	0
52	39	11	41	292026	0
42	22	9	20	292071	0
30	23	7	21	292053	0
43	46	3	42	292062	0
64	54	13	64	292116	0
48	18	16	21	292395	0
39	24	13	21	292197	0
51	45	8	40	292269	0
58	41	9	42	292215	0
55	30	20	41	292647	0
44	22	19	21	292746	0
51	41	19	41	292440	0
59	40	20	41	292602	0
49	24	17	21	292692	0
40	24	14	21	292674	0
52	46	9	41	292530	0
64	45	5	41	292800	0
47	17	9	21	292836	0
42	28	1	20	292809	0
55	46	17	62	292809	0

62	41	17	41	292818	0
46	17	21	21	292692	0
43	30	11	20	293034	0
54	45	8	42	292710	0
73	52	17	61	292800	0
64	24	14	21	292971	0
60	30	5	21	292620	0
45	18	8	21	292782	0
40	29	19	40	292746	0
51	44	16	41	292737	0
47	29	8	21	292683	0
36	22	7	21	292836	0
48	46	2	41	292611	0
61	46	19	63	292458	0
51	23	16	20	292530	0
45	28	9	21	292575	0
46	34	17	42	292476	0
55	42	16	41	292377	0
49	28	9	21	292566	0
38	22	8	21	292629	0
52	47	3	42	292647	0
59	40	4	41	292458	0
47	22	2	20	292206	0
33	18	5	21	292197	0
27	29	18	42	292296	0
33	39	20	41	292575	0
47	47	13	40	292260	0
54	41	14	42	292215	0
45	24	11	21	292197	0
40	28	3	20	292287	0
53	47	19	63	292134	0

59	40	20	41	292269	0
50	23	18	21	292305	0
44	28	11	21	292251	0
50	39	14	42	292233	0
61	44	12	42	292143	0
50	23	10	21	292395	0
68	50	2	42	292341	0
63	29	15	42	292215	0
51	22	14	21	292359	0
44	27	8	21	292287	0
54	42	6	40	292125	0
71	52	17	63	291936	0
62	23	14	20	291945	0
63	34	1	21	291954	0
57	28	15	42	292017	0
48	24	12	21	291837	0
48	33	20	41	292107	0
37	23	18	21	292008	0
43	39	21	42	291990	0
51	42	20	41	292071	0
61	43	19	42	291936	0
52	24	16	21	292080	0
48	29	7	20	292044	0
60	46	2	41	292017	0
51	24	19	41	291891	0
47	29	11	21	291900	0
52	39	14	42	292053	0
47	29	6	21	292107	0
38	24	2	20	291936	0
45	40	3	41	292107	0

58	46	19	62	292026	1
42	17	24	22	291927	0
43	35	10	21	291801	0
51	41	11	42	291990	0
52	34	19	42	291747	0
42	24	16	21	291765	0
39	30	7	21	291963	0
46	40	9	42	291963	0
53	41	9	41	292134	0
69	50	20	61	292197	1
54	17	24	21	292170	0
54	34	11	21	292413	0
60	40	13	42	292071	0
50	22	11	20	292305	0
45	29	3	21	292323	0
58	46	19	62	292278	0
49	24	16	21	292215	0
43	28	9	21	292278	0
51	41	9	41	292305	0
64	46	5	42	292458	0
47	17	9	21	292629	0
44	29	1	21	292701	0
63	52	11	62	292728	0
52	24	8	21	292485	0
46	28	1	21	292431	0
54	40	2	41	292386	0
61	41	3	42	292512	0
57	29	16	42	292476	0
47	23	14	21	292602	0
63	50	5	41	292602	0
42	12	14	21	292800	0

36	28	7	21	292521	0
50	47	1	41	292458	0
66	50	12	61	292566	0
57	23	10	21	292431	0
48	24	7	21	292404	0
70	56	13	62	292575	0
59	22	12	21	292134	0
49	23	10	21	292143	0
67	51	1	42	292152	0
55	22	20	41	292431	0
44	22	19	21	292116	0
51	41	19	41	292152	0
63	45	15	41	292305	0
47	18	18	21	292287	0
37	23	16	21	292440	0
52	48	9	41	292188	0
65	47	4	42	292251	0
50	18	6	20	292170	0
47	29	19	42	292107	0
53	41	20	42	292161	1
38	18	23	21	292071	0
40	35	9	21	291945	0
41	35	15	41	291783	0
49	41	16	42	291918	0
62	47	10	41	291729	0
52	24	7	21	291666	0
44	24	4	21	291882	0
56	46	20	62	291792	1
41	18	23	21	291999	0
31	24	20	21	291738	0

55	56	6	42	292044	0
56	34	14	42	292080	0
50	28	7	21	291936	0
49	33	14	40	291954	0
50	34	2	22	291720	0
63	46	18	62	291918	0
53	23	16	21	291963	0
43	24	13	21	291801	0
57	47	8	42	291882	0
42	17	12	21	291819	0
35	27	6	21	291756	0
42	41	6	41	291567	0
66	57	11	62	291720	0
60	28	4	21	291945	0
50	22	2	20	291639	0
44	28	15	41	291558	0
55	45	11	41	291999	0
65	42	10	41	291909	0
52	22	9	21	291756	0
42	23	7	21	291594	0
51	42	6	41	291756	0
69	50	18	62	291585	1
51	17	22	21	291576	0
41	24	19	21	291621	0
55	46	15	42	291585	0
29	41	15	41	291657	0
37	41	15	41	291828	0
54	51	5	41	291981	0
60	39	7	41	291891	0

45	18	10	21	291792	0
44	33	19	42	291756	0
54	42	18	41	291828	0
59	40	20	42	291927	0
49	23	19	22	291990	0
50	34	6	21	292017	0
81	64	4	62	291873	0
75	28	17	41	291864	1
59	17	20	20	291855	0
49	23	18	21	292305	0
66	51	8	41	292107	0
50	17	12	21	292359	0
40	23	10	21	292098	0
57	51	2	43	292125	0
75	51	12	61	292080	0
64	22	10	20	292098	0
54	24	7	21	292278	0
61	40	8	41	291900	0
45	18	11	21	292296	0
36	24	8	21	292368	0
48	46	4	42	292404	0
68	52	14	62	292683	0
58	24	11	21	292521	0
48	23	9	21	292575	0
58	42	9	42	292602	0
57	34	16	41	292449	0
54	29	8	21	292413	0
56	36	13	41	292242	0
39	17	18	22	292359	0
51	45	15	42	292188	0

47	29	7	21	292242	0
64	51	17	61	291954	0
48	17	21	21	291972	0
54	40	2	21	292224	0
65	44	20	62	292233	0
55	23	18	21	292044	0
44	23	15	20	292332	0
27	16	20	21	292035	0
49	55	6	41	291729	0
39	23	5	22	292260	0
45	40	6	41	292053	0
53	41	7	42	291621	0
60	40	8	41	292179	0
47	21	8	21	292125	0
37	23	6	21	291891	0
40	36	12	42	291918	0
36	30	3	21	291693	0
49	46	18	61	291702	0
55	40	19	41	291747	0
46	24	17	22	291648	0
41	28	10	21	291675	0
48	40	12	42	291675	0
59	45	9	42	291882	0
50	24	6	21	291666	0
41	23	4	21	291360	0
58	52	14	62	291621	0
49	24	11	21	291621	0
44	29	3	21	291324	0
53	42	3	42	291522	0

83	64	2	63	291738	0
57	6	18	22	291369	0
40	18	21	21	291576	0
55	47	16	42	291657	0
61	40	18	42	291630	0
49	24	15	21	291639	0
43	23	13	21	291531	0
52	43	10	40	291693	0
67	49	2	41	291738	0
58	24	20	42	291432	0
54	29	12	21	291288	0
61	41	12	41	291513	0
50	22	11	21	291423	0
46	29	3	21	291306	0
58	46	19	62	291324	1
42	17	23	21	291414	0
38	29	14	20	291324	0
43	39	17	42	291306	0
62	52	5	40	291225	0
46	17	9	21	291252	0
39	28	3	22	290892	0
54	47	18	62	290973	0
55	35	4	21	290991	0
46	24	1	21	290793	0
37	24	18	41	290784	0
50	46	13	41	290865	0
62	46	9	42	290919	0
52	23	7	21	290820	0
46	27	21	41	290955	0
53	41	1	21	290910	0
62	42	1	42	291216	0

51	22	20	41	291297	0
41	24	16	20	291135	0
54	46	12	42	291225	0
60	40	13	41	291153	0
50	23	10	20	291477	0
46	29	2	21	291432	0
68	55	8	61	291585	0
50	16	13	21	291729	0
46	29	5	21	291837	0
61	48	19	62	291954	0
60	33	7	21	292161	0
50	23	4	20	292350	0
45	29	16	41	292440	0
53	41	16	41	292674	0
60	41	17	42	292593	0
61	33	4	20	292683	0
50	23	2	21	292656	0
60	42	2	42	292935	0
54	27	15	40	292557	0
47	28	9	22	292530	0
55	41	10	42	292728	0
46	24	7	21	292665	0
42	30	19	42	292782	0
45	36	4	21	292737	0
59	47	19	62	292629	0
66	41	19	41	292467	0
55	22	18	21	292755	0
51	29	10	21	292449	0
50	34	17	41	292359	0
41	23	15	21	292242	0
36	28	8	21	292269	0

50	48	1	41	292197	0
57	40	2	41	292098	0
47	23	20	41	292098	0
36	23	18	21	292215	0
49	46	14	42	292215	0
58	42	13	41	292026	0
47	23	11	21	292143	0
47	33	19	41	292080	0
55	41	21	43	291891	0
61	40	2	21	291954	0
56	28	16	42	292116	0
47	24	13	21	291855	0
30	17	17	21	292008	0
32	35	2	20	291990	0
40	41	2	41	292179	0
56	50	14	62	292305	0
62	39	17	42	291837	0
51	22	16	21	291819	0
41	24	13	21	292062	0
54	46	8	41	291801	0
64	42	8	42	291882	0
54	24	5	21	291882	0
44	24	2	21	291747	0
64	53	11	62	291972	0
49	18	15	22	291774	0
39	24	12	21	292053	0
64	58	16	62	291954	0
59	29	8	21	291855	0
49	23	6	21	291891	0
62	46	2	42	292107	0

46	18	4	20	292251	0
41	28	18	42	292701	0
60	52	7	41	292854	0
68	42	7	42	293025	0
56	21	7	21	293196	0
50	28	21	42	293502	0
39	22	20	21	293835	0
44	38	3	21	294240	0
40	29	16	42	294474	0
50	45	12	41	294798	0
58	39	14	41	295338	0
47	23	12	21	295203	0
36	23	10	21	295500	0
50	47	5	42	295608	0
58	41	6	42	295365	0
48	23	4	21	295248	0
44	30	16	42	295617	0
53	42	15	41	295014	0
58	39	17	41	294771	0
48	23	14	20	295041	0
42	28	7	21	294843	0
49	40	9	42	294465	0
63	47	3	41	294690	0
47	17	7	21	294258	0
42	29	20	42	294492	0
54	45	16	41	294195	0
64	43	14	41	294159	0
48	18	17	21	294033	0
43	29	9	21	294060	0
51	40	10	41	294006	0

58	41	12	43	294078	0
51	27	6	21	294051	0
42	24	3	21	293925	0
55	46	18	61	293988	0
45	23	16	21	293574	0
41	29	7	20	293493	0
52	45	3	41	293628	0
59	40	4	41	293538	0
49	23	2	21	293358	0
44	29	15	42	293529	0
56	45	12	42	293304	0
62	39	15	42	293583	0
51	23	14	22	293907	0
41	23	11	20	294231	0
36	28	4	21	294501	0
42	40	6	42	294717	0
54	45	2	41	294906	0
61	40	4	42	295347	0
58	30	15	41	295482	0
53	29	6	20	296229	0
60	40	8	42	296832	0
48	22	7	21	297390	0
39	24	4	21	298299	0
42	36	10	42	298803	0
43	35	15	40	300360	0
68	58	20	63	301485	0
63	28	12	20	302754	0
48	18	15	21	304293	0
42	28	8	21	306597	0
51	42	7	41	308883	0

63	46	3	42	311169	0
53	24	20	41	313500	0
48	28	14	22	316443	0
57	42	13	41	319683	0
36	46	9	42	325848	0
49	146	7	144	339456	0
50	101	8	102	351111	0
51	34	16	42	354981	0
58	74	5	63	362361	0
67	109	20	124	372162	0
70	69	12	61	378813	0
68	65	10	63	385401	0
77	76	16	82	391152	0
87	76	3	63	398406	0
93	40	5	42	402483	0
98	38	8	41	406695	0

229	198	16	206	413895	0
224	29	8	21	418260	0
232	74	16	82	425757	0
233	34	3	21	429780	0
232	33	11	41	432570	0
212	79	14	82	443757	0
340	62	14	62	436089	0
239	33	1	20	450480	0
256	119	7	125	459570	0
258	68	1	62	465843	0
258	100	4	103	473844	0
271	45	21	62	477102	0
248	76	7	62	485616	0

268	121	11	125	492384	0
500	64	8	61	480000	0
319	119	11	122	500655	0
323	105	10	104	505209	0
338	81	10	81	508530	0
570	100	1	91	502455	0
387	82	3	84	511968	0
393	41	3	41	512022	0
374	80	5	82	513210	0
379	72	17	84	514659	0
393	81	18	82	516216	0
407	80	19	81	517044	0

782	108	14	103	512598	0
481	133	6	125	522057	0
510	63	5	62	522957	0
518	40	6	41	524451	0
524	40	6	40	525333	0
531	40	8	42	526098	0
532	34	16	42	527043	0
489	125	13	122	530040	0
508	84	11	82	530715	0
521	80	15	84	530994	0
550	97	1	83	532047	0
566	82	2	83	532254	0
1060	94	11	103	527655	1
598	5	28	22	532335	0

642	176	17	165	533505	0
663	88	13	84	534144	0
674	78	18	83	534135	0
698	91	8	81	535161	0
705	74	17	83	535107	0
738	99	1	83	535845	0
743	39	4	42	535278	0
867	157	12	165	535755	0
874	42	12	42	535710	0
850	41	12	41	535620	0
820	36	18	42	535701	0
834	81	19	82	535836	0

997	229	17	227	535665	0
964	35	3	21	535413	0
951	53	13	63	535458	0
2394	45	9	41	528591	0
988	59	11	61	536268	0
1011	89	5	83	535467	0
983	40	7	42	535350	0
1003	52	16	61	535062	0
1014	45	13	42	535431	0
1026	47	7	41	535647	0
1034	39	10	42	534954	0
1048	47	4	41	534702	0
1206	226	5	227	534540	0

1297	123	7	125	534594	0
1299	35	14	42	534675	0
1363	98	18	102	534387	0
1365	35	4	21	534450	0
1333	35	10	41	533901	0
1307	41	11	42	533955	0
1287	47	6	42	533973	0
1270	50	19	63	534009	0
1250	46	15	42	533433	0
1217	34	2	21	533073	0
3567	17	6	21	528690	0
1203	35	12	41	532821	0
1221	51	2	41	532965	0
1228	41	3	42	532551	0
1235	40	4	41	532407	0
1229	127	21	144	532488	0
1256	94	9	82	531588	1
1429	6	24	21	532254	0
1279	84	3	63	531642	0

1297	84	1	82	528258	0
1316	87	18	104	524847	0
1339	89	12	83	528060	0
1396	124	11	123	536529	0
1507	177	19	185	540741	0
1543	103	18	102	542676	0
1582	105	16	103	543270	0
1612	97	1	82	542550	0
1640	95	10	104	542388	0

2520	82	10	82	531624	0
1677	22	9	21	541092	0
1697	86	5	82	540111	0
1719	89	20	104	539220	0
1737	85	17	82	537951	0
1750	80	21	84	537915	0
1757	74	9	62	537276	0
1765	41	10	42	537303	0
1771	39	12	41	537447	0
1784	46	8	42	537825	0
1795	45	5	42	538311	0
1814	52	16	63	538131	0
1828	47	11	42	538878	0
1835	40	12	41	539346	0
1850	49	5	42	538698	0
1856	40	6	41	539310	0
1871	48	21	63	539634	0
1885	46	16	41	540246	0

1896	45	12	41	539310	0
1915	52	3	43	539445	0
1922	40	5	42	539103	0
1938	50	16	61	539751	0
1911	40	18	42	538941	0
1932	54	5	41	537861	0
1939	40	6	41	537393	0
1961	56	13	63	537087	0
1973	46	8	41	536394	0
1992	52	19	63	535170	0
2012	52	9	42	533343	0
2030	53	18	62	529311	0
2042	44	17	43	524343	0
2056	47	11	41	517764	0
2073	51	2	42	511545	0
2088	48	16	62	507468	0
2070	116	2	102	504561	0
2106	103	2	103	505974	0

2140	100	8	106	505776	0
2176	103	7	102	505794	0
2215	105	7	105	505110	0
2230	83	7	83	504993	0
2262	98	11	102	505047	0
2286	90	3	82	505578	0
2858	6	18	21	505200	0
2356	132	9	123	505677	0
2412	121	12	124	504777	0
2474	129	6	123	504948	0

2525	119	9	122	505218	0
2575	116	18	125	504903	0
2634	125	15	122	505227	0
2696	130	8	123	505290	0
2746	115	17	124	504669	0
3860	48	11	42	504012	0
2822	96	17	102	504498	0
2902	147	13	143	504372	0
3034	198	1	186	504732	0

3157	190	17	206	504588	0
3243	153	7	143	504435	0
3318	140	10	143	504831	0
3391	141	12	143	504516	0
3472	147	9	144	504471	0
3564	159	15	165	505173	0

3640	142	16	143	504327	0
3710	138	1	123	504984	0
3765	121	4	124	504561	0
3893	194	14	204	504615	0
3894	102	15	103	505398	0
3922	61	15	61	505110	0
3957	68	9	62	505785	0
4004	81	10	82	505281	0
4022	51	21	62	505920	0
4063	75	8	62	505542	0

4099	69	21	82	505299	0
4135	69	13	61	505218	0
4177	75	20	82	505686	0
4206	62	19	61	504687	0
4235	63	18	62	504498	0
4257	56	4	42	504669	0
4293	68	18	82	504498	0
4324	65	16	63	503994	0
4347	57	21	62	503220	0
4381	68	15	62	503121	0
4412	63	15	63	502518	0
4442	64	13	62	502149	0
4468	58	16	61	501852	0
4503	69	9	62	500673	0
4532	62	10	63	500619	0
4560	62	9	61	500403	0

4591	64	7	62	500088	0
4614	56	13	62	499449	0
4638	57	18	62	499341	0
4671	67	14	63	498531	0
4694	57	18	61	497388	0
4720	59	1	42	496416	0
4746	58	5	62	494715	0
4774	63	3	61	491907	0
4808	67	18	82	489990	0
4802	59	21	62	484959	0
4831	64	19	62	482115	0
4849	51	10	42	478038	0
4879	63	10	63	474789	0
4899	53	20	63	470730	0
4921	56	5	41	466599	0
4948	60	9	64	462297	0
4976	62	9	62	457617	0

4997	53	19	63	453288	0
5030	67	14	62	448581	0
5055	58	18	62	443793	0
5067	46	14	42	438168	0
5087	53	2	41	432714	0
5106	53	11	62	426558	0
5130	57	16	62	420951	0
5140	43	15	42	415605	0
5158	52	4	41	409953	0
5176	51	14	61	404670	0
5199	57	20	63	399027	0
5217	51	10	41	393771	0
5230	46	6	42	388083	0
5242	45	2	41	381342	0
5249	41	3	42	375654	0
5266	51	13	61	369669	0
5273	40	15	42	364701	0
5292	52	5	42	360264	0
5301	42	4	41	356187	0
5313	44	1	41	353082	0

5319	40	3	42	350022	0
5325	39	9	45	347358	0
5337	47	3	41	345261	0
5343	39	6	42	344226	0
5360	50	17	61	343227	0
5366	40	19	42	342516	0
5373	39	1	21	341427	0
5380	41	2	42	340293	0
5391	44	20	62	339456	0
5403	46	15	41	338592	0
5404	34	2	21	337359	0
5428	57	7	62	336135	0
5437	42	6	41	335127	0
5443	39	8	41	334578	0
5409	134	18	144	332076	1
5549	6	33	21	334290	0
5429	80	15	62	330618	0
5459	96	1	82	330015	0
5473	81	3	83	328512	0

5493	87	20	104	326541	0
5520	94	9	83	325299	0
5563	109	3	103	323391	0
5591	95	10	102	321690	0
5613	88	6	84	321366	0
5636	90	17	101	320997	0
5669	100	20	103	321132	0
5686	84	19	83	321303	0
6632	113	9	103	333984	0
5790	57	14	62	321600	0
5813	90	8	84	321366	0

5840	93	19	104	321951	0
5865	92	10	83	323211	0
5837	40	11	41	323931	0
5868	96	18	103	324822	0
5880	79	1	62	325929	0
5973	160	6	165	326820	0
5987	80	8	82	327261	0
5990	70	21	83	327837	0
6015	93	11	83	328116	0
6032	82	11	82	328629	0
6046	81	11	81	328359	0

6097	118	16	123	327729	0
6121	91	8	83	327090	0
6127	72	17	81	326631	0
6139	79	20	82	326496	0
6146	73	8	61	326244	0
6164	85	6	83	325866	0
6165	68	21	83	325362	0
6179	81	2	62	325983	0
6191	78	6	82	325776	0
6209	86	3	83	325794	0
6213	69	16	82	326064	0
6236	90	7	81	325776	0
6233	64	6	63	326127	0

6276	109	20	123	326370	0
6284	75	7	62	326658	0
6285	68	1	62	326388	0
6309	90	14	103	326613	0
6314	72	3	61	327081	0
6328	81	5	83	326784	0
6329	67	19	81	326946	0
6343	81	19	81	326946	0
6357	81	21	83	326919	0
6375	84	19	82	326685	0
6388	81	21	83	326874	0
6403	81	2	62	327180	0

6417	80	5	83	326919	0
6438	88	2	85	326901	0
6463	92	13	103	326730	0
6493	96	20	103	326550	0
6540	114	10	104	325884	0
6585	113	19	122	325983	0
6621	102	20	103	326334	0
6636	81	20	81	326613	0
6650	81	1	62	326964	0
6659	75	8	82	326280	0
6672	80	11	83	326667	0

6693	88	5	82	325920	0
6711	84	2	81	325740	0
6709	65	19	82	325434	0
6718	75	5	61	325371	0
6740	89	19	103	325146	0
6745	72	10	63	325110	0
6760	82	10	82	324912	0
6775	81	11	82	324840	0
6781	73	20	82	325047	0
6798	84	18	82	325407	0
6812	81	19	82	325101	0
6817	71	9	61	325488	0
6838	88	3	82	325740	0

6853	81	4	82	325830	0
6866	80	6	82	325839	0
7165	366	18	378	325992	3
12304	6	33	21	333633	5
7111	6	48	21	326262	4
7050	6	63	21	325929	4
6988	6	78	21	326154	3
6961	6	93	21	326109	3
6935	6	107	20	326316	2
6935	34	94	21	326127	2
6949	47	68	21	326172	1
6950	34	55	21	326343	1
6955	39	37	21	326298	0
6962	40	18	21	326253	0
6970	41	19	42	326316	0
6977	41	19	41	326631	0
6983	38	2	21	326568	0
6988	40	3	41	326622	0
6998	42	3	42	326685	0
6997	33	12	42	326766	0
7005	41	13	42	326667	0

7023	52	2	41	326604	0
7024	35	9	42	326586	0
7031	39	11	41	326532	0
7035	38	13	40	326352	0
7042	41	14	42	326577	0
7052	42	13	41	326559	0
7059	41	14	42	326262	0
7057	30	5	21	326496	0
7080	57	9	61	326451	0
7081	35	15	41	326271	0
7088	40	17	42	326217	0
7102	47	15	45	326640	0
7100	31	4	20	326361	0
7105	39	7	42	326109	0
7107	35	13	41	326604	0
7123	50	4	41	326262	0
7125	35	11	42	326253	0
7127	35	16	40	326442	0
7133	40	18	42	326091	0
7142	42	18	42	326109	0
7149	40	19	41	326046	0
7153	38	2	21	326298	0
7166	47	18	63	326028	0
7175	41	18	41	326136	0
7189	48	10	40	325839	0

7186	30	2	22	325902	0
7191	39	4	41	326037	0
7204	47	19	62	325497	0
7206	34	6	21	325902	0
7214	41	6	41	325857	0
7219	39	8	41	325749	0
7225	39	11	42	325668	0
7228	36	16	41	325560	0
7238	44	14	42	325362	0
7240	35	20	41	325632	0
7253	47	15	42	325758	0
7258	38	19	42	325857	0
7263	38	2	21	325533	0
7269	41	3	42	325731	0
7272	35	9	41	325533	0
7240	34	17	42	325965	0
7250	44	14	41	325425	0
7258	42	13	41	325668	0
7277	52	3	42	325434	0
7290	46	20	63	325497	0
7303	46	15	41	325452	0
7316	46	11	42	325398	0
7334	52	20	61	325569	0
7346	45	17	42	325470	0

7361	48	10	41	325056	0
7373	46	5	41	324696	0
7380	41	5	41	324462	0
7398	50	17	62	323616	0
7403	39	19	41	323382	0
7419	50	10	41	322950	0
7432	45	5	40	323634	0
7443	45	1	41	323877	0
7456	46	17	62	324219	0
7464	41	17	41	324336	0
7484	54	3	40	324300	0
7490	39	5	41	324246	0
7508	51	16	62	324633	0
7513	39	17	40	324507	0
7537	58	1	42	324381	0
7545	40	2	41	324525	0
7552	41	3	42	324606	0
7570	51	14	62	324696	0
7582	45	11	42	324813	0
7589	41	11	41	324435	0
7594	38	13	40	324678	0
7612	52	3	42	324687	0

7622	46	18	61	324570	0
7639	47	11	40	324723	0
7653	47	6	42	324750	0
7657	39	8	41	324903	0
7670	45	4	41	325038	0
7682	45	0	41	324813	0
7693	45	17	62	324795	0
7706	46	12	41	324534	0
7719	46	7	41	324615	0
7730	45	3	41	324435	0
7737	41	4	42	324264	0
7748	43	1	40	324300	0
7754	40	2	41	324381	0
7772	51	13	62	324354	0
7773	35	20	42	323814	0
7782	41	20	41	323859	0
7777	33	9	22	323850	0
7787	40	11	42	323418	0
7793	40	12	41	323571	0
7795	33	21	42	323319	0
7799	39	3	21	323085	0
7807	41	3	41	322689	0
7809	35	10	42	323175	0
7821	45	6	41	322860	0

7820	33	14	41	322788	0
7823	36	19	41	322581	0
7830	40	20	41	322698	0
7835	39	3	22	322617	0
7842	40	4	41	322806	0
7854	45	1	42	322464	0
7850	35	7	41	322473	0
7862	41	7	41	322293	0
7874	45	3	41	322167	0
7876	35	9	41	322491	0
7883	40	11	42	322131	0
7897	47	5	41	322482	0
7897	34	13	42	322392	0
7903	39	16	42	322491	0
7905	35	2	21	322005	0
7910	40	4	42	321933	0
7917	40	6	42	321825	0
7923	39	8	41	321915	0
7929	39	10	41	321546	0
7928	33	18	41	321780	0
7936	41	18	41	321618	0
7943	40	20	42	321897	0
7945	34	7	21	321726	0
7951	40	8	41	321897	0
7957	40	9	41	321636	0
7957	33	17	41	321429	0

7970	45	14	42	321528	0
7971	36	19	41	321753	0
7982	44	17	42	321663	0
7983	34	4	21	321708	0
7984	35	10	41	321366	0
8003	52	20	62	321870	0
8010	40	1	21	321834	0
8029	53	10	62	321861	0
8035	39	13	42	321753	0
8048	46	9	42	321654	0
8054	40	9	40	321717	0
8059	38	12	41	321546	0
8077	51	3	42	321618	0
8083	40	4	41	321735	0
8095	45	21	62	321528	0
8103	41	1	21	321519	0
8110	41	2	42	321258	0
8124	47	16	61	321618	0
8131	40	18	42	321618	0
8144	47	13	42	321591	0
8157	46	8	41	321564	0
8165	41	9	42	321555	0
8172	41	10	42	321492	0
8181	41	9	40	321924	0

8194	47	3	41	321888	0
8201	41	4	42	321978	0
8213	45	20	61	322005	0
8222	42	20	42	322428	0
8223	35	6	21	322374	0
8231	41	7	42	322797	0
8233	35	13	41	322788	0
8246	47	8	42	322617	0
8249	36	15	43	322851	0
8250	35	1	21	322770	0
8256	39	3	41	322788	0
8185	95	10	102	323058	0
8193	75	17	82	322527	0
8212	86	13	82	322644	0
8221	74	1	62	322599	0
8244	91	12	102	322941	0
8274	97	19	104	322905	0

8281	73	7	61	322923	0
8295	81	10	84	322815	0
8309	81	10	81	322275	0
8330	87	6	83	322257	0
8341	78	10	82	322203	0
8356	82	10	82	322599	0
9314	91	1	82	322878	0
8450	69	15	83	322275	0
8416	33	2	20	322284	0
8428	79	4	81	321960	0
8446	84	2	82	321087	0
8453	74	9	81	320070	0
8488	102	11	104	318486	0

8497	75	17	81	316983	0
8511	82	18	83	315768	0
8521	76	4	62	314634	0
8532	78	9	83	313644	0
8516	50	20	61	313545	0
8492	44	18	42	313410	0
8461	35	4	21	314130	0
8432	38	7	41	314562	0
8451	86	5	84	314787	0
8420	35	11	41	315372	0
8394	40	13	42	314535	0
8367	41	14	42	315363	0
8342	40	16	42	315660	0
8308	33	4	21	316146	0
8279	39	6	41	316614	0
8254	40	7	41	316785	0
8227	40	8	41	316767	0
8204	44	5	41	316812	0
10644	6	21	22	322500	0

