DelayToEnqueue	DeltaEnqueue	QueueDelay	DeltaDequeue	FrameSize	Buffer
54	0	16	0	305742	1
89	6	35	25	304572	1
44	18	39	22	304599	0
50	39	20	20	305607	0
84	68	15	63	310206	1
57	6	30	21	321231	1
49	24	27	21	336909	0

83	69	19	61	347097	1
57	6	34	21	354783	1
51	28	27	21	360795	0
52	67	1	41	372639	0
101	16	5	20	368148	0
53	53	14	62	378174	1
91	5	30	21	375690	0
62	70	2	42	379128	0
101	6	17	21	379461	0
70	35	2	20	378345	0
64	28	15	41	376329	0
44	47	10	42	370326	1
84	6	25	21	373215	0
52	35	11	21	366870	0
43	59	15	63	359580	1
84	6	30	21	363009	0
47	30	21	21	355989	0
71	57	5	41	353604	0
70	32	15	42	351516	0
64	28	7	20	350211	0
60	29	20	42	348798	0
61	34	7	21	348492	0
50	23	6	22	346566	0
52	35	12	41	345882	0
71	53	1	42	343893	0
60	21	0	20	342498	0
61	34	7	41	341616	0
49	23	5	21	343020	0
46	30	16	41	344217	0
59	46	11	41	344505	0
55	29	3	21	343938	0

50	29	16	42	343605	0
60	42	16	42	342687	0
49	24	13	21	341985	0
46	29	4	20	341553	0
64	51	14	61	340914	0
52	23	12	21	340257	0
49	30	3	21	339951	0
30	47	18	62	339591	0
40	44	17	43	339753	0
48	41	18	42	340338	0
61	46	13	41	340563	0
49	22	12	21	340833	0
51	34	18	40	342291	0
57	40	19	41	342399	0
46	23	17	21	343479	0
70	56	3	42	343902	0
69	34	11	42	345099	0
60	23	8	20	345459	0
56	29	21	42	345576	0
60	38	4	21	346206	0
56	30	16	42	346503	0
45	22	15	21	346638	0
45	34	2	21	347313	0
59	47	18	63	347448	0
56	29	10	21	347583	0
61	40	11	41	347934	0
31	36	16	41	348321	0
43	45	12	41	347889	0

44	34	20	42	347736	0
56	46	16	42	347673	0
52	29	8	21	347250	0
47	28	1	21	347520	0
63	50	13	62	347052	0
52	22	11	20	346980	0
45	27	5	21	346512	0
58	46	1	42	346206	0
52	28	13	40	346422	0
54	34	1	22	345936	0
45	24	18	41	345441	0
42	32	7	21	345963	0
51	41	7	41	345900	0
42	24	4	21	346008	0
36	29	16	41	346098	0
48	45	13	42	346134	0
65	50	5	42	346386	0
65	34	12	41	346152	0
60	28	4	20	346332	0
50	23	1	20	346593	0
58	41	2	42	345846	0
57	33	10	41	345540	0
47	23	8	21	344073	0
54	41	10	43	342858	0
50	28	3	21	341643	0
45	27	17	41	341337	0
39	29	9	21	341544	0
52	46	4	41	341382	0
59	40	6	42	341085	0
49	24	3	21	340464	0
50	34	9	40	340113	0

52	36	15	42	338754	0
48	28	7	20	337944	0
49	36	12	41	336828	0
51	35	19	42	335883	0
30	46	14	41	334290	0
36	39	17	42	333282	0
47	45	14	42	332940	0
58	44	11	41	332067	0
49	23	9	21	332319	0
38	24	6	21	332319	0
57	52	16	62	332040	0
42	18	19	21	332742	0
37	29	11	21	333228	0
58	53	20	62	333930	0
46	22	19	21	334839	0
40	28	13	22	334812	0
54	46	8	41	335316	0
60	40	10	42	336270	0
49	22	9	21	336513	0
50	35	16	42	337233	0
57	40	17	41	337620	0
46	23	15	21	338232	0
43	30	6	21	338430	0
56	45	1	40	338241	0
46	24	18	41	338655	0
41	28	11	21	338916	0
48	40	13	42	339429	0
60	46	9	42	340230	0
56	29	1	21	340068	0

47	24	19	42	340212	0
60	47	13	41	340347	0
54	28	6	21	340617	0
57	35	12	41	340428	0
46	24	9	21	340221	0
47	33	18	42	340032	0
55	41	19	42	339969	0
44	23	17	21	339996	0
37	28	9	20	340329	0
48	42	8	41	340293	0
59	45	6	43	340095	0
48	22	5	21	340455	0
51	36	11	42	340743	0
59	42	11	42	340689	0
54	28	3	20	341166	0
62	41	4	42	340554	0
45	17	8	21	340401	0
40	29	21	42	341040	0
62	54	9	42	340986	0
52	23	7	21	340923	0
47	29	20	42	340617	0
84	70	13	63	340419	0
72	23	11	21	340950	0
67	28	4	21	340347	0
69	35	11	42	340176	0
59	23	9	21	340158	0
54	28	2	21	340329	0
54	34	11	43	340509	0
50	29	2	20	339861	0
40	23	0	21	340086	0

36	30	12	42	339798	0
44	41	12	41	340545	0
63	52	2	42	340284	0
53	23	20	41	339348	0
52	34	7	21	339465	0
48	28	21	42	339636	0
53	39	2	20	340023	0
53	33	11	42	339915	0
50	30	2	21	340473	0
50	35	7	40	339861	0
51	35	13	41	339609	0
48	28	6	21	339735	0
43	29	18	41	339609	0
58	47	12	41	339015	0
47	23	10	21	339132	0
43	30	1	21	339285	0
52	42	1	42	339132	0
25	40	2	41	338754	0
41	49	14	61	338538	0
49	42	14	42	338943	0
63	46	9	41	339492	0
57	29	1	21	338655	0
54	29	13	41	338430	0
44	23	11	21	338484	0
51	41	11	41	338394	0
52	34	20	43	338799	0
42	24	16	20	338763	0
41	33	4	21	338952	0
51	42	4	42	338925	0
40	22	3	21	338439	0

37	32	12	41	338961	0
50	45	8	41	338799	0
55	38	11	41	338610	0
49	28	3	20	338205	0
46	30	14	41	338736	0
61	48	8	42	338313	0
51	24	5	21	338808	0
46	27	20	42	338484	0
56	44	17	41	338898	0
56	34	4	21	338817	0
51	28	18	42	338475	0
41	23	16	21	338484	0
36	29	8	21	338862	0
43	40	8	40	338709	0
53	44	5	41	338979	0
44	24	2	21	338844	0
40	29	14	41	338700	0
53	46	10	42	338430	0
48	29	2	21	339114	0
49	35	9	42	338403	0
59	42	8	41	338934	0
47	22	6	20	338943	0
48	34	13	41	338754	0
55	41	13	41	338556	0
57	35	20	42	338799	0
52	28	13	21	338439	0
36	17	17	21	338628	0
32	30	7	20	338376	0
49	50	19	62	338754	0

56	40	19	40	338502	0
45	23	17	21	338826	0
45	33	5	21	338871	0
51	40	6	41	338880	0
41	23	4	21	339465	0
48	41	5	42	338862	0
50	34	11	40	339222	0
69	53	1	43	339465	0
59	23	19	41	339087	0
54	28	11	20	339285	0
42	22	10	21	339177	0
44	35	16	41	338970	0
51	40	16	40	339204	0
62	45	13	42	340194	0
53	24	10	21	339906	0
47	27	3	20	341274	0
59	46	19	62	342489	0
55	29	11	21	342777	0
46	24	7	20	344298	0
56	45	4	42	345189	0
52	29	16	41	345783	0
56	36	1	21	345774	0
63	42	1	42	346539	0
55	24	18	41	347331	0
55	33	6	21	348033	0
49	28	20	42	349005	0
49	34	6	20	348888	0
52	35	13	42	349320	0
46	29	5	21	349158	0
44	30	16	41	349302	0

50	39	19	42	348645	0
63	47	14	42	349437	0
59	29	6	21	349437	0
53	28	19	41	348915	0
43	23	17	21	349491	0
43	33	5	21	348555	0
51	41	6	42	348141	0
59	42	6	42	347844	0
55	29	19	42	347673	0
50	29	11	21	347529	0
47	30	2	21	346719	0
43	30	13	41	346710	0
52	41	14	42	346728	0
47	29	6	21	346134	0
37	23	4	21	346089	0
51	47	19	62	345945	0
43	27	13	21	346530	0
44	34	20	41	346305	0
56	44	17	41	346332	0
43	21	17	21	346161	0
38	29	9	21	346746	0
52	46	5	42	346206	0
63	46	22	63	346467	0
54	24	19	21	346791	0
62	40	21	42	346521	0
53	24	17	20	346341	0
48	29	9	21	346404	0
55	40	10	41	346656	0
50	29	2	21	346224	0
43	27	17	42	345945	0

57	46	13	42	346341	0
45	22	11	20	345783	0
44	33	20	42	346386	0
59	47	14	41	346251	0
45	21	14	21	345594	0
48	34	1	21	346269	0
58	44	18	61	345774	0
53	29	10	21	345468	0
48	29	2	21	345747	0
61	46	18	62	345738	0
50	22	18	22	345864	0
45	29	10	21	345801	0
58	45	6	41	345531	0
49	26	1	21	345594	0
47	30	13	42	345396	0
59	45	10	42	345666	0
51	26	4	20	345468	0
46	28	18	42	345459	0
65	52	7	41	345153	0
55	24	4	21	345261	0
50	29	17	42	345207	0
40	22	16	21	345603	0
40	34	3	21	345306	0
52	46	19	62	345450	0
59	39	20	40	345342	0
54	29	13	22	345810	0
49	28	6	21	345432	0
61	45	1	40	345009	0
57	30	12	41	345495	0
53	30	3	21	345378	0
47	27	18	42	345261	0

48	35	4	21	345252	0
49	35	10	41	344766	0
48	30	1	21	345540	0
47	33	10	42	344622	0
52	38	13	41	344802	0
41	22	12	21	344604	0
41	34	20	42	344937	0
46	38	3	21	345009	0
57	44	21	62	345054	0
51	29	13	21	345252	0
47	29	5	21	344451	0
66	51	16	62	345378	0
54	22	15	21	344802	0
50	29	7	21	345261	0
44	28	19	40	345171	0
45	34	6	21	345108	0
51	40	8	42	345693	0
47	28	1	21	344982	0
47	34	8	41	345684	0
52	39	11	42	345090	0
44	24	8	21	345360	0
34	24	5	21	345450	0
46	46	20	61	345603	0
59	46	14	40	345612	0
54	28	7	21	345585	0
56	35	14	42	345783	0
41	52	3	41	345225	0
81	6	18	21	345360	0
43	29	10	21	345531	0
52	42	9	41	345693	0

65	48	3	42	345117	0
57	24	21	42	345360	0
54	30	12	21	344928	0
48	29	4	21	344541	0
51	35	11	42	344442	0
59	41	11	41	345153	0
49	24	8	21	344667	0
51	35	15	42	344388	0
53	35	1	21	344253	0
46	28	14	41	344766	0
49	35	20	41	343911	0
50	34	7	21	344235	0
44	28	20	41	343893	0
40	29	11	20	343803	0
51	44	9	42	343884	0
73	56	15	62	344073	0
69	29	7	21	343821	0
65	30	19	42	343407	0
63	30	10	21	343470	0
59	30	1	21	343488	0
49	24	19	42	343065	0
39	24	16	21	342804	0
54	47	11	42	343038	0
45	24	8	21	343047	0
39	28	1	21	343146	0
58	52	12	63	343767	0
48	23	10	21	343065	0
42	28	3	21	343308	0
61	52	13	62	343110	0
46	18	16	21	343389	0

41	30	7	21	343047	0
67	57	12	62	343092	0
51	18	15	21	343002	0
43	27	8	20	343317	0
58	48	3	43	342588	0
53	27	18	42	342939	0
49	30	9	21	342561	0
64	48	3	42	342957	0
54	24	21	42	342885	0
51	30	12	21	342831	0
65	47	5	40	343119	0
53	22	3	20	342831	0
56	36	10	43	342408	0
48	24	7	21	342822	0
43	29	19	41	343164	0
50	40	21	42	342894	0
63	47	17	43	342831	0
57	27	11	21	343002	0
51	29	2	20	342912	0
41	24	20	42	342849	0
43	34	7	21	343173	0
48	39	9	41	342795	0
40	24	6	21	342849	0
43	36	11	41	343272	0
48	39	13	41	343533	0
50	35	19	41	343182	0
45	28	12	21	343083	0
52	41	13	42	342813	0
42	24	10	21	343767	0
54	44	7	41	343344	0

61	40	8	41	343767	0
60	33	16	41	343677	0
55	28	9	21	343515	0
54	33	18	42	343947	0
44	24	15	21	343974	0
44	33	2	20	343857	0
52	40	4	42	343803	0
46	28	17	41	344235	0
48	35	2	20	344217	0
60	45	18	61	343956	0
48	23	16	21	344109	0
51	35	3	22	343740	0
58	41	2	40	343848	0
48	24	19	41	343641	0
51	35	5	21	343533	0
61	44	2	41	343749	0
51	23	0	21	343668	0
56	39	2	41	344100	0
51	29	14	41	343587	0
48	29	6	21	343722	0
44	29	18	41	343560	0
48	39	20	41	343749	0
45	28	13	21	343695	0
47	35	19	41	343866	0
54	41	19	41	343416	0
44	23	17	21	343290	0
43	33	5	21	343326	0
49	40	7	42	343164	0
55	40	10	43	343605	0
54	30	1	21	343452	0

49	30	12	41	343551	0
57	41	13	42	343740	0
46	22	12	21	343236	0
52	40	14	42	343200	0
51	33	2	21	343056	0
43	24	20	42	342885	0
46	36	4	20	343164	0
50	39	7	42	342831	0
46	28	21	42	343344	0
41	29	12	20	343191	0
53	45	9	42	342660	0
44	24	6	21	343065	0
39	30	18	42	342489	0
48	41	19	42	342606	0
60	45	16	42	342615	0
54	29	8	21	343047	0
52	29	21	42	342786	0
43	24	18	21	343155	0
42	34	5	21	342750	0
43	34	12	41	342642	0
57	47	7	42	342858	0
55	32	15	40	342615	0
51	29	7	21	342543	0
66	48	1	42	342534	0
56	24	19	42	342570	0
53	30	10	21	342813	0
54	34	17	41	342570	0
54	34	3	20	342903	0
55	34	10	41	342687	0
45	23	8	21	342741	0

50	39	11	42	342696	0
52	35	2	26	342849	0
41	23	20	41	342228	0
36	28	13	21	342687	0
47	44	10	41	342435	0
56	42	10	42	343407	0
49	28	2	20	343137	0
45	28	16	42	342552	0
58	46	10	40	342759	0
52	28	3	21	342624	0
48	29	16	42	342849	0
57	42	16	42	342822	0
46	23	14	21	342957	0
48	35	21	42	342759	0
57	42	20	41	342993	0
50	27	14	21	342975	0
44	28	7	21	343506	0
52	40	8	41	342813	0
46	28	21	41	343146	0
44	33	9	21	343227	0
55	42	9	42	343749	0
51	29	1	21	343875	0
53	35	7	41	343740	0
53	35	14	42	343884	0
44	24	11	21	344451	0
44	34	19	42	344298	0
54	42	19	42	344586	0
44	24	15	20	344559	0
44	33	3	21	344820	0
50	39	4	40	344910	0
55	39	6	41	345099	0

57	35	13	42	344865	0
53	29	5	21	344757	0
47	28	18	41	344469	0
48	34	5	21	344352	0
55	39	8	42	344370	0
42	22	7	21	345054	0
48	39	9	41	344595	0
54	39	11	41	344802	0
44	24	8	21	344595	0
46	35	15	42	344568	0
48	35	1	21	344298	0
42	28	14	41	344154	0
43	34	21	41	343947	0
44	35	7	21	344316	0
56	45	3	41	344487	0
52	28	16	41	343875	0
54	35	2	21	344487	0
59	40	3	41	344505	0
56	29	16	42	344514	0
50	29	8	21	344226	0
46	29	1	22	343488	0
47	34	8	41	344046	0
46	33	17	42	344361	0
59	47	11	41	344325	0
57	30	2	21	343254	0
52	29	13	40	343515	0
42	23	11	21	343425	0
39	30	2	21	343290	0
52	46	19	63	342840	0
41	23	17	21	343173	0

42	34	4	21	343425	0
53	44	2	42	343047	0
64	45	18	61	343461	0
49	18	21	21	342957	0
45	30	12	21	343542	0
52	40	14	42	343236	0
42	23	12	21	343533	0
42	34	19	41	343173	0
50	41	19	41	343857	0
64	46	14	41	344037	0
60	30	5	21	343875	0
54	29	18	42	344181	0
46	24	15	21	343830	0
47	34	2	21	344154	0
49	36	7	41	343902	0
62	46	4	43	343992	0
58	29	16	41	343983	0
53	29	8	21	344352	0
42	23	6	21	343605	0
45	35	12	41	343938	0
50	40	13	41	344127	0
58	40	15	42	344172	0
60	35	1	21	343902	0
55	29	14	42	343902	0
46	24	11	21	343974	0
47	34	18	41	344001	0
53	41	19	42	343875	0
43	23	17	21	344127	0
45	34	4	21	343911	0
52	41	4	41	343605	0

59	41	5	42	343533	0
50	23	3	21	343380	0
51	35	9	41	343803	0
64	46	4	41	343470	0
70	39	7	42	343326	0
65	30	19	42	343596	0
62	29	10	20	343785	0
75	46	5	41	343335	0
65	24	2	21	343677	0
61	29	14	41	343416	0
51	23	11	20	343614	0
56	40	13	42	343623	0
59	35	20	42	343317	0
55	29	11	20	343686	0
49	28	4	21	343893	0
45	29	17	42	343767	0
42	30	8	21	343461	0
54	46	3	41	343956	0
44	24	21	42	343875	0
43	30	12	21	344316	0
59	51	1	40	344469	0
50	24	20	43	344361	0
53	36	5	21	344478	0
54	35	11	41	345009	0
51	30	2	21	344226	0
59	42	2	42	344118	0
56	30	13	41	344226	0
52	29	5	21	343902	0
47	28	17	40	344271	0
59	46	13	42	343974	0

50	24	10	21	344154	0
45	29	2	21	344118	0
59	46	18	62	343821	0
49	23	16	21	344073	0
44	29	8	21	344019	0
58	47	2	41	343866	0
49	28	16	42	343578	0
48	30	7	21	343938	0
49	34	15	42	343722	0
46	30	6	21	343659	0
59	46	2	42	344019	0
52	28	16	42	343326	0
50	30	7	21	343488	0
41	24	4	21	343542	0
37	30	16	42	343443	0
47	42	15	41	343407	0
58	45	12	42	342975	0
48	24	9	21	342894	0
43	29	1	21	342966	0
49	38	3	40	343047	0
58	42	2	41	342291	0
57	33	10	41	342246	0
46	22	10	22	342318	0
47	35	17	42	341967	0
54	40	19	42	342345	0
45	24	16	21	342255	0
40	28	9	21	342021	0
64	58	13	62	342030	0
52	22	12	21	342111	0
48	29	4	21	341616	0

57	42	3	41	341805	0
52	28	16	41	341661	0
47	29	8	21	341445	0
61	47	4	43	341580	0
51	23	2	21	341481	0
47	30	14	42	341571	0
54	40	17	43	341157	0
49	30	8	21	341148	0
47	30	20	42	341607	0
54	40	21	41	341346	0
45	24	18	21	341661	0
40	29	10	21	341184	0
54	47	4	41	341508	0
43	22	3	21	341526	0
44	35	9	41	341400	0
56	46	5	42	341067	0
48	23	3	21	341418	0
48	35	9	41	341598	0
53	39	12	42	341373	0
52	30	3	21	341418	0
42	24	21	42	341481	0
55	47	15	41	341175	0
49	27	9	21	341373	0
38	24	7	22	341913	0
58	52	16	61	342012	0
47	23	14	21	341994	0
47	33	2	21	342102	0
65	50	13	61	342039	0
56	24	10	21	341940	0
49	28	3	21	342291	0
45	29	15	41	342147	0

45	34	1	20	342246	0
50	39	5	43	342039	0
70	51	16	62	342651	0
54	18	19	21	342363	0
49	29	11	21	342471	0
68	52	21	62	342867	0
58	23	19	21	342453	0
53	29	11	21	343083	0
49	29	3	21	342696	0
46	30	15	42	343209	0
54	42	15	42	342642	0
50	28	7	20	342840	0
48	33	16	42	342813	0
54	39	18	41	342903	0
55	34	5	21	343110	0
58	36	11	42	343065	0
48	24	7	20	343182	0
42	28	21	42	343326	0
58	48	16	43	343461	0
48	24	13	21	342921	0
44	29	4	20	343146	0
50	40	6	42	344199	0
65	48	21	63	344001	0
54	21	21	21	343920	0
53	33	8	20	343938	0
48	29	20	41	343884	0
39	24	17	21	343551	0
68	61	18	62	343317	1
50	17	22	21	343398	0
43	27	16	21	343515	0

63	52	5	41	343227	0
52	23	2	20	343569	0
45	27	16	41	343587	0
59	46	12	42	343380	0
55	30	3	21	343542	0
45	23	21	41	343461	0
61	49	13	41	343218	0
51	24	10	21	342930	0
47	29	2	21	342372	0
64	50	14	62	342948	0
53	23	12	21	343047	0
48	29	4	21	342651	0
63	47	18	61	342435	0
52	23	16	21	342930	0
47	28	9	21	342912	0
27	47	3	41	342552	0
34	40	5	42	342507	0
57	91	16	102	342966	0
47	22	15	21	342399	0
51	72	6	63	342516	0
47	28	20	42	342696	0
50	70	12	62	342642	0
43	59	16	63	342336	0
50	41	17	42	342885	0

46	62	17	62	342498	0
46	34	4	21	343227	0
54	41	4	41	343182	0
45	58	7	61	342579	0
40	62	7	62	342858	0
40	33	16	42	342678	0
52	79	19	82	343011	0
45	58	3	42	342543	0
52	41	4	42	342615	0
57	72	15	83	342786	0
58	34	2	21	343281	0
49	58	7	63	342723	0
51	69	20	82	343137	0
53	36	5	21	343065	0
43	57	9	61	342633	0
51	40	10	41	342966	0
53	102	10	102	342921	0
48	62	10	62	343362	0
51	35	16	41	342930	0

50	67	11	62	343335	0
51	34	18	41	342669	0
58	41	19	42	342885	0
45	56	4	41	343200	0
60	45	1	42	343200	0
50	57	6	62	343254	0
53	36	11	41	343551	0
42	57	17	63	343560	0
56	46	13	42	344136	0
52	64	11	62	343560	0
60	40	13	42	343515	0
49	56	18	61	343344	0
54	39	1	22	343470	0
51	63	1	63	343533	0
54	36	7	42	343749	0
66	46	2	41	344127	0
50	51	12	61	344892	0
64	47	7	42	345018	0
55	57	12	62	345900	0

54	99	17	104	346179	0
47	61	18	62	346008	0
56	41	19	42	345639	0
46	57	3	41	345477	0
59	45	20	62	345657	0
49	93	11	84	344919	0
36	52	0	41	344424	0
59	90	14	104	345261	0
49	57	20	63	345918	0
61	45	16	41	346350	0
49	55	2	41	348708	0
55	40	4	42	351444	0
54	64	1	61	355566	0
56	36	7	42	357600	0
55	99	11	103	361848	0
53	64	9	62	363126	0
58	40	10	41	363666	0

56	63	9	62	365133	0
61	40	11	42	367113	0
52	57	15	61	369489	0
60	41	15	41	369246	0
85	126	12	123	371091	0
90	70	4	62	370704	0
79	56	9	61	370101	0
75	30	1	22	369399	0
71	63	20	82	367581	0
60	22	19	21	367680	0
56	29	11	21	366618	0
51	62	12	63	365547	0
57	39	14	41	364287	0
49	58	18	62	362703	0
49	35	4	21	361254	0
41	57	8	61	357582	0
42	68	2	62	355215	0
37	28	16	42	354720	0
42	71	7	62	355602	0
35	30	18	41	356880	0

54	50	9	41	359481	0
56	36	15	42	363576	0
48	58	19	62	377049	0
60	45	15	41	383925	0
59	66	11	62	391404	0
54	61	12	62	393654	0
66	47	7	42	395112	0
64	63	7	63	400899	0
69	105	4	102	411861	0
75	41	5	42	414894	0
82	73	15	83	419070	0
77	29	7	21	420825	0
80	36	13	42	421617	0
77	63	12	62	424812	0
84	73	1	62	425343	0
87	71	12	82	425325	0
99	78	16	82	422706	0

94	62	15	61	419241	0
94	34	2	21	415065	0
97	68	16	82	405588	0
98	35	2	21	400422	0
96	64	0	62	395337	0
97	36	7	43	392061	0
106	74	16	83	386445	0
112	41	17	42	384186	0
116	69	11	63	379083	0
110	29	3	21	375807	0
115	70	17	84	371676	0
127	47	12	42	369723	0
109	47	6	41	364251	0
111	36	12	42	362514	0
96	51	3	42	358446	0
100	39	6	42	357240	0
82	47	0	41	354711	0
89	41	1	42	354459	0
65	76	8	83	354243	0
62	30	19	41	354099	0

66	105	17	103	353847	0
47	80	19	82	353343	0
50	36	3	20	353469	0
56	40	4	41	352668	0
134	179	10	185	351435	0
130	28	3	21	350697	0
156	59	5	61	350004	0
157	68	20	83	349698	0
148	24	17	21	349212	0
148	35	3	21	348897	0
138	55	9	61	347988	0
126	22	8	21	347619	0
126	35	15	42	347493	0
144	83	16	84	346332	0
140	29	8	21	346674	0
152	46	4	42	346701	0
165	80	5	81	346944	0
156	23	4	22	347232	0

123	35	10	41	347430	0
120	63	9	62	347115	0
109	23	8	22	347817	0
117	41	8	41	348024	0
107	56	14	62	348240	0
101	27	8	21	348357	1
373	6	23	21	346989	0
108	35	9	21	348672	0
98	23	7	21	348411	0
83	52	17	62	348393	0
85	34	4	21	347412	0
42	58	8	62	347097	0
55	46	3	41	346728	0
62	74	11	82	346935	0
46	52	1	42	346566	0
42	28	15	42	346449	0
36	27	9	21	345990	0
68	98	14	103	346035	0
58	58	17	61	346566	0
49	58	20	61	346170	0
56	40	1	21	346233	0
58	69	15	83	346899	0

60	35	1	21	346611	0
50	56	7	62	346719	0
57	40	9	42	346575	0
47	58	12	61	346602	0
55	41	12	41	346881	0
41	53	1	42	346989	0
54	46	17	62	346926	0
42	54	4	41	346998	0
55	47	18	61	347025	0
41	52	8	42	346953	0
55	48	3	43	346917	0
41	52	12	61	347223	0
52	44	10	42	347421	0
47	63	8	61	347061	0
55	40	9	41	346953	0
44	56	15	62	347232	0
60	50	7	42	347115	0
45	52	18	63	347457	0
58	46	14	42	347340	0
45	53	4	43	347304	0

62	52	13	61	347088	0
50	53	2	42	347412	0
63	47	17	62	347565	0
50	53	6	42	348033	0
60	44	3	41	347907	0
46	52	12	61	347808	0
62	50	4	42	347898	0
50	54	13	63	347691	0
62	46	9	42	347817	0
67	72	21	84	347655	0
53	52	10	41	347259	0
37	52	20	62	347304	0
51	46	15	41	347214	0
61	43	14	42	346944	0
52	58	18	62	346836	0
58	40	19	41	346296	0
49	57	4	42	345792	0
52	70	17	83	345189	0
53	34	4	21	345063	0
61	41	6	43	344298	0

65	104	4	102	344505	0
55	57	8	61	344370	0
41	53	17	62	344433	0
55	47	12	42	344865	0
46	57	16	61	345000	0
55	42	16	42	345162	0
49	62	16	62	344775	0
61	45	12	41	344910	0
47	53	1	42	344487	0
64	51	12	62	344514	0
50	53	1	42	344379	0
62	45	18	62	344172	0
51	54	6	42	344073	0
51	101	8	103	343884	0
63	45	4	41	344082	0
53	57	10	63	343812	0
44	57	13	60	344415	0

51	41	14	42	344163	0
52	67	11	64	344172	0
54	36	17	42	343983	0
53	64	15	62	344262	0
58	40	16	41	344568	0
50	58	0	42	343947	0
54	38	2	40	344415	0
61	107	17	122	343875	0
51	57	0	40	344487	0
54	36	5	41	344028	0
54	67	0	62	344505	0
56	35	7	42	344028	0
62	72	17	82	344118	0
55	60	19	62	344460	0
68	46	14	41	344226	0
58	57	19	62	344019	0
78	87	15	83	343956	0
59	47	10	42	344298	0

58	34	17	41	344721	0
52	58	1	42	344154	0
46	61	2	62	344469	0
38	29	15	42	344865	0
53	47	10	42	344631	0
51	63	8	61	344811	0
62	45	4	41	344829	0
58	62	4	62	344964	0
53	61	6	63	344982	0
71	52	15	61	345324	0
44	73	4	62	345360	0
45	35	11	42	345072	0
52	40	13	42	345414	0
44	59	16	62	345099	0
52	41	16	41	345036	0
58	40	17	41	345459	0
41	81	18	82	345621	0
44	38	1	21	345531	0
44	33	9	41	345756	0
54	43	7	41	345072	0

49	62	7	62	345873	0
40	58	10	61	345324	0
49	41	10	41	345189	0
56	41	12	43	345441	0
49	92	2	82	345171	0
43	29	14	41	345126	0
54	44	11	41	345180	0
61	39	13	41	345162	0
59	68	7	62	344865	0
48	53	16	62	344838	0
55	42	15	41	344991	0
40	51	5	41	344775	0
54	47	21	63	344586	0
39	52	10	41	344991	0
45	39	12	41	344532	0
199	220	17	225	344748	0
204	39	19	41	344424	0

193	56	4	41	344442	0
191	63	3	62	344910	0
162	39	6	42	344919	0
161	65	4	63	344937	0
154	27	18	41	344964	0
150	29	10	21	344946	0
147	32	19	41	345567	0
149	35	5	21	344892	0
389	5	21	21	345198	1
139	17	25	21	344964	0
123	52	14	41	344883	0
118	27	7	20	344739	0
115	30	19	42	344838	0
105	23	17	21	344559	0
88	51	7	41	345279	0
84	29	19	41	344838	0
74	23	17	21	345297	0
68	28	10	21	345189	0
54	52	20	62	345135	0
48	28	13	21	345090	0
57	41	14	42	345297	0
59	36	19	41	345459	0
47	56	5	42	345828	0
60	46	1	42	345531	0
39	46	17	62	345531	0
47	40	18	41	345324	0
59	46	14	42	345549	0

50	58	18	62	345576	0
44	60	20	62	345396	0
52	41	20	41	345450	0
58	40	1	21	345846	0
56	64	0	63	345504	0
57	35	7	42	346602	0
48	57	11	61	346656	0
56	41	12	42	345720	0
46	57	17	62	347016	0
53	41	18	42	346503	0
43	57	2	41	346809	0
45	35	8	41	346881	0
63	51	18	61	347196	0
62	65	14	61	346944	0
46	51	5	42	346926	0
45	33	14	42	346530	0
64	51	4	41	346908	0
52	56	10	62	346773	0
45	60	12	62	347394	0
46	34	19	41	347394	0
53	40	1	22	347430	0

47	61	2	62	347556	0
57	43	21	62	347367	0
51	61	2	42	347520	0
62	45	18	61	347331	0
54	58	2	42	347394	0
57	69	15	82	346935	0
59	36	21	42	346728	0
51	58	4	41	346404	0
58	41	4	41	346575	0
48	56	10	62	346440	0
58	44	7	41	346404	0
50	58	11	62	346512	0
58	42	10	41	346863	0
43	55	17	62	346827	0
53	40	18	41	346791	0
34	48	13	43	346836	0
50	50	4	41	346980	0
58	41	5	42	346944	0
46	55	11	61	346737	0

54	41	12	42	347061	0
50	61	17	66	347115	0
55	39	18	40	346836	0
50	63	16	61	346584	0
51	33	4	21	346080	0
40	56	10	62	346323	0
48	42	10	42	345450	0
66	50	1	41	345684	0
57	58	7	64	346449	0
47	58	11	62	345963	0
50	35	17	41	346161	0

57	2139	6	2128	346215	0
54	497	20	511	345027	0
49	130	12	122	345108	0

91	4275	15	4278	339879	0
111	120	19	124	340581	0
97	86	16	83	341616	0
78	80	19	83	341832	0
50	273	13	267	341679	0
54	71	4	62	341553	0
44	56	9	61	341292	0
64	154	20	165	340851	0
62	63	19	62	341301	0
49	56	4	41	340806	0
54	105	2	103	341283	0
56	68	17	83	341355	0
55	65	14	62	341031	0
55	101	16	103	341553	0
53	64	14	62	341211	0
63	110	7	103	341103	0

66	69	1	63	341337	0
62	62	20	81	341058	0
56	62	21	63	341274	0
47	59	3	41	341517	0
55	107	20	124	341580	0
48	59	3	42	341841	0
52	104	3	104	341454	0
54	103	3	103	341553	0
57	102	4	103	341643	0
54	64	3	63	341562	0
60	107	19	123	342129	0
54	60	1	42	342066	0
51	62	1	62	342174	0

52	104	0	103	342759	0
54	67	15	82	342057	0
51	64	12	61	342057	0
53	102	13	103	342723	0
53	100	17	104	341967	0
49	98	2	83	343263	0
56	104	1	103	342606	0
53	64	20	83	342867	0
55	102	2	84	343038	0
46	58	5	61	342489	0
52	106	3	104	342741	0

50	98	7	102	342336	0
60	110	1	104	342174	0
54	61	1	61	342138	0
52	98	6	103	342219	0
66	113	18	125	342435	0
62	63	16	61	342318	0
52	57	1	42	342381	0
52	100	5	104	342138	0
52	100	8	103	342363	0
52	101	9	102	342318	0
50	65	6	62	341877	0

54	103	6	103	341922	0
49	61	7	62	342291	0
55	106	5	104	342066	0
56	101	8	104	342183	0
52	63	7	62	342102	0
173	221	11	225	341877	0
170	64	10	63	341841	0
166	29	2	21	341760	0
180	46	18	62	341904	0
150	71	14	67	341814	0
144	28	7	21	341922	0
279	35	12	40	341679	0
141	95	19	102	341652	0
139	30	11	22	342624	0

187	149	4	142	342723	0
182	28	18	42	342696	0
160	79	21	82	342273	1
234	6	36	21	342372	1
156	23	34	21	342642	0
140	185	13	164	342876	0
132	23	11	21	342723	0
214	150	2	141	342543	0
105	59	6	63	343119	0
88	82	6	82	343443	0
79	24	3	21	343551	0
81	69	16	82	343326	0
93	78	19	81	343407	0
90	64	17	62	342507	0

85	28	10	21	342588	0
82	63	8	61	342444	0
78	64	6	62	342480	0
69	57	10	61	342075	0
90	88	4	82	342138	0
90	67	20	83	342156	0
117	61	1	42	342480	0
114	63	19	81	342426	0
103	23	17	21	342264	0
106	69	10	62	342525	0
96	24	7	21	342318	0
95	64	6	63	342183	0
94	33	15	42	342192	0
89	62	15	62	341760	0
74	52	4	41	341976	0
70	62	4	62	342039	0
60	57	10	63	341796	0

72	79	14	83	341616	0
75	68	12	66	341850	0
64	58	17	63	341769	0
59	60	19	62	341913	0
52	60	21	62	342102	0
55	103	1	83	341841	0
61	106	18	123	342561	0
50	57	2	41	342102	0
54	103	2	103	342417	0

415	461	3	462	342489	0
356	6	18	21	342705	3
161	6	32	20	343092	4
300	6	47	21	343137	3
273	6	62	21	343074	3
211	5	77	20	343146	2
116	5	93	21	343263	1
57	40	74	21	343218	0
59	102	13	41	343326	0
54	63	13	63	342894	0
52	64	10	61	343470	0
62	110	3	103	344064	0
52	57	7	61	344010	0
54	102	8	103	343416	0
53	98	13	103	342966	0
59	108	7	102	342984	0
63	70	19	82	342570	0
55	58	3	42	342471	0

52	64	1	62	342291	0
27	75	8	82	342930	0
58	130	1	123	342660	0
52	27	15	41	342489	0
57	40	16	41	342912	0
66	41	17	42	342777	0
56	23	15	21	342381	0
60	39	19	43	342408	0
49	23	17	21	342597	0
52	35	3	21	342408	0
66	50	15	62	342525	0
68	33	3	21	342669	0
62	28	16	41	342660	0
64	34	3	21	342363	0
66	36	9	42	342345	0
56	23	7	21	342678	0
64	42	7	42	341796	0
53	23	5	21	343011	0
50	29	17	41	342318	0
74	58	1	42	342507	0
65	23	19	41	342480	0
65	33	7	21	342768	0
65	34	13	40	342858	0
59	27	7	21	342678	0
49	24	4	21	342354	0
42	27	18	41	342624	0

39	30	9	21	342858	0
36	30	20	41	342579	0
36	34	8	22	342588	0
42	38	11	41	342480	0
42	34	18	41	342444	0
54	46	14	42	342498	0
61	41	15	42	342363	0
52	24	12	21	342579	0
52	33	20	41	342165	0
65	46	16	42	342516	0
54	23	14	21	342300	0
51	29	6	21	342444	0
74	57	9	60	342750	0
64	23	7	21	342453	0
65	35	13	41	342561	0
66	34	21	42	342633	0
55	24	17	20	342966	0
62	40	19	42	342741	0
53	24	15	20	343047	0
55	33	2	20	342831	0
71	51	13	62	343200	0
72	34	20	41	343209	0
61	23	18	21	343218	0
56	28	12	22	343290	0
51	28	5	21	343524	0
46	28	18	41	343371	0
51	39	20	41	343650	0
52	34	6	20	343416	0
47	29	19	42	343497	0

59	45	16	42	344352	0
66	40	1	25	343848	0
62	29	13	41	343857	0
53	24	10	21	344019	0
60	40	12	42	344064	0
61	35	18	41	344145	0
57	29	10	21	344244	0
67	45	7	42	344820	0
58	23	5	21	344541	0
57	34	12	41	344433	0
57	33	1	22	344685	0
55	30	12	41	345225	0
55	34	19	41	344802	0
48	27	12	20	345198	0
45	29	4	21	345018	0
40	30	15	41	345405	0
53	45	12	42	345378	0
67	47	7	42	345450	0
56	23	5	21	345450	0
54	30	17	42	344991	0
51	30	8	21	345279	0
46	29	21	42	345279	0
36	24	17	20	345144	0
71	68	11	62	344703	0
65	28	4	21	344901	0
74	41	4	41	344991	0
65	25	20	41	344721	0
65	35	6	21	344793	0
68	34	13	41	344127	0
73	40	15	42	344874	0
63	23	13	21	344649	0

54	24	10	21	344370	0
55	34	17	41	344676	0
48	27	11	21	344370	0
44	29	4	22	344991	0
67	56	10	62	344847	0
56	23	8	21	344640	0
52	29	21	42	344577	0
52	33	9	21	344496	0
47	29	1	21	344451	0
54	40	3	42	344721	0
55	34	11	42	344496	0
54	33	19	41	344307	0
48	28	11	20	344217	0
56	40	13	42	344577	0
65	43	12	42	344280	0
50	18	15	21	344748	0
63	47	10	42	344595	0
66	36	16	42	344613	0
55	22	14	20	344190	0
55	33	2	21	344586	0
57	35	9	42	344451	0
51	28	2	21	344523	0
58	40	3	41	344181	0
58	33	12	42	344397	0
54	30	3	21	344550	0
55	34	11	42	344793	0
61	41	11	41	344172	0
53	24	8	21	344046	0
55	35	14	41	343821	0
66	45	11	42	343839	0

57	24	8	21	343884	0
57	34	16	42	343974	0
59	35	1	20	343884	0
66	40	3	42	344226	0
57	24	21	42	344208	0
63	40	2	21	343893	0
70	40	3	41	343785	0
93	57	8	62	344280	0
89	28	1	21	344172	0
108	53	10	62	344640	0
103	27	4	21	344460	0
109	40	5	41	344433	0
110	36	11	42	344334	0
107	29	3	21	344649	0
108	35	10	42	344181	0
101	59	11	60	344712	0
95	28	3	20	344586	0
168	6	18	21	344730	0
98	30	9	21	344424	0
103	39	12	42	344271	0
98	29	4	21	344136	0
94	28	17	41	344838	0
101	39	20	42	344739	0
96	29	12	21	344838	0
80	17	16	21	344469	0
75	29	8	21	344415	0
70	29	20	41	344793	0
58	22	20	22	345864	0
59	33	8	21	347196	0
58	33	16	41	348366	0

48	23	14	21	349266	0
42	27	10	23	346899	0
58	50	1	41	342543	0
55	30	13	42	343731	0
51	29	4	20	361182	0
67	51	15	62	378633	0
68	33	3	21	380901	0
64	29	15	41	386760	0
64	34	2	21	387813	0
66	36	8	42	388434	0
58	24	5	21	389037	0
53	30	17	42	390342	0
55	35	3	21	389955	0
45	23	20	40	389964	0
57	46	16	42	390063	0
55	30	7	21	390450	0
58	36	13	42	389892	0
51	29	5	21	389559	0
61	41	5	41	389829	0
51	23	3	21	388830	0
45	28	16	41	389334	0
51	39	18	41	388929	0
55	37	2	21	389001	0
55	34	9	41	388578	0
63	41	10	42	387786	0
59	29	2	21	387921	0
64	39	5	42	388614	0
61	29	16	40	387957	0
56	28	9	21	387741	0
51	30	20	41	387399	0

58	41	21	42	387795	0
61	36	6	21	387282	0
56	29	18	41	387408	0
62	38	1	21	386814	0
57	28	15	42	386535	0
52	29	7	21	386868	0
106	88	2	83	386139	0
79	6	17	21	386724	1
52	6	31	20	386049	0
70	51	1	21	386139	0
60	23	19	41	385743	0
59	34	6	21	385644	0
62	35	13	42	385635	0
56	28	6	21	385698	0
52	30	18	42	385275	0
55	35	5	22	385932	0
61	39	7	41	385815	0
51	24	4	21	385527	0
63	45	21	62	385896	0
51	22	20	21	385833	0
51	33	8	21	385806	0
69	51	20	63	386031	0
59	23	18	21	385977	0
54	29	9	20	385896	0
57	35	16	42	386067	0
58	35	2	21	385833	0
53	29	15	42	386049	0
62	42	14	41	385707	0
61	32	3	21	385356	0
62	35	9	41	386004	0
59	29	1	21	386553	0

66	41	2	42	385572	0
62	29	15	42	385770	0
63	35	1	21	385797	0
64	34	9	42	385995	0
58	28	3	22	385914	0
61	36	9	42	386157	0
68	39	12	42	385860	0
62	30	3	21	385545	0
64	35	9	41	385482	0
68	36	16	43	385590	0
63	29	7	20	385581	0
59	28	1	22	385257	0
59	34	8	41	385680	0
54	30	20	42	385428	0
53	30	12	22	385257	0
122	104	10	102	385203	1
94	6	25	21	385239	1
68	6	40	21	385347	1
58	23	38	21	385374	1
60	36	23	21	385068	0
51	24	21	22	385320	0
58	40	2	21	385248	0
66	42	2	42	385995	0
52	18	5	21	385770	0
57	39	7	41	385464	0
63	40	9	42	385869	0
59	30	21	42	386193	0
62	36	6	21	386301	0
58	29	19	42	386283	0
54	30	9	20	386463	0

54	34	16	41	387066	0
51	30	7	21	386652	0
42	24	4	21	386841	0
45	35	11	42	386958	0
56	45	8	42	387138	0
58	35	15	42	386931	0
72	47	10	42	386868	0
61	23	8	21	386418	0
64	35	15	42	387084	0
61	30	6	21	387408	0
61	35	12	41	387021	0
55	28	5	21	386679	0
60	37	10	42	386913	0
66	40	12	42	387093	0
60	28	5	21	386625	0
62	36	11	42	386661	0
59	29	2	20	386175	0
49	24	20	42	386787	0
47	30	11	21	386769	0
49	36	17	42	386373	0
39	24	14	21	386364	0
46	40	14	40	386931	0
55	41	14	41	386553	0
61	41	15	42	386274	0
58	30	6	21	385896	0
54	29	18	41	385230	0
50	29	10	21	385050	0
46	29	2	21	384870	0
59	47	17	62	384834	0
59	33	5	21	384726	0

55	29	17	41	384294	0
60	39	19	41	384231	0
61	34	6	21	384249	0
58	30	18	42	384474	0
60	36	3	21	384591	0
56	29	15	41	384537	0
52	29	7	21	385068	0
70	52	18	63	385392	0
60	24	14	20	385518	0
62	34	1	21	386481	0
63	35	8	42	385896	0
62	33	16	41	385149	0
60	30	7	21	384267	0
54	29	20	42	383367	0
51	29	12	21	383601	0
42	24	9	21	383511	0
42	34	16	41	384069	0
43	34	2	20	384384	0
45	35	8	41	384510	0
61	51	20	63	384780	0
63	34	7	21	384654	0
57	27	1	21	384294	0
53	30	12	41	384510	0
55	34	20	42	385347	0
62	41	20	41	384879	0
63	35	5	20	385041	0
65	35	12	42	384969	0
62	30	3	21	384942	0
51	23	1	21	384789	0
53	35	7	41	385059	0
46	26	1	20	384438	0

46	34	8	41	384465	0
58	45	4	41	384969	0
56	30	16	42	384330	0
55	34	3	21	384456	0
67	46	18	61	384195	0
63	28	11	21	384276	0
59	30	1	20	384276	0
61	35	8	42	384654	0
57	29	21	42	384672	0
57	34	8	21	384699	0
61	38	12	42	384555	0
53	24	9	21	384555	0
52	35	15	41	384411	0
64	44	13	42	384465	0
60	28	6	21	384366	0
60	34	12	40	384330	0
56	29	4	21	384303	0
59	36	11	43	384231	0
54	29	3	21	384303	0
62	42	3	42	384870	0
55	24	20	41	384762	0
49	29	12	21	384825	0
51	35	19	42	385266	0
48	30	10	21	385743	0
55	41	10	41	385788	0
55	33	19	42	385959	0
57	35	5	21	385644	0
51	28	18	41	385194	0
47	29	10	21	385392	0

61	47	5	42	385185	0
55	28	19	42	385752	0
46	24	16	21	385986	0
49	35	2	21	386283	0
56	41	2	41	386994	0
57	35	8	41	387912	0
57	35	14	41	388623	0
64	40	15	41	389064	0
59	27	9	21	389613	0
68	41	10	42	389973	0
56	22	9	21	389802	0
61	39	12	42	389460	0
107	79	16	83	389199	0
97	24	14	22	388938	0
99	35	20	41	388605	0
100	34	7	21	388272	0
94	28	21	42	388209	0
90	29	13	21	388083	0
86	29	5	21	389271	0
82	30	16	41	390189	0
90	41	16	41	390846	0
85	28	9	21	391629	0
85	33	17	41	391647	0
87	35	3	21	392223	0
88	35	11	43	391494	0
82	28	3	20	391134	0
82	35	10	42	390585	0
79	28	3	21	390207	0
80	35	9	41	390693	0
75	28	2	21	389766	0

75	34	10	42	390018	0
71	29	2	21	389964	0
65	28	16	42	389577	0
69	35	2	21	388947	0
65	30	13	41	389199	0
53	23	11	21	389145	0
52	31	1	21	389028	0
36	52	10	61	388893	0
47	44	8	42	388740	0
53	40	10	42	389037	0
54	36	15	41	389577	0
58	34	2	21	389631	0
52	28	16	42	389694	0
50	30	7	21	389019	0
44	27	1	21	389415	0
44	35	7	41	389901	0
59	48	1	42	390459	0
56	29	13	41	390549	0
57	36	18	41	390639	0
54	29	10	21	391656	0
55	35	17	42	391656	0
63	42	16	41	391161	0
58	28	9	21	391710	0
60	35	15	41	391530	0
57	30	6	21	392007	0
58	35	14	43	391872	0
49	24	11	21	392394	0
49	35	18	42	391926	0
51	34	4	20	391737	0

68	50	16	62	391719	0
63	30	7	21	391467	0
59	29	19	41	391206	0
61	34	6	21	391098	0
60	34	14	42	390738	0
57	29	6	21	390693	0
47	23	3	20	389586	0
53	40	5	42	389091	0
43	23	2	20	389568	0
37	27	16	41	389487	0
40	36	1	21	388965	0
48	42	1	42	388794	0
52	38	5	42	388605	0
52	33	12	40	388083	0
47	28	4	20	388812	0
61	47	20	63	387759	0
60	33	7	20	387768	0
58	30	18	41	387597	0
54	29	10	21	387786	0
48	29	2	21	387372	0
43	28	15	41	387444	0
39	29	6	20	387678	0
67	62	5	61	387813	0
58	24	2	21	387885	0
53	29	15	42	387669	0
56	36	21	42	387255	0
57	35	7	21	387651	0
64	40	8	41	387858	0
59	29	0	21	388155	0
56	30	12	42	388002	0
53	29	3	20	387516	0

49	29	15	41	388281	0
60	44	12	41	388416	0
54	27	6	21	388857	0
53	34	13	41	389001	0
62	41	13	41	388470	0
55	27	7	21	388497	0
57	35	14	42	388254	0
57	34	1	21	388497	0
54	30	12	41	387993	0
54	34	19	41	388281	0
54	34	6	21	387921	0
57	35	12	41	387606	0
52	29	4	21	387831	0
53	34	11	41	388137	0
67	46	7	42	387948	0
56	23	4	20	387561	0
61	39	6	41	387642	0
57	29	18	41	388209	0
56	34	5	21	388623	0
54	30	17	42	388353	0
55	35	2	20	389127	0
67	46	18	62	388875	0
63	29	10	21	388722	0
67	35	16	41	389460	0
56	24	13	21	390855	0
64	41	14	42	392565	0
55	24	10	20	393123	0
50	29	2	21	393474	0
46	29	14	41	392934	0
57	44	10	40	393177	0

62	40	11	41	391782	0
65	35	18	42	390855	0
72	40	20	42	390108	0
61	23	18	21	388884	0
67	40	19	41	387696	0
58	23	17	21	387975	0
59	34	4	21	386967	0
61	35	10	41	386319	0
57	29	2	21	386733	0
65	42	2	42	386616	0
59	28	15	41	386193	0
54	29	7	21	385662	0
60	39	9	41	385491	0
59	32	20	43	385590	0
60	35	5	20	384726	0
50	24	3	22	384960	0
46	29	15	41	384654	0
69	55	1	41	384447	0
57	23	0	22	384654	0
64	40	2	42	384690	0
61	29	15	42	384204	0
63	36	21	42	384456	0
60	29	13	21	384690	0
68	41	13	41	383862	0
56	23	11	21	384807	0
60	36	17	42	384312	0
60	34	3	20	384348	0
49	23	1	21	384213	0
45	29	13	41	384510	0
39	28	6	21	384834	0

41	35	13	42	384969	0
48	40	18	45	384717	0
67	52	8	42	384861	0
57	24	5	21	385248	0
54	30	17	42	385113	0
61	40	19	42	385707	0
56	30	10	21	384600	0
53	29	2	21	385032	0
56	36	8	42	385005	0
63	40	10	42	384708	0
52	24	7	21	385383	0
65	46	3	42	385122	0
61	29	16	42	385302	0
57	30	7	21	385446	0
64	39	9	41	385419	0
56	27	3	21	385302	0
57	33	11	41	384969	0
52	28	4	21	385509	0
53	35	11	42	386157	0
50	29	3	21	385473	0
39	22	2	21	386076	0
39	34	10	42	385410	0
40	35	17	42	386121	0
54	47	11	41	386301	0
57	38	14	41	386283	0
51	27	8	21	386679	0
52	33	17	42	386256	0
53	35	3	21	386175	0
54	34	10	41	386535	0
50	29	2	21	386085	0

62	48	17	63	386670	0
53	23	15	21	385959	0
54	34	2	21	386688	0
50	30	13	41	386679	0
55	38	18	43	386931	0
51	28	11	21	386877	0
51	34	19	42	387768	0
56	39	1	21	387534	0
52	29	13	41	387948	0
52	33	1	21	387786	0
54	36	7	42	388308	0
62	40	8	41	388803	0
61	34	16	42	389766	0
53	24	12	20	390711	0
58	38	16	42	391278	0
60	36	1	21	392034	0
56	29	13	41	392952	0
50	27	6	20	393267	0
44	28	20	42	393618	0
39	28	13	21	394662	0
41	35	19	41	397029	0
57	50	11	42	400260	0
65	41	12	42	403122	0
61	29	4	21	407487	0
73	46	20	62	411474	0
69	29	12	21	415020	0
70	34	20	42	418152	0
69	33	7	20	421284	0
70	35	13	41	422751	0
67	28	6	21	421491	0

72	41	6	41	419277	0
68	28	19	41	415929	0
64	30	10	21	412500	0
69	39	13	42	410430	0
77	40	14	41	407442	0
72	28	7	21	404553	0
84	46	2	41	401592	0
80	28	16	42	398919	0
81	34	2	20	394887	0
81	35	9	42	389586	0
83	36	15	42	382053	0
81	30	6	21	372720	0
80	34	14	42	363522	0
84	36	19	41	353874	0
74	23	17	21	346926	0
73	33	5	21	344316	0
69	29	18	42	345999	0
65	30	9	21	345873	0
28	29	1	21	346530	0
35	40	2	41	346656	0
46	45	20	63	345198	0
58	45	16	41	344325	0
49	24	13	21	344028	0
50	36	18	41	343407	0
63	45	15	42	342147	0
55	24	12	21	341373	0
49	29	3	20	340815	0
64	47	17	61	340050	0
51	21	18	22	339150	0
51	34	5	21	336387	0

58	40	7	42	335100	0
54	29	20	42	334065	0
96	76	7	63	332157	0
86	23	5	21	330807	0
91	38	8	41	328962	0
80	23	5	20	327198	0
83	36	11	42	324993	0
23	39	13	41	317505	0
38	49	6	42	315705	0
41	38	10	42	314706	0
59	51	21	62	314103	0
49	22	20	21	314688	0
43	28	13	21	316092	0
62	52	2	41	317748	0
54	24	19	41	319044	0
47	28	12	21	321150	0
66	52	2	42	322995	0
62	29	15	42	324660	0
28	33	2	20	328890	0
42	47	17	62	331320	0
44	35	3	21	332976	0
21	45	0	42	336225	0
34	46	17	63	337989	0
38	38	20	41	338214	0
53	47	14	41	338547	0
64	45	10	41	339213	0

48	17	14	21	339474	0
55	40	17	43	339618	0
55	34	4	21	340140	0
43	21	3	20	340446	0
43	33	12	42	340572	0
50	41	12	41	340995	0
39	22	11	21	341121	0
41	35	18	42	341607	0
45	39	21	42	341409	0
57	44	19	42	341328	0
59	34	6	21	341661	0
47	23	4	21	341652	0
38	24	2	22	341571	0
39	34	9	41	342156	0
46	41	9	41	341886	0
55	42	9	42	341625	0
51	29	21	41	342093	0
47	30	12	21	342237	0
65	52	2	42	342768	0
54	21	2	21	342012	0
50	30	14	42	342102	0
42	24	11	21	341715	0
43	34	19	42	340941	0
47	39	20	40	340608	0
58	45	17	42	340383	0
54	28	10	21	340194	0
53	34	18	42	340410	0
49	28	11	21	339798	0
44	28	4	21	339618	0
55	46	20	62	339609	0

51	28	13	21	339681	0
53	35	20	42	339474	0
65	46	15	41	339375	0
56	23	12	20	337971	0
57	35	19	42	338124	0
51	28	12	21	338628	0
47	29	4	21	338034	0
70	56	10	62	338646	0
60	24	6	20	338448	0
55	29	19	42	338556	0
52	29	11	21	337764	0
49	30	2	21	338079	0
59	45	20	63	337998	0
57	30	11	21	337872	0
53	30	2	21	337584	0
60	40	3	41	337557	0
50	23	0	20	336648	0
51	35	6	41	337044	0
50	33	14	41	337053	0
46	27	8	21	337116	0
49	71	0	63	337188	0
54	38	3	41	336828	0
56	35	10	42	336864	0
44	22	8	20	336819	0
23	46	4	42	336441	0
36	46	19	61	336009	0
28	92	10	83	335037	0

38	42	9	41	335100	0
42	38	12	41	335028	0
25	49	4	41	335190	0
44	120	9	125	335937	0
30	53	17	61	336711	0
31	35	3	21	336450	0
38	40	4	41	336396	0
52	48	17	61	337161	0
42	22	16	21	336873	0
52	77	21	82	337674	0
55	36	6	21	337899	0
50	29	18	41	338178	0
50	33	6	21	338502	0
63	45	3	42	338664	0
52	24	20	41	338880	0
52	33	7	20	338844	0
54	35	14	42	338601	0
44	24	11	21	337908	0
51	40	13	42	338547	0
51	33	1	21	338151	0
41	24	18	41	338205	0
40	33	6	21	338403	0
50	43	4	41	338295	0
57	40	6	42	337881	0

55	30	17	41	337215	0
45	23	15	21	336729	0
22	45	12	42	336450	0
35	46	7	41	336072	0
42	40	8	41	336225	0
58	49	19	60	335496	0
52	128	14	123	334938	0
57	39	16	41	335397	0
55	30	7	21	335010	0
56	34	14	41	335460	0
44	24	11	21	335793	0
41	29	3	21	336279	0
48	40	3	40	336918	0
61	47	18	62	337440	0
56	28	11	21	337944	0
18	29	3	21	338466	0
28	44	20	61	338736	0
43	47	14	41	338907	0
53	44	12	42	338943	0
42	22	11	21	338556	0
48	73	1	63	338763	0
29	46	17	62	338664	0
36	42	16	41	339222	0
45	42	16	42	338547	0

24	46	11	41	339474	0
32	41	12	42	338961	0
51	52	1	41	339276	0
46	29	14	42	339276	0
66	54	2	42	339492	0
58	24	19	41	339456	0
31	73	8	62	338664	0
37	39	10	41	339402	0
68	97	16	103	339717	0
56	23	14	21	339996	0
58	35	19	40	339834	0
66	40	21	42	340230	0
55	24	18	21	340446	0
45	23	16	21	340032	0
45	34	3	21	340113	0
47	35	9	41	340563	0
57	43	8	42	340770	0
45	21	8	21	340590	0
39	28	1	21	340689	0
50	44	19	62	340041	0
48	31	10	22	340212	0
43	29	2	21	339780	0
49	39	4	41	339861	0
80	63	3	62	340041	0
85	39	5	41	339861	0

81	30	17	42	339708	0
43	29	9	21	339591	0
64	87	5	83	339582	0
57	27	20	42	339834	0
47	23	18	21	339357	0
34	88	12	82	339447	0
46	44	11	43	339168	0
59	47	6	42	339222	0
49	22	5	21	339834	0
50	34	12	41	339321	0
31	82	13	83	339312	0
47	50	4	41	339096	0
18	37	8	41	339069	0
33	82	7	81	340005	0
46	46	1	40	339771	0
58	46	17	62	339375	0
49	24	14	21	339933	0
46	29	6	21	339330	0
36	24	3	21	340050	0
43	41	4	42	339456	0
56	46	20	62	340203	0
45	23	18	21	340131	0
44	33	6	21	339744	0

24	46	2	42	339852	0
33	41	3	42	339636	0
41	41	3	41	340338	0
67	93	15	105	339762	0
56	23	13	21	339780	0
23	34	21	42	339483	0
30	40	2	21	339564	0
35	39	4	41	339645	0
47	45	0	41	340167	0
43	29	14	43	339969	0
38	29	6	21	339564	0
36	131	19	144	339780	0
38	34	6	21	339582	0
64	94	16	104	339663	0
34	36	1	21	339897	0
50	50	13	62	339591	0
58	41	14	42	339753	0
47	23	12	21	339384	0
62	81	13	82	339654	0
40	45	8	40	340131	0

52	80	11	83	339834	0
52	32	20	41	339771	0
47	29	12	21	339465	0
38	24	9	21	339708	0
53	47	3	41	339249	0
43	24	21	42	339537	0
39	30	13	22	340050	0
35	30	3	20	340014	0
26	157	8	162	339411	0
47	87	4	83	338925	0
59	46	20	62	339168	0
59	33	8	21	339303	0
56	30	19	41	339645	0
46	89	12	82	339834	0
53	41	13	42	339762	0
33	47	7	41	340113	0
53	87	2	82	339996	0
40	87	19	104	339771	0
46	39	1	21	339879	0

56	44	17	60	339708	0
41	17	22	22	339906	0
42	34	9	21	339879	0
36	29	1	21	339258	0
48	45	17	61	339636	0
26	44	13	40	339519	0
32	40	15	42	340203	0
18	86	11	82	339735	0
31	46	6	41	339888	0
40	42	5	41	340347	0
60	87	1	83	339879	0
51	27	14	40	340347	0
42	22	13	21	339843	0
27	52	2	41	340239	0
35	40	3	41	340500	0
52	85	20	102	340311	0
71	52	9	41	339870	0
62	24	6	21	339825	0
23	28	19	41	339708	0
37	114	8	103	340275	0
48	44	5	41	339726	0

51	36	11	42	339510	0
42	24	8	21	339366	0
31	22	7	21	339942	0
30	34	15	42	339771	0
37	40	16	41	339825	0
50	46	11	41	340095	0
55	39	13	41	339627	0
30	42	12	41	339780	0
54	90	4	82	340212	0
50	29	16	41	339402	0
57	73	6	63	339663	0
41	18	9	21	339429	0
45	39	11	41	339456	0
37	23	9	21	339654	0
22	86	4	81	339546	0
28	39	7	42	339249	0
49	88	2	83	339519	0
66	50	13	61	339528	0
35	36	19	42	339429	0
23	88	13	82	339528	0

46	56	19	62	339465	0
27	80	5	66	339276	0
33	40	7	42	339231	0
52	85	4	82	339645	0
46	130	18	144	339798	0
32	85	15	82	339456	0
45	45	10	40	339708	0
53	41	10	41	339159	0
64	45	6	41	339888	0
31	35	12	41	340131	0
55	89	5	82	339726	0
44	23	2	20	339897	0
39	29	15	42	339762	0
43	70	7	62	339897	0
54	45	3	41	339996	0
23	35	10	42	339924	0
36	47	4	41	339915	0
54	51	15	62	340050	0
56	35	1	21	339726	0

51	94	11	104	340158	0
27	76	19	84	340347	0
54	94	8	83	340851	0
49	28	1	21	340410	0
42	27	15	41	340374	0
58	50	7	42	340473	0
49	24	4	21	340941	0
70	88	20	104	340599	0
32	29	12	21	340599	0
48	82	12	82	340941	0
31	50	3	41	340617	0
28	130	17	144	340950	0
34	40	19	42	340473	0
43	42	19	42	340689	0
57	47	14	42	340545	0
47	23	12	21	340194	0
48	34	19	41	340680	0
55	41	20	42	340581	0

44	23	18	21	340464	0
38	27	12	21	340500	0
51	46	7	41	340023	0
59	42	7	42	340284	0
54	28	21	42	340293	0
45	24	18	21	340761	0
39	28	11	21	340086	0
30	24	8	21	340617	0
55	58	13	63	340419	0
50	29	5	21	340581	0
32	115	14	124	340977	0
52	86	11	83	340734	0
35	83	10	82	340473	0
46	45	7	42	341247	0
29	50	18	61	340671	0
51	87	13	82	340851	0
49	33	1	21	340374	0
40	24	19	42	341085	0
48	75	6	62	340536	0
59	44	3	41	340707	0

25	134	14	145	340392	0
28	34	1	21	340500	0
39	45	18	62	340473	0
45	39	21	42	340806	0
59	49	13	41	340410	0
56	30	3	20	340914	0
25	35	10	42	340716	0
32	40	12	42	340680	0
42	44	10	42	340797	0
54	45	7	42	341049	0
33	46	2	41	340878	0
33	32	11	41	340500	0
45	45	8	42	341166	0
25	47	2	41	340896	0
31	40	4	42	340923	0
49	52	14	62	341004	0
50	34	1	21	340968	0
48	265	3	267	341211	0

17	35	10	42	341256	0
30	47	4	41	341220	0
39	42	4	42	341130	0
58	86	1	83	340887	0
52	27	16	42	341517	0
60	75	2	61	341427	0
44	84	21	103	341598	0
18	40	1	20	341247	0
39	87	18	104	340914	0
45	40	19	41	341130	0
28	50	10	41	341013	0
30	35	16	41	340932	0
52	56	1	41	341094	0
52	33	9	41	341238	0
41	89	3	83	340617	0
53	45	20	62	340833	0

44	125	18	123	340788	0
26	47	17	46	340428	0
16	125	16	124	340608	0
35	52	5	41	340203	0
42	40	6	41	340986	0
51	44	3	41	340806	0
28	42	2	41	340878	0
40	47	17	62	340635	0
54	46	12	41	340743	0
29	42	12	42	340617	0
38	42	10	40	340617	0
45	39	13	42	340806	0
23	45	9	41	340599	0
32	43	7	41	340482	0
60	94	16	103	340446	0
47	21	17	22	340464	0
37	24	14	21	340545	0
41	137	20	143	340563	0
47	39	1	20	340428	0

43	95	10	104	340500	0
19	77	15	82	340563	0
24	40	16	41	340689	0
72	81	19	84	340869	0
64	58	2	41	340671	0
77	46	18	62	340905	0
74	129	11	122	340815	0
62	23	8	20	340806	0
86	57	12	61	340959	0
57	38	16	42	340626	0
54	30	7	21	340482	0
26	72	17	82	341049	0
44	51	7	41	341103	0
26	82	7	82	341319	0
43	84	5	82	341085	0
51	75	13	83	340869	0

52	35	20	42	340932	0
62	42	19	41	341094	0
36	40	21	42	341625	0
59	56	5	40	341229	0
59	35	13	43	341274	0
48	22	11	20	341733	0
48	34	18	41	341220	0
22	39	20	41	341013	0
31	42	19	41	341166	0
37	41	19	41	341427	0
17	46	14	41	341310	0
39	56	21	63	341211	0
34	28	13	20	341175	0
54	53	1	41	341445	0
59	39	4	42	341166	0
53	27	19	42	341040	0
55	35	5	21	341148	0
79	58	8	61	341355	0
75	28	1	21	341067	0
76	34	8	41	341121	0
70	29	21	42	340815	0
66	29	13	21	340986	0
67	36	19	42	340608	0
32	30	10	21	340680	0
40	41	10	41	340176	0
50	44	6	40	340698	0

54	70	19	83	340527	0
54	35	5	21	340068	0
31	41	5	41	340590	0
47	51	16	62	341634	0
27	80	19	83	341103	0
47	86	15	82	340716	0
35	88	10	83	340842	0
47	212	4	206	340770	0
64	51	16	63	340446	0
59	27	10	21	340671	0
39	81	10	81	340905	0
41	35	17	42	340761	0

45	303	2	288	340653	0
67	57	7	62	340455	0
32	30	18	41	340671	0
48	84	17	83	341040	0
25	44	15	42	340518	0
38	46	11	42	340671	0
45	40	13	42	341013	0
62	51	3	41	340770	0
53	24	20	41	340797	0
44	23	18	21	340725	0
34	91	11	84	340563	0
56	89	3	81	340671	0
51	128	19	144	341067	0
25	41	19	41	340959	0
38	46	15	42	341076	0
17	46	10	41	340977	0

41	91	2	83	340752	0
27	86	19	103	340923	0
45	84	17	82	340977	0
28	49	9	41	341202	0
34	40	11	42	341085	0
41	41	11	41	340680	0
19	177	18	184	340923	0
31	45	15	42	341067	0
49	86	12	83	340608	0
52	68	6	62	340617	0
58	74	17	85	340968	0
48	23	14	20	340959	0
31	117	20	123	340545	0
38	39	2	21	340716	0

52	47	18	63	340401	0
33	49	10	41	340761	0
34	34	19	43	340689	0
16	82	20	83	340338	0
33	51	10	41	340131	0
65	97	16	103	340419	0
52	22	15	21	341058	0
61	75	1	61	340410	0
51	24	19	42	340437	0
48	30	10	21	340176	0
61	46	5	41	340554	0
49	88	0	83	340374	0
55	40	2	42	340365	0
46	24	20	42	340473	0
54	75	7	62	340419	0
43	22	6	21	340626	0
53	76	13	83	339492	0
48	29	5	21	340185	0
48	33	13	41	340068	0
61	47	8	42	339933	0

30	35	14	41	340176	0
42	45	9	40	340257	0
38	97	14	102	340086	0
45	208	13	207	340572	0
58	46	8	41	340230	0
43	17	12	21	340788	0
36	92	2	82	340545	0
38	69	14	81	340410	0
51	46	10	42	340320	0
50	34	17	41	339681	0
20	70	9	62	339816	0
32	44	6	41	339897	0

59	261	11	266	340815	0
32	40	12	41	340626	0
54	89	6	83	341058	0
28	40	6	40	340437	0
48	87	2	83	340671	0
38	23	21	42	340518	0
33	29	13	21	340194	0
25	92	4	83	340131	0
37	45	21	62	339942	0
39	35	7	21	339843	0
52	47	1	41	339645	0
46	27	15	41	339690	0
33	254	7	246	339843	0
48	47	1	41	339429	0
65	52	10	61	339762	0
60	28	3	21	339951	0
63	36	9	42	340131	0

32	36	14	41	339987	0
49	50	6	42	340302	0
56	40	7	41	340356	0
45	123	7	123	340716	0
65	52	17	62	341040	0
59	27	11	21	340941	0
15	24	8	21	341121	0
39	91	19	102	341076	0
43	170	13	164	340455	0
58	181	19	187	340185	0
24	34	6	21	339996	0
38	47	0	41	340284	0
45	40	2	42	340140	0
37	92	13	103	340392	0

45	42	12	41	340068	0
26	47	6	41	340203	0
27	34	13	41	339987	0
38	45	9	41	340005	0
45	173	22	186	340689	0
29	85	19	82	340185	0
43	47	14	42	340437	0
41	130	5	121	340374	0
59	86	1	82	340662	0
46	87	16	102	340626	0
24	45	12	41	340644	0
48	124	11	123	340914	0
26	45	8	42	341229	0

39	46	2	40	341274	0
45	39	4	41	341220	0
30	52	14	62	341373	0
58	128	10	124	341022	0
48	23	7	20	341166	0
48	33	14	40	340905	0
20	39	16	41	340896	0
44	90	8	82	340374	0
24	214	1	207	339843	0
52	95	8	102	340572	0
28	75	15	82	340257	0
29	134	5	124	340608	0
37	41	5	41	340671	0

49	47	19	61	340815	0
49	34	6	21	340734	0
45	28	19	41	340275	0
46	35	5	21	340455	0
47	35	12	42	340815	0
60	45	8	41	340923	0
44	52	18	62	340356	0
61	82	17	81	340770	0
51	23	15	21	340275	0
53	35	1	21	340365	0
64	46	16	61	340104	0
54	23	14	21	340536	0
23	35	20	41	340347	0
35	46	16	42	340608	0
42	40	18	42	340059	0
54	46	13	41	339960	0
24	36	19	42	340311	0
36	46	15	42	340284	0
48	44	12	41	340464	0
36	90	4	82	340761	0

59	255	17	268	340365	0
44	52	5	40	340428	0
47	35	12	42	340419	0
30	84	10	82	340608	0
41	45	6	41	340563	0
59	84	5	83	340545	0
48	23	2	20	340869	0
21	73	11	82	340311	0
34	46	6	41	341184	0
35	69	20	83	340959	0
56	53	8	41	341067	0
57	34	15	41	340545	0
47	57	19	61	340968	0
44	30	10	21	340563	0
52	41	10	41	341193	0
60	75	17	82	341148	0
34	41	18	42	340698	0
45	44	16	42	340635	0

52	41	16	41	340581	0
43	24	13	21	340779	0
52	76	21	84	340608	0
42	23	19	21	340932	0
51	75	7	63	340518	0
42	24	4	21	340662	0
43	35	10	41	340545	0
47	40	12	42	340761	0
62	46	7	41	340536	0
57	28	20	41	339933	0
19	29	12	21	340302	0
28	42	11	41	340266	0
46	85	8	82	340275	0
61	47	2	41	340059	0
53	27	17	42	340167	0
64	77	3	63	340599	0
53	23	1	21	340464	0
49	29	13	41	340239	0
68	52	2	41	339861	0
48	80	4	82	340311	0
26	78	8	82	340059	0
38	46	4	42	340185	0

45	40	5	41	340113	0
44	131	18	144	340167	0
61	85	16	83	339609	0
42	48	10	42	340032	0
44	35	16	41	339942	0
35	58	20	62	340365	0
36	34	7	21	339717	0
50	47	1	41	340284	0
26	43	1	43	339861	0
33	40	1	40	340149	0
51	85	17	101	339609	0
39	88	12	83	339807	0
59	87	7	82	340221	0
49	23	6	22	340608	0
50	34	13	41	340302	0
23	41	14	42	340140	0
31	41	14	41	340284	0

49	51	4	41	340572	0
51	35	13	44	340365	0
58	173	4	164	340491	0
48	23	2	21	340797	0
44	30	13	41	340977	0
60	51	3	41	340662	0
51	22	2	21	340779	0
44	27	16	41	340455	0
56	46	11	41	340977	0
51	28	3	20	340140	0
63	79	7	83	340572	0
57	27	1	21	340284	0
18	27	15	41	340554	0
40	88	9	82	339807	0
28	56	16	63	340383	0
34	39	18	41	340293	0
39	39	21	42	340338	0
46	40	1	20	340446	0
58	45	17	61	340122	0
53	29	10	22	339519	0
55	35	16	41	340797	0
44	22	15	21	340743	0

57	46	10	41	340338	0
33	77	16	83	340320	0
50	50	7	41	339951	0
53	37	12	42	339987	0
56	36	17	41	340356	0
50	28	10	21	339843	0
59	41	10	41	339942	0
43	51	0	41	339861	0
45	35	7	42	339816	0
25	46	2	41	340122	0
34	45	18	61	340428	0
41	40	19	41	340077	0
64	56	5	42	340032	0
55	23	3	21	339852	0
43	22	2	21	339798	0
39	29	15	42	340446	0
34	28	8	21	339780	0
49	216	17	225	339636	0
46	30	8	21	340563	0
52	39	10	41	339852	0
53	34	17	41	339942	0

41	88	11	82	340050	0
53	46	6	41	340149	0
66	46	1	41	340023	0
57	24	19	42	339141	0
26	36	4	21	339204	0
60	134	13	143	339924	0
50	23	11	21	339384	0
54	71	2	62	339825	0
23	36	8	42	339546	0
54	131	1	124	340302	0
34	46	16	61	339807	0
43	43	15	42	339843	0
51	41	15	41	340149	0
35	84	12	81	340248	0
53	85	8	81	340068	0
35	47	4	43	339870	0
41	40	5	41	339942	0

50	44	1	40	340221	0
58	42	1	42	340347	0
49	90	16	105	340257	0
57	41	16	41	340248	0
32	40	17	41	339996	0
44	47	13	43	340050	0
25	47	7	41	340356	0
38	47	1	41	339816	0
48	77	6	82	340077	0
39	89	21	104	340284	0
43	39	2	20	340194	0
54	44	19	61	339807	0
33	46	14	41	340140	0
33	166	13	165	339789	0
47	48	7	42	340068	0
27	45	3	41	339492	0
34	41	4	42	339555	0

58	124	2	122	339852	0
39	47	16	61	339222	0
48	45	12	41	339645	0
57	41	12	41	339609	0
44	87	8	83	339771	0
49	104	7	103	339276	0
62	46	2	41	339771	0
57	29	14	41	339636	0
56	99	18	103	339870	0
81	59	1	42	339411	0
63	49	14	62	339726	0
63	33	2	21	339888	0
60	30	15	43	339447	0
39	79	18	82	340077	0
51	46	13	41	340104	0

45	127	11	125	339861	0
70	92	1	82	339573	0
59	121	3	123	339915	0
60	35	10	42	339213	0
61	35	16	41	339933	0
62	34	2	20	339519	0
53	24	20	42	339465	0
54	35	6	21	339969	0
30	42	5	41	339375	0
41	46	20	61	339348	0
42	133	11	124	339231	0
49	40	13	42	339969	0
62	47	8	42	340050	0
57	28	1	21	339879	0
25	35	8	42	339834	0
28	35	15	42	339456	0
47	87	11	83	339663	0
30	49	4	42	339636	0

20	124	4	124	339744	0
28	74	14	84	339591	0
59	165	13	164	339699	0
40	47	7	41	339573	0
59	86	3	82	340140	0
32	39	6	42	339240	0
38	40	7	41	339132	0
51	46	2	41	338925	0
59	42	2	42	339195	0
75	50	14	62	338673	0
72	29	6	21	339051	0
75	36	12	42	338808	0
77	35	19	42	338754	0
52	76	5	62	338871	0
52	33	13	41	338952	0
27	75	0	62	338223	0

46	86	18	104	339051	0
28	82	19	83	338628	0
26	130	13	124	338691	0
38	46	8	41	338484	0
49	45	5	42	338592	0
32	50	17	62	338088	0
56	124	17	124	338160	0
63	40	18	41	338349	0
48	84	17	83	338529	0
37	57	1	41	338358	0
51	80	3	82	338133	0
18	35	10	42	338061	0
33	47	4	41	337863	0
43	44	0	40	338124	0
56	46	17	63	338115	0
70	46	13	42	337971	0

51	82	14	83	337809	0
26	42	14	42	338439	0
36	42	14	42	338277	0
51	50	5	41	338151	0
29	78	10	83	338565	0
38	42	10	42	338430	0
46	41	11	42	338205	0
45	133	1	123	338718	0
64	52	11	62	338808	0
59	28	4	21	338556	0
59	34	11	41	338826	0
33	40	12	41	338358	0
46	47	7	42	338664	0
53	40	9	42	338628	0
43	23	7	21	338817	0
37	28	21	42	338592	0
46	42	0	21	338628	0
65	52	10	62	338781	0
59	28	3	21	338502	0
56	29	15	41	338457	0
47	24	12	21	338772	0
43	30	3	21	339006	0
52	42	2	41	339033	0

60	41	2	41	339330	0
38	47	17	62	338682	0
44	38	20	41	338430	0
25	48	14	42	338628	0
52	127	11	124	338808	0
27	41	11	41	338727	0
45	52	20	61	338052	0
47	34	7	21	338223	0
25	47	1	41	338196	0
33	40	2	41	338376	0
44	45	20	63	338295	0
20	41	21	42	338745	0
48	95	10	84	338232	0
50	35	16	41	338610	0
63	48	10	42	338664	0
56	26	4	20	338430	0
51	28	18	42	338115	0
31	47	13	42	338538	0
40	42	13	42	338628	0
48	42	13	42	338655	0
67	53	2	42	338331	0

52	17	6	21	338700	0
52	34	13	41	338223	0
59	41	14	42	338574	0
58	30	5	21	338178	0
48	24	2	21	338304	0
44	29	15	42	338223	0
41	30	6	21	338277	0
32	92	17	103	338538	0
37	39	18	40	338304	0
53	48	12	42	338340	0
45	126	8	122	338196	0
25	47	3	42	337728	0
37	45	19	61	338079	0
26	89	12	82	338331	0
32	40	14	42	337989	0
39	40	15	41	338457	0
55	48	9	42	338412	0
59	40	10	41	338295	0
49	22	9	21	338295	0
45	29	1	21	338295	0
52	41	1	41	338196	0
43	24	19	42	338349	0

44	34	5	20	338259	0
50	40	16	51	338448	0
37	87	10	81	338709	0
50	46	6	42	338475	0
24	41	7	42	338925	0
37	45	3	41	338691	0
48	79	5	81	338799	0
33	51	16	62	339060	0
41	41	17	42	338817	0
52	44	14	41	338691	0
65	47	9	42	339006	0
54	22	7	20	338853	0
47	27	2	22	338520	0
31	50	14	62	339123	0
32	35	20	41	338808	0
52	87	16	83	338583	0
32	46	12	42	339555	0

22	257	0	245	338799	0
30	41	1	42	339267	0
42	46	18	63	339222	0
50	41	19	42	339339	0
36	53	8	42	339510	0
32	29	20	41	338889	0
46	47	15	42	339132	0
26	47	9	41	338619	0
38	45	5	41	339087	0
40	35	12	42	338529	0
33	127	7	122	338961	0
47	46	3	42	339294	0
24	44	20	61	339015	0
52	129	15	124	339240	0
41	22	14	21	339195	0
41	34	1	21	338979	0
43	35	7	41	339240	0
58	48	1	42	338808	0
52	28	13	40	339375	0
25	73	1	61	338925	0

34	41	2	42	338844	0
65	100	6	104	339078	0
61	95	13	102	338808	0
57	29	5	21	338754	0
42	85	2	82	338583	0
60	51	14	63	338556	0
50	23	11	20	338457	0
57	74	19	82	338682	0
37	47	14	42	338457	0
37	33	2	21	338520	0
49	46	19	63	338385	0
56	40	21	42	338412	0
46	23	19	21	338565	0
42	30	10	21	338502	0
21	45	6	41	338232	0
47	93	17	104	338682	0
37	57	2	42	338853	0
43	39	4	41	338682	0
55	45	1	42	338682	0

55	34	8	41	338862	0
51	29	20	41	337944	0
58	40	1	21	337980	0
25	35	8	42	337647	0
40	47	3	42	337125	0
33	126	19	142	336729	0
51	52	9	42	336666	0
48	29	1	21	336810	0
37	90	13	102	336576	0
31	94	2	83	336864	0
60	128	18	144	337449	0
27	35	4	21	337539	0
51	56	10	62	338007	0
54	38	14	42	337926	0
45	23	11	20	338142	0
51	40	13	42	337899	0
52	34	19	40	338088	0
60	42	19	42	337989	0
50	23	17	21	338295	0

49	166	12	161	338313	0
64	47	7	42	338043	0
32	36	13	42	337737	0
46	47	7	41	338196	0
60	48	21	62	337593	0
30	36	6	21	337674	0
38	42	5	41	337413	0
45	40	6	41	337287	0
64	52	16	62	337548	0
51	22	15	21	337539	0
48	29	7	21	337395	0
61	46	3	42	337134	0
40	46	19	62	337440	0
47	40	21	42	337521	0
53	40	1	20	337809	0
44	23	19	41	337539	0
50	40	21	42	337512	0
49	33	8	20	337665	0
56	40	9	41	337071	0
54	30	20	41	337161	0

63	210	15	205	336189	0
28	32	3	20	336504	0
41	45	20	62	336837	0
39	132	11	123	336621	0
66	93	1	83	336558	0
55	23	20	42	336810	0
50	28	13	21	336873	0
35	85	11	83	336549	0
41	40	11	40	336180	0
53	46	7	42	336153	0
41	87	2	82	335244	0
53	213	13	224	335604	0
26	39	16	42	335397	0
40	49	8	41	335721	0

48	40	10	42	335712	0
47	131	1	122	336135	0
53	174	11	184	336495	0
43	22	10	21	336405	0
46	203	13	206	336531	0
63	51	3	41	336828	0
38	76	9	82	337008	0
39	133	19	143	337197	0
57	86	16	83	337017	0
52	28	9	21	337287	0
32	81	12	84	337269	0

25	124	11	123	337269	0
43	85	8	82	337188	0
24	82	9	83	337044	0
32	41	10	42	337224	0
49	184	10	184	336828	0
51	34	17	41	337413	0
23	40	17	40	337062	0
42	185	16	184	336963	0
55	80	19	83	336963	0
29	40	0	21	336387	0
40	44	17	61	337062	0
50	44	14	41	337476	0
48	32	2	20	337314	0

48	33	10	41	337458	0
41	28	2	20	336522	0
46	103	2	103	337116	0
26	47	17	62	337287	0
44	85	13	81	337071	0
60	49	5	41	337278	0
51	24	2	21	337170	0
47	29	15	42	337512	0
60	46	10	41	336963	0
48	23	8	21	337098	0
58	76	15	83	337386	0
52	27	9	21	337674	0
56	71	1	63	336846	0
49	92	11	102	337062	0
50	35	18	42	337602	0
63	47	12	41	337071	0
66	36	18	42	336990	0
57	24	15	21	336747	0
58	68	8	61	337116	0
50	27	1	20	336927	0

46	29	13	41	337287	0
41	93	4	84	337008	0
25	85	20	101	336954	0
59	267	20	267	337368	0
54	94	8	82	337098	0
48	29	20	41	337611	0
47	132	12	124	337647	0
63	49	4	41	337467	0
52	24	1	21	337836	0
50	30	13	42	336945	0
37	53	1	41	337710	0
61	125	19	143	337719	0

51	24	16	21	337728	0
59	74	3	61	337665	0
34	40	4	41	337575	0
47	48	18	62	337953	0
21	39	21	42	337512	0
35	48	15	42	337800	0
40	39	17	41	337683	0
54	47	13	43	337980	0
31	77	18	82	337809	0
17	86	14	82	337026	0
28	45	10	41	337188	0
59	97	15	102	337395	0
55	30	6	21	337656	0
52	30	17	41	337296	0
41	22	16	21	336828	0
50	75	2	61	337134	0
57	40	3	41	337665	0
50	28	17	42	337170	0
47	30	9	22	337296	0
48	68	2	61	337404	0

60	45	20	63	336918	0
51	23	18	21	337440	0
58	74	6	62	336936	0
44	87	2	83	336882	0
52	41	3	42	337476	0
65	46	18	61	336522	0
54	23	16	21	336369	0
27	73	4	61	336729	0
31	171	18	185	336819	0
41	44	15	41	336792	0
27	85	12	82	336873	0
40	146	7	141	336891	0
55	114	17	124	336585	0
32	45	13	41	336729	0

41	42	12	41	336873	0
40	132	4	124	336837	0
53	46	19	61	337134	0
25	40	20	41	336963	0
57	132	12	124	337242	0
51	27	6	21	337386	0
46	28	19	41	337575	0
55	175	7	163	337593	0
33	46	3	42	337485	0
40	41	3	41	337233	0
52	44	20	61	337377	0
63	45	16	41	337584	0
42	45	12	41	337899	0
61	86	10	84	338511	0

38	177	16	183	343191	0
47	41	16	41	344136	0
19	39	18	41	347097	0
47	129	11	122	350436	0
39	92	1	82	353667	0
31	92	11	102	354828	0
39	208	9	206	356322	0
58	53	18	62	356439	0
31	39	21	42	355575	0
51	87	18	84	354261	0
65	46	13	41	354603	0
54	22	12	21	354819	0
53	34	19	41	354855	0

38	185	20	186	353793	0
40	35	6	21	353235	0
70	97	11	102	352803	0
61	24	8	21	352569	0
39	45	3	40	352227	0
35	29	16	42	352047	0
64	95	5	84	351957	0
59	28	18	41	351759	0
20	29	10	21	350517	0
29	42	8	40	350652	0
36	39	10	41	351120	0
53	52	21	63	351714	0
26	39	3	21	351138	0
39	47	18	62	351804	0
42	36	3	21	351894	0
55	46	17	60	352011	0
34	46	12	41	352434	0
58	124	11	123	352794	0

48	89	4	82	350202	0
55	41	4	41	349419	0
35	46	20	62	347466	0
46	45	15	40	345954	0
28	49	7	41	344226	0
32	36	13	42	343308	0
38	40	14	41	342723	0
28	91	6	83	341301	0
48	86	2	82	339654	0
61	46	18	62	339663	0
57	29	10	21	339348	0
34	45	6	41	339510	0
52	50	17	61	339375	0
53	36	2	21	339465	0
48	27	16	41	339429	0
49	35	2	21	339456	0
17	35	8	41	340275	0
35	84	6	82	340410	0
48	46	1	41	339825	0
23	41	1	41	339177	0

40	87	19	105	340293	0
47	40	20	41	340725	0
29	46	15	41	340644	0
41	45	12	42	340302	0
25	84	10	82	341229	0
25	35	16	41	341526	0
56	97	2	83	341463	0
61	40	3	41	341391	0
58	29	16	42	341769	0
32	73	6	63	341706	0
16	85	3	82	341688	0
34	86	21	104	340905	0
47	45	17	41	341004	0
59	45	14	42	341859	0
48	23	12	21	342012	0
39	24	9	21	341598	0
25	52	19	62	341490	0
26	35	5	21	341823	0
41	47	21	63	341292	0

33	127	17	123	340941	0
40	40	18	41	341004	0
55	215	10	207	340257	0
51	28	2	20	339933	0
20	70	15	83	339339	0
37	50	6	41	339303	0
40	38	10	42	338862	0
59	51	20	61	339249	0
49	24	18	22	338682	0
26	76	4	62	338763	0
32	39	6	41	339033	0
49	85	3	82	338961	0
45	29	15	41	338826	0
47	69	8	62	338970	0
59	46	4	42	338880	0
49	22	2	20	338556	0

49	35	10	43	338511	0
58	40	11	41	338736	0
53	28	4	21	338691	0
51	33	12	41	338151	0
22	36	18	42	338529	0
40	52	7	41	338637	0
55	81	8	82	338763	0
59	40	10	42	339258	0
54	28	3	21	339231	0
57	35	9	41	339654	0
46	23	7	21	339384	0
41	28	20	41	339762	0
59	52	9	41	340419	0
57	30	21	42	340968	0
36	79	3	61	342363	0
41	39	5	41	342705	0
49	41	6	42	342606	0
26	44	3	41	342759	0
34	41	4	42	342768	0
51	84	2	82	342300	0
63	45	18	61	341742	0
59	30	9	21	341409	0

41	114	20	125	340716	0
54	46	15	41	340752	0
65	46	10	41	340725	0
54	22	9	21	340941	0
55	34	17	42	340788	0
45	24	14	21	340680	0
41	29	7	22	340491	0
58	50	18	61	340302	0
46	22	17	21	340437	0
44	30	8	21	340527	0
16	40	9	41	340185	0
28	45	7	43	340491	0
46	51	17	61	340230	0
51	39	19	41	339996	0
28	42	18	41	340653	0
38	44	15	41	340239	0
52	48	10	43	340824	0
54	35	16	41	340239	0
56	35	2	21	340275	0
57	68	16	82	340761	0
48	24	13	21	340734	0
49	35	19	41	340707	0
50	34	6	21	340509	0
40	24	3	21	340806	0
42	35	9	41	340761	0
44	35	16	42	341067	0

49	139	0	123	341985	0
26	44	18	62	341625	0
28	34	4	20	342201	0
41	46	20	62	341706	0
46	39	2	21	341409	0
25	46	17	61	341823	0
27	135	6	124	342012	0
33	41	7	42	341625	0
42	40	8	41	341670	0
51	44	5	41	341733	0
63	45	1	41	341364	0
36	39	3	41	341292	0
45	42	3	42	341274	0
58	46	19	62	341607	0
49	24	16	21	341526	0
47	33	3	20	341976	0
66	52	13	62	343056	0
51	18	16	21	343182	0
33	82	17	83	343614	0
30	32	6	21	343263	0

57	92	17	103	342750	0
30	40	18	41	341436	0
44	47	13	42	341355	0
45	35	19	41	340761	0
25	46	15	42	339384	0
31	40	15	40	338835	0
37	38	18	41	338439	0
21	52	8	42	337503	0
28	39	10	41	337125	0
46	51	21	62	336738	0
47	36	6	21	336234	0
26	45	2	41	335577	0
32	40	4	42	335217	0
45	46	19	61	335289	0
62	50	9	40	335334	0
52	24	6	21	335325	0
47	28	20	42	335082	0
31	50	12	42	335388	0
33	35	19	42	335451	0
61	61	19	61	335865	0
55	28	12	21	336720	0
45	24	9	21	337377	0
47	35	15	41	337368	0

61	81	15	81	339051	0
41	47	10	42	340113	0
43	35	16	41	340995	0
64	53	5	42	342075	0
52	23	2	20	342075	0
48	29	15	42	343182	0
71	56	1	42	344091	0
55	18	3	20	344820	0
55	33	11	41	345810	0
35	46	7	42	347943	0
49	80	9	82	347835	0
55	41	10	42	347232	0
29	41	10	41	341274	0
28	97	15	102	362712	0
39	79	18	82	382548	0
56	50	9	41	383907	0
62	40	11	42	382854	0
58	28	4	21	379425	0
26	36	9	41	381369	0

62	169	5	165	381126	0
40	45	1	41	382584	0
47	39	4	42	383025	0
60	47	20	63	384699	0
59	33	7	20	385077	0
55	29	20	42	385500	0
52	30	11	21	385653	0
54	36	17	42	385779	0
23	35	3	21	386580	0
39	51	14	62	386580	0
59	85	10	81	386868	0
45	86	5	81	386400	0
30	85	3	83	386193	0
42	46	19	62	385671	0
55	46	15	42	385905	0
61	40	17	42	386058	0
55	27	11	21	385869	0
23	34	18	41	386895	0
40	51	9	42	386553	0
47	41	10	42	386490	0
52	37	13	40	386796	0
35	50	5	42	385572	0

45	44	3	42	380487	0
26	80	6	83	370119	0
36	44	4	42	369390	0
41	139	10	145	370344	0
46	36	16	42	368967	0
47	36	1	21	366834	0
66	52	10	61	364629	0
38	39	12	41	366897	0
56	52	2	42	369984	0
59	36	8	42	376176	0
53	28	21	41	381081	0
62	41	1	21	385563	0
63	34	8	41	389784	0
46	51	19	62	391377	0
47	34	6	21	390801	0
60	47	1	42	389370	0
62	35	9	43	388389	0
64	35	16	42	387966	0
60	30	7	21	387201	0
61	34	15	42	386148	0
64	35	21	41	385761	0
27	30	12	21	385248	0

41	47	6	41	385275	0
47	41	7	42	385023	0
67	52	18	63	384762	0
39	40	19	41	384096	0
51	45	16	42	384258	0
68	50	7	41	383889	0
62	28	22	43	383691	0
68	39	3	20	383637	0
64	28	17	42	383799	0
33	36	2	21	383988	0
48	48	16	62	383736	0
51	38	19	41	384024	0
36	84	18	83	384195	0
48	44	14	40	384069	0
60	46	10	42	383763	0
47	88	5	83	383709	0
48	34	12	41	384042	0
56	41	11	40	384069	0
60	36	17	42	383943	0
35	76	3	62	384258	0
40	40	3	40	383916	0

70	96	9	102	384168	0
55	84	7	82	383502	0
61	41	7	41	384006	0
51	23	5	21	383682	0
54	36	11	42	383493	0
57	36	16	41	383574	0
51	28	9	21	382917	0
49	29	1	21	383079	0
49	35	8	42	382818	0
56	41	8	41	382764	0
36	46	4	42	382530	0
68	98	8	102	382017	0
52	18	11	21	381702	0
55	36	17	42	381540	0
56	68	10	61	381648	0
65	42	10	42	381396	0
57	59	13	62	381135	0
50	59	17	63	382179	0
63	47	11	41	382251	0
63	66	7	62	381477	0

62	66	3	62	382017	0
67	72	18	87	381306	0
72	71	10	63	381828	0
71	66	4	60	383052	0
74	70	17	83	383349	0
66	58	0	41	384114	0
62	29	12	41	384303	0
58	29	4	21	385653	0
70	45	1	42	385896	0
66	64	21	84	385401	0
68	69	14	62	385770	0
60	59	18	63	385761	0
64	70	10	62	384852	0
54	24	7	21	384987	0
60	39	9	41	384276	0
58	64	8	63	383781	0
57	34	15	41	383160	0
54	30	6	21	382728	0
44	56	11	61	382674	0

42	63	10	62	382890	0
51	45	6	41	382944	0
64	46	2	42	382332	0
51	53	12	63	381729	0
59	41	13	42	382359	0
55	96	21	104	383124	0
52	30	12	21	383466	0
62	78	18	84	383151	0
55	24	15	21	383493	0
52	65	12	62	383871	0
54	36	18	42	383646	0
64	77	3	62	383736	0
61	29	16	42	383682	0
60	65	14	63	383529	0
63	36	20	42	384168	0
49	54	8	42	385122	0
51	35	14	41	385401	0
48	31	4	21	386292	0
47	100	8	104	384708	0
60	46	3	41	384780	0

68	75	10	82	386931	0
57	54	19	63	386922	0
59	70	11	62	387516	0
51	58	14	61	388002	0
69	51	5	42	387678	0
58	56	11	62	387273	0
59	66	8	63	387102	0
54	63	7	62	387264	0
61	41	8	42	387453	0
56	61	8	61	387480	0
63	40	10	42	387786	0
64	68	4	62	387435	0
61	64	2	62	387534	0
61	65	20	83	387210	0
52	59	2	41	387606	0
66	47	18	63	387705	0
61	63	16	61	387723	0

60	65	14	63	387993	0
60	66	11	63	387966	0
51	59	14	62	387417	0
59	74	2	62	388227	0
60	35	8	41	388119	0
63	69	1	62	388497	0
62	65	19	83	388488	0
57	62	18	61	388542	0
57	67	12	61	388146	0
59	68	6	62	388668	0
62	38	10	42	388092	0
56	59	13	62	388056	0
66	45	9	41	388740	0
71	70	1	62	387795	0
70	67	16	82	388092	0
77	74	4	62	388047	0

82	69	17	82	387930	0
95	81	19	83	387822	0
92	64	17	62	387804	0
89	62	16	61	387660	0
83	29	8	21	387102	0
82	65	5	62	387390	0
78	63	5	63	387588	0
80	69	20	84	386994	0
84	70	12	62	387156	0
86	68	6	62	387156	0
88	69	19	82	387426	0
88	66	15	62	386967	0
83	29	7	21	387264	0
79	63	7	63	387444	0
76	64	5	62	387066	0
77	68	18	81	386985	0

83	73	8	63	386940	0
84	34	15	41	387120	0
80	29	7	21	387192	0
76	63	6	62	386787	0
70	94	15	103	387183	0
66	28	8	21	387390	0
68	69	1	62	387255	0
69	68	16	83	387228	0
72	70	7	61	387435	0
81	76	15	84	387498	0
93	77	1	63	388191	0
102	76	8	83	388218	0
96	62	8	62	388362	0
92	30	20	42	388569	0
91	65	17	62	388776	0
82	24	14	21	388812	0
80	65	12	63	389928	0
78	30	3	21	389100	0

76	66	0	63	389127	0
69	59	4	63	388812	0
63	28	17	41	388425	0
65	69	10	62	389001	0
62	30	1	21	388596	0
65	36	7	42	388173	0
54	56	13	62	388002	0
58	70	5	62	387975	0
68	110	18	123	387615	0
56	55	4	41	387903	0
62	74	13	83	387669	0
69	72	4	63	387876	0
72	70	17	83	387723	0
70	65	14	62	387957	0
69	64	13	63	387507	0
71	70	5	62	387462	0

74	69	19	83	387093	0
77	69	11	61	386967	0
67	58	16	63	386841	0
65	99	19	102	387462	0
61	28	12	21	387525	0
55	28	5	21	387408	0
51	29	17	41	387174	0
54	70	10	63	387903	0
68	46	6	42	388137	0
67	66	2	62	388263	0
64	64	1	63	388830	0
60	30	13	42	388911	0
58	31	3	21	389442	0
52	61	4	62	391008	0
53	34	11	41	391710	0
67	48	6	43	392565	0
64	63	4	61	393708	0
84	86	2	84	394518	0

87	70	15	83	395454	0
82	63	15	63	396309	0
78	62	14	61	397371	0
82	70	7	63	397281	0
92	77	12	82	397470	0
88	62	13	63	397551	0
95	74	1	62	396750	0
86	24	18	41	396669	0
83	30	9	21	396570	0
85	36	15	42	396183	0
71	53	3	41	395616	0
73	35	9	41	395391	0
74	34	17	42	395355	0
65	58	20	61	394464	0
67	36	5	21	394383	0
61	60	8	63	394203	0
63	69	2	63	393816	0
61	64	1	63	393339	0
59	65	19	83	393087	0

67	75	5	61	392394	0
70	70	18	83	392538	0
64	27	12	21	392052	0
67	36	18	42	391926	0
59	58	1	41	392025	0
56	64	19	82	391278	0
43	56	4	41	391377	0
69	91	16	103	391458	0
76	40	17	41	391035	0
77	35	3	21	391557	0
64	53	13	63	391485	0
67	36	20	43	391089	0
71	37	4	21	391296	0
57	53	13	62	391584	0
57	35	20	42	391575	0
51	60	1	41	391836	0
58	41	1	41	391377	0
51	58	5	62	391854	0
64	47	19	61	391899	0

62	65	16	62	391944	0
59	63	15	62	391926	0
371	379	4	368	391359	0
364	59	7	62	391422	0
358	28	20	41	391584	0
366	41	21	42	391278	0
365	33	9	21	391242	0
361	30	1	22	391332	0
358	29	14	42	390423	0
347	24	11	21	390423	0
298	50	2	41	390450	0
289	57	8	63	390162	0
439	17	12	21	390396	0
440	35	19	42	390360	0
330	58	3	42	389793	0
355	57	9	63	389694	0

386	97	16	104	389847	0
386	33	5	22	389226	0
348	63	4	62	388884	0
438	22	3	21	389622	0
406	70	16	83	388866	0
503	29	8	21	389325	0
412	41	8	41	388947	0
364	87	4	83	388713	0
442	11	13	20	388362	0
381	39	16	42	388101	0
472	24	13	21	388506	0
402	30	4	21	388704	0
401	34	11	41	388263	0
400	63	11	63	388272	0
405	39	13	41	388452	0
401	64	11	62	388182	0
399	64	10	63	388596	0
407	41	11	42	388776	0
401	28	3	20	388695	0
408	40	5	42	388614	0
410	35	12	42	388884	0
403	27	5	20	389262	0

395	58	10	63	389415	0
395	33	18	41	389622	0
385	56	4	42	389784	0
376	59	7	62	389775	0
378	35	14	42	390207	0
372	28	7	21	389973	0
364	58	11	62	389838	0
359	29	4	22	390072	0
354	61	5	62	389568	0
350	30	17	42	389316	0
342	58	2	43	389532	0
340	64	20	82	389334	0
336	30	12	22	389091	0
326	57	17	62	389253	0
322	28	10	21	389568	0
322	69	4	63	389424	0
320	64	1	61	389217	0
322	35	8	42	389091	0
321	67	3	62	389298	0
319	63	2	62	389073	0
321	36	7	41	389343	0

329	74	15	82	389154	0
330	69	8	62	389181	0
316	52	18	62	389091	0
322	39	21	42	389577	0
309	53	10	42	389775	0
310	34	17	41	389883	0
295	53	6	42	390126	0
294	65	2	61	389928	0
291	64	1	63	389694	0
288	64	21	84	389208	0
285	63	20	62	389190	0
281	30	11	21	389370	0
301	85	7	81	389280	0
290	56	12	61	389388	0
291	69	5	62	389433	0
346	121	7	123	389811	0
358	46	2	41	389406	0

357	65	20	83	389001	0
348	59	3	42	388434	0
341	59	5	61	387912	0
337	62	6	63	388227	0
305	69	20	83	388317	0
316	44	18	42	388236	0
247	598	17	597	386688	0

172	658	21	662	382530	0

98	10592	12	10583	371550	0
124	325	12	325	370011	0
101	78	17	83	369894	0
87	85	14	82	369930	0

90	1737	9	1732	396174	0

508010767	1203	8	1202	99342346	0

66	1007	17	1016	391341	0
65	200	2	185	391593	0
67	201	5	204	391566	0

61	127	1	123	391422	0
57	95	8	102	391809	0
69	180	11	183	391647	0
59	223	13	225	391359	0
62	69	7	63	391431	0
69	241	12	246	391503	0

51	215	2	205	391332	0
61	177	10	185	391557	0
62	268	7	265	391818	0
57	228	7	228	391944	0
63	172	20	185	391917	0

72	209	15	204	392277	0
70	232	8	225	391116	0
74	137	15	144	390675	0
71	131	6	122	390405	0
67	63	4	61	390873	0
55	189	21	206	390837	0

71	214	13	206	390603	0
78	274	4	265	390288	0
79	136	11	143	390324	0
78	63	9	61	390468	0
83	140	12	143	390666	0
80	63	12	63	390477	0
83	70	4	62	390261	0
74	58	7	61	390477	0

70	196	18	207	389658	0
62	125	16	123	389289	0
61	167	13	164	388983	0

819	856	21	864	388839	3
623	6	36	21	395076	3
397	6	50	20	397911	2
270	6	65	21	398172	2
142	6	80	21	397209	1
55	46	54	20	394950	0
35	80	16	42	393393	0
50	181	18	183	391656	0
48	65	16	63	391512	0
43	30	7	21	391071	0
56	46	3	42	391206	0
59	35	9	41	391386	0
27	36	15	42	390684	0
23	28	8	21	391134	0
36	47	3	42	391251	0
32	29	15	41	390891	0
44	45	11	41	390891	0

51	41	11	41	391035	0
47	29	3	21	391026	0
47	33	11	41	390765	0
47	35	17	41	390819	0
42	27	10	20	390738	0
50	41	10	41	391413	0
45	29	2	21	391089	0
47	35	8	41	391143	0
55	41	8	41	390864	0
58	36	14	42	390729	0
55	30	6	22	390792	0
54	34	13	41	391278	0
47	26	7	20	390918	0
48	34	14	41	390567	0
54	40	16	42	391143	0
49	28	8	20	390774	0
45	30	19	41	391017	0
48	35	5	21	390819	0
48	34	11	40	390810	0
50	34	18	41	390711	0
52	35	4	21	390828	0
45	27	18	41	390513	0
44	33	6	21	390837	0
46	35	12	41	390360	0
50	39	15	42	390495	0
48	30	6	21	390306	0
54	39	9	42	390432	0
60	40	10	41	390405	0
50	23	8	21	390351	0
46	29	20	41	390261	0
49	36	5	21	390711	0

48	33	14	42	390324	0
44	29	6	21	390261	0
46	35	12	41	390387	0
47	34	19	41	390594	0
37	23	17	21	390297	0
43	40	17	40	390297	0
37	28	10	21	390225	0
39	35	16	41	390324	0
35	30	7	21	390477	0
36	34	14	41	390171	0
31	28	7	21	390612	0
26	28	20	41	390045	0
32	40	1	21	390324	0
30	31	11	41	390360	0
31	35	18	42	390072	0
33	35	4	21	390279	0
29	29	17	42	390045	0
29	35	3	21	389910	0
27	29	16	42	390018	0
28	34	3	21	390090	0
23	29	15	41	390144	0
33	45	12	42	390324	0
30	29	4	21	390108	0
30	34	11	41	390432	0
33	36	17	42	390486	0
30	30	7	20	390315	0
36	40	8	41	390270	0
38	35	14	41	390639	0
40	34	1	21	390603	0
34	29	13	41	390342	0

41	41	14	42	390360	0
32	23	11	20	390513	0
25	26	6	21	390531	0
33	42	6	42	390459	0
33	34	14	42	390666	0
30	30	5	21	390414	0
41	44	3	42	390540	0
36	28	16	41	390225	0
37	34	3	21	390315	0
43	40	4	41	390252	0
39	28	18	42	390036	0
27	23	16	21	390090	0
33	38	19	41	389982	0
34	34	6	21	390351	0
33	33	15	42	390468	0
40	41	16	42	390576	0
40	33	3	20	390297	0
35	28	17	42	390414	0
31	30	8	21	390171	0
33	35	15	42	390288	0
52	53	4	42	390918	0
54	35	10	41	390675	0
50	28	3	21	390783	0
45	29	15	41	390288	0
45	33	3	21	391062	0
41	30	14	41	390936	0
37	29	6	21	390594	0
32	29	18	41	390765	0
38	40	19	41	390891	0
33	28	12	21	391116	0

35	35	3	26	390873	0
32	30	18	45	390810	0
27	29	10	21	390801	0
38	44	7	41	390846	0
39	34	15	42	391413	0
34	29	6	20	391260	0
40	39	8	41	390927	0
48	41	9	42	390999	0
43	29	1	21	390882	0
39	30	14	43	390540	0
41	34	1	21	390891	0
37	29	13	41	390531	0
37	33	1	21	390477	0
43	40	1	40	390675	0
39	30	12	41	390972	0
33	27	6	21	390396	0
40	40	8	42	391080	0
36	30	20	42	390585	0
31	28	13	21	390792	0
34	35	18	40	390774	0
29	30	9	21	390432	0
32	35	15	41	390288	0
34	36	21	42	390369	0
33	34	8	21	390342	0
30	29	21	42	390351	0
31	34	8	21	390342	0
27	30	19	41	390234	0
27	33	7	21	390315	0
28	34	14	41	390567	0
39	45	11	42	390297	0
36	30	2	21	390450	0

43	40	3	41	390684	0
32	23	1	21	390540	0
33	34	9	42	390675	0
33	33	17	41	390495	0
34	35	3	21	390630	0
30	29	16	42	390603	0
34	36	1	21	390873	0
27	27	15	41	390450	0
32	38	19	42	389982	0
41	42	18	41	390459	0
33	27	12	21	390594	0
40	40	14	42	390297	0
36	29	6	21	390414	0
36	34	13	41	390243	0
38	35	19	41	390486	0
38	33	6	20	390477	0
34	30	18	42	390225	0
35	34	5	21	390270	0
26	23	3	21	390333	0
35	43	1	41	390261	0
25	23	19	41	389865	0
25	34	6	21	390270	0
31	40	8	42	389946	0
27	29	19	40	389757	0
28	34	6	21	389937	0
29	35	12	41	389964	0
23	27	5	20	390009	0
31	41	5	41	390000	0
33	35	11	41	389748	0

33	34	19	42	390306	0
30	30	10	21	389883	0
33	36	15	41	390153	0
26	27	8	20	389937	0
29	35	15	42	389874	0
29	35	1	21	389739	0
24	28	13	40	389784	0
25	34	1	22	389991	0
32	41	1	41	389910	0
29	30	13	42	389883	0
29	35	20	42	389973	0
26	28	13	21	389685	0
33	40	14	41	390045	0
33	35	21	42	389775	0
37	37	5	21	390189	0
37	33	13	41	389748	0
33	29	5	21	390072	0
35	36	10	41	390279	0
36	34	18	42	390423	0
27	24	15	21	390189	0
23	29	8	22	390369	0
30	40	10	42	390576	0
24	28	2	20	390585	0
20	30	14	42	391017	0
33	45	10	41	391431	0
27	29	2	21	391008	0
23	29	15	42	390792	0
32	42	15	42	390657	0
28	29	7	21	390846	0
23	29	20	42	390972	0

35	46	16	42	390720	0
33	30	13	27	390585	0
28	30	3	20	390864	0
35	39	6	42	390909	0
29	27	20	41	390747	0
25	29	12	21	390954	0
44	52	3	43	390846	0
38	27	17	41	390333	0
33	30	9	22	390774	0
34	33	17	41	390819	0
28	28	10	21	390648	0
33	39	12	41	390360	0
39	39	15	42	390540	0
41	35	1	21	390360	0
34	27	15	41	390567	0
42	41	15	41	391017	0
33	24	12	21	390207	0
35	36	18	42	390117	0
37	36	3	21	390108	0
36	32	12	41	390315	0
48	45	9	42	390630	0
54	39	11	41	389892	0
51	30	2	21	390639	0
46	28	16	42	390162	0
53	40	17	41	390243	0
52	33	6	22	390603	0
63	45	3	42	390054	0
65	35	9	41	390333	0
73	41	10	42	390306	0
70	30	1	21	390378	0

71	34	9	42	390306	0
67	29	1	21	390081	0
65	33	10	42	390378	0
73	40	12	42	390414	0
73	34	19	41	390378	0
68	29	11	21	390378	0
69	34	19	42	390297	0
78	41	19	41	390432	0
70	27	13	21	390594	0
72	35	20	42	390243	0
71	32	9	21	390720	0
73	36	15	42	390423	0
80	41	17	43	390189	0
82	34	4	21	390540	0
84	35	11	42	390099	0
81	30	2	21	390351	0
78	30	14	42	390612	0
82	38	17	41	389883	0
83	34	4	21	389748	0
126	76	10	82	389703	0
135	45	6	41	390153	0
150	47	21	62	389829	0
162	45	18	42	390090	0
174	46	13	41	390027	0
181	40	14	41	389649	0
178	30	5	21	390081	0
184	40	7	42	390027	0

192	41	8	42	389883	0
188	28	1	21	389811	0
188	35	6	40	390279	0
184	29	18	41	390081	0
185	33	6	21	390144	0
179	29	18	41	390135	0
182	35	4	21	390018	0
182	34	12	42	390036	0
176	28	4	20	390099	0
173	29	16	41	390090	0
169	29	8	21	390198	0
165	30	20	42	389946	0
166	34	7	21	390108	0
167	35	14	42	389775	0
157	24	11	21	390369	0
153	29	3	21	390207	0
155	35	9	41	390288	0
145	23	7	21	390072	0
140	28	21	42	390522	0
141	34	8	21	390684	0
140	34	15	41	390684	0
136	29	7	21	390108	0
135	33	15	41	390333	0
131	29	7	21	390594	0
129	30	19	42	390423	0
126	30	10	21	390711	0
125	34	17	41	390702	0
125	33	5	21	390612	0
122	30	18	43	390927	0
135	47	12	41	391053	0
130	28	5	21	390900	0

136	39	7	41	391062	0
136	34	15	42	390909	0
132	29	7	21	391080	0
139	39	10	42	390990	0
139	35	16	41	390396	0
135	28	9	21	390972	0
135	34	17	42	390855	0
134	33	5	21	390873	0
135	34	13	42	390432	0
130	28	6	21	390864	0
136	40	8	42	390900	0
132	28	1	21	390486	0
127	28	13	40	390486	0
126	33	1	21	390360	0
122	29	14	42	390729	0
115	28	7	21	390576	0
115	33	16	42	390612	0
112	30	7	21	390396	0
113	33	15	41	390747	0
107	28	8	21	390558	0
107	34	16	42	390198	0
102	28	9	21	389973	0
98	30	1	22	390342	0
110	45	17	61	390099	0
111	34	4	21	390324	0
107	30	15	41	389937	0
97	23	14	22	390153	0
93	29	6	21	390639	0
92	33	14	41	390432	0
89	29	6	21	390396	0
95	40	8	42	390297	0
84	23	6	21	390090	0

84	33	15	42	389991	0
90	39	17	41	390018	0
84	28	9	20	390171	0
80	29	1	21	390180	0
75	28	15	42	390369	0
70	29	7	21	390252	0
70	34	15	42	390576	0
72	34	1	20	390063	0
67	28	15	42	390162	0
63	29	7	21	390396	0
58	30	18	41	390153	0
65	40	20	42	390090	0
65	33	8	21	390000	0
61	28	1	21	390171	0
59	33	9	41	389829	0
60	34	16	41	389649	0
62	35	2	21	390027	0
58	29	14	41	390135	0
58	34	1	21	390144	0
58	34	8	41	390000	0
60	35	14	41	389955	0
55	28	7	21	389856	0
50	28	20	41	390351	0
52	36	6	22	390369	0
52	33	14	41	389748	0
54	34	1	21	390153	0
49	30	13	42	389784	0
57	40	15	42	390243	0
48	24	12	21	389901	0
48	35	18	41	389667	0

90	76	5	63	390225	0
64	6	20	21	390000	1
48	18	23	21	390045	0
51	36	8	21	390225	0
47	28	1	21	390342	0
40	28	14	41	390342	0
44	36	19	41	390306	0
39	28	13	22	390360	0
31	28	6	21	390693	0
28	29	18	41	390522	0
36	40	20	42	390540	0
30	29	12	21	390531	0
32	36	18	42	390711	0
35	35	4	21	390522	0
30	29	17	42	390756	0
33	36	2	21	390936	0
35	35	8	41	390873	0
29	29	20	41	390765	0
30	34	7	21	390738	0
34	36	13	42	390918	0
28	29	5	21	390936	0
30	35	12	42	391260	0
30	33	20	41	390963	0
26	30	11	21	390783	0
29	34	19	42	391197	0
38	42	19	42	390846	0
26	23	16	20	391071	0
25	32	5	21	391071	0
39	47	21	63	390963	0
40	35	7	21	390900	0
37	30	19	42	391188	0
40	36	4	21	391089	0

42	36	9	41	390810	0
43	34	17	42	390549	0
47	37	21	41	390693	0
48	36	6	21	390441	0
43	27	21	42	390162	0
57	46	16	41	390045	0
53	30	7	21	390675	0
54	34	16	43	390261	0
57	37	20	41	390063	0
62	40	21	41	390477	0
65	36	6	21	390414	0
66	33	15	42	390081	0
68	36	21	42	390378	0
70	35	7	21	390027	0
77	40	9	42	389982	0
74	30	21	42	390306	0
77	36	6	21	389973	0
71	29	19	42	389496	0
73	35	5	21	390342	0
76	36	10	41	390036	0
65	23	8	21	390135	0
67	35	15	42	390162	0
68	34	2	21	389820	0
64	29	15	42	390090	0
58	30	6	21	389811	0
57	30	17	41	389874	0
59	34	4	21	389847	0
49	24	1	21	389361	0
56	42	1	42	390090	0

55	30	13	42	389847	0
51	30	9	26	389766	0
48	30	20	41	389451	0
49	35	6	21	389649	0
49	35	12	41	389577	0
50	34	19	41	389451	0
57	39	1	21	389433	0
46	24	19	42	389829	0
47	34	5	20	389865	0
55	40	7	42	390009	0
51	30	18	41	389829	0
47	28	11	21	389847	0
59	46	7	42	389613	0
54	28	20	41	389415	0
55	35	6	21	389226	0
54	34	13	41	389811	0
57	35	20	42	389613	0
57	34	7	21	389361	0
55	30	19	42	389703	0
55	35	5	21	389532	0
53	31	15	41	389325	0
55	35	1	21	389469	0
51	30	13	42	389415	0
61	41	15	43	389460	0
57	29	7	21	389262	0
61	39	9	41	389388	0
52	24	6	21	389298	0
42	24	3	21	389847	0
50	41	3	41	389910	0
47	30	14	41	390009	0
38	24	11	21	389424	0

46	42	10	41	389892	0
42	29	2	21	390090	0
31	22	1	21	390009	0
39	42	1	42	389757	0
36	30	12	41	390063	0
37	34	20	42	390225	0
44	41	20	41	390117	0
39	28	13	21	390360	0
40	33	1	21	389793	0
40	35	7	41	390729	0
41	34	14	41	390765	0
36	30	5	21	390432	0
45	40	7	42	390225	0
41	30	18	41	390576	0
37	28	11	21	390414	0
38	35	18	42	390513	0
44	40	19	41	390540	0
39	28	12	21	390513	0
39	35	19	42	390477	0
40	33	6	20	390432	0
40	33	16	43	390576	0
30	24	13	21	390558	0
37	40	14	41	390513	0
32	28	7	21	390261	0
27	30	19	42	390612	0
36	41	20	42	390603	0
38	35	6	21	390720	0
37	34	14	42	390369	0
40	35	20	41	390144	0
31	24	17	21	390414	0
32	35	3	21	390099	0

34	35	9	41	390225	0
35	33	18	42	390378	0
34	34	5	21	390171	0
42	40	6	41	389793	0
37	28	21	43	389973	0
37	35	7	21	390018	0
38	35	13	41	390324	0
37	34	21	42	389847	0
42	36	7	22	390000	0
43	35	12	40	389577	0
38	28	5	21	389703	0
34	29	18	42	390153	0
41	40	19	41	390153	0
48	41	20	42	390171	0
40	24	18	22	390216	0
51	45	14	41	389802	0
48	29	6	21	390603	0
43	30	17	41	390108	0
48	38	20	41	389766	0
49	35	7	22	389838	0
42	26	1	20	389865	0
48	39	4	42	389730	0
49	34	12	42	389487	0
43	29	4	21	389442	0
55	44	1	41	389784	0
51	29	13	41	389883	0
52	36	19	42	389910	0
60	40	0	21	389865	0
63	36	6	42	389847	0

33	36	11	41	389793	0
40	41	11	41	390045	0
30	23	9	21	389541	0
25	28	2	21	390000	0
26	34	10	42	389451	0
27	36	16	42	389919	0
30	36	1	21	390027	0
33	36	7	42	390099	0
26	28	20	41	389865	0
29	35	6	21	389973	0
36	40	8	42	389856	0
31	30	20	42	389847	0
22	23	18	21	389874	0
23	35	4	21	389802	0
32	41	4	41	389748	0
35	36	10	42	389622	0
36	35	18	43	389622	0
31	29	9	20	390009	0
26	29	1	21	389973	0
33	41	2	42	389982	0
31	30	13	41	390081	0
30	32	2	21	389928	0
39	41	2	41	390018	0
28	24	19	41	390054	0
35	40	20	41	389739	0
34	32	9	21	389739	0
36	36	15	42	389514	0
27	24	12	21	389757	0
34	39	15	42	390072	0
53	54	3	42	390081	0

44	24	20	41	389937	0
52	40	1	21	389991	0
45	29	13	41	389991	0
42	30	4	21	389820	0
49	40	5	41	389658	0
46	30	17	42	389775	0
43	30	8	21	389631	0
45	36	15	43	389451	0
42	29	7	21	389946	0
33	58	10	61	389703	0
32	33	19	42	389199	0
32	34	6	21	389244	0
46	80	9	83	388668	0
41	28	2	21	388281	0
34	27	17	42	388164	0
37	36	2	21	388452	0
40	35	8	41	388686	0
44	38	12	42	388587	0
46	36	17	41	388848	0
37	23	15	21	388902	0
36	32	4	21	389172	0
36	35	11	42	389091	0
32	29	3	21	389181	0
34	35	9	41	389262	0
42	41	9	41	389127	0
49	40	10	41	389262	0
44	29	2	21	389136	0
45	34	10	42	389694	0

41	29	2	21	389541	0
42	34	9	41	389469	0
44	36	14	41	389379	0
40	29	6	21	389451	0
34	28	19	41	389460	0
39	39	1	21	389442	0
30	57	7	63	389937	0
30	34	14	41	389496	0
31	34	1	21	389469	0
29	30	12	41	389100	0
27	32	1	21	389316	0
34	41	2	42	389181	0
30	29	15	42	389442	0
32	35	1	21	389334	0
36	38	5	42	389460	0
31	29	18	42	389442	0
35	36	3	21	389802	0
36	35	10	42	389082	0
31	28	3	21	389172	0
30	33	11	41	389217	0
39	41	11	41	389271	0
41	36	17	42	389127	0
32	24	14	21	389343	0
39	41	14	41	389208	0
39	34	1	21	389550	0
55	81	2	82	389280	0
57	35	9	42	389280	0

58	35	15	41	389442	0
54	29	8	22	389307	0
49	29	21	42	389964	0
45	30	12	21	389415	0
52	40	14	42	389667	0
49	30	6	22	389856	0
43	28	18	40	389208	0
23	46	14	42	389469	0
31	41	14	41	389289	0
50	120	16	122	388929	0
57	40	19	43	389064	0
25	35	4	20	388893	0
33	41	5	42	389046	0
39	74	14	83	388983	0
42	35	20	41	389046	0
36	28	13	21	388650	0
38	34	20	41	388956	0
39	34	7	21	388578	0
37	32	16	41	388794	0
57	86	13	83	388587	0
46	23	11	21	388515	0
47	35	18	42	388740	0
54	40	19	41	388605	0
46	24	16	21	388506	0
41	30	7	21	388479	0

37	30	18	41	388425	0
44	40	20	42	388542	0
39	29	12	21	388704	0
36	28	5	21	388875	0
42	39	8	42	389001	0
37	63	8	63	388893	0
27	56	15	63	389073	0
36	42	14	41	389298	0
55	53	3	42	389136	0
61	40	6	43	389451	0
62	35	13	42	389127	0
67	71	3	61	389523	0
70	36	9	42	389730	0
65	29	1	21	389604	0
61	28	14	41	389334	0
63	35	21	42	389874	0
43	47	16	42	389730	0
39	29	8	21	389703	0
40	35	14	41	389793	0
41	35	21	42	389622	0
38	30	12	21	389577	0
41	36	17	41	389442	0
41	34	4	21	390036	0
38	30	16	42	390045	0
46	41	17	42	389685	0
42	29	9	21	389685	0

37	29	20	40	389784	0
32	28	14	22	389541	0
33	34	1	21	389865	0
28	29	14	42	389658	0
36	41	14	41	389532	0
37	35	21	42	389577	0
34	30	12	21	389631	0
36	35	18	41	389469	0
44	75	4	61	389676	0
38	28	18	42	388974	0
40	35	4	21	389208	0
31	24	1	21	389352	0
31	34	9	42	388893	0
39	41	9	41	388803	0
35	29	1	21	389253	0
30	28	14	41	389172	0
37	41	14	41	388947	0
39	34	1	21	388992	0
34	28	14	41	388749	0
46	47	8	41	389019	0
62	116	16	124	388857	0
59	29	8	21	388596	0
64	39	11	42	388668	0
36	39	12	40	388290	0
46	77	18	83	388767	0
44	32	7	21	388632	0

41	29	20	42	388443	0
42	34	7	21	388650	0
55	114	17	124	388542	0
56	34	3	20	388011	0
56	33	12	42	388164	0
57	35	18	41	388056	0
51	28	12	22	388191	0
58	41	13	42	387975	0
36	75	20	82	388137	0
51	115	8	103	387975	0
29	46	3	41	387795	0
30	34	11	42	387363	0
55	125	10	124	387912	0
57	36	15	41	387786	0
50	59	18	62	387993	0
45	28	11	21	387822	0
42	64	9	62	388047	0
41	33	18	42	387867	0
37	29	10	21	387984	0

32	29	2	21	387894	0
39	40	4	42	388038	0
55	149	21	166	388146	0

