DelayToEnqueue	DeltaEnqueue	QueueDelay	DeltaDequeue	FrameSize	Buffer	RemotePort	LocalPort
-625	0	4	0	421655	0	54059	48004
-601	116	5	117	418145	0	54059	48004
-448	219	4	218	414824	0	54059	48004
-308	7	4	7	420602	0	54058	48003
-334	6	5	7	419252	0	54057	48002
-321	81	4	80	416831	0	54056	48001
-342	46	3	45	412961	0	54055	48000
-298	77	4	78	411359	0	54055	48000

-47	318	1	315	407471	0	54059	48004
-7	6	2	7	409631	0	54055	48000
15	89	8	95	406049	0	54058	48003
-3	15	7	14	405518	0	54057	48002
-10	27	4	24	405473	0	54056	48001
-32	11	6	13	404969	0	54059	48004
1	66	7	67	405131	0	54058	48003
34	67	4	64	405833	0	54057	48002
74	73	2	71	406283	0	54056	48001
91	50	4	52	406877	0	54059	48004
38	147	8	151	411773	0	54055	48000
212	8	10	10	407426	0	54058	48003
253	75	2	67	408020	0	54057	48002
227	73	4	75	410909	0	54056	48001
357	64	4	64	409226	0	54058	48003
316	92	8	96	412286	0	54055	48000
425	9	7	8	410216	0	54057	48002
334	42	4	39	412790	0	54055	48000

364	63	10	69	413564	0	54055	48000
375	45	6	41	414140	0	54055	48000
410	68	8	70	414464	0	54055	48000
451	75	11	78	414932	0	54055	48000
484	67	9	65	415607	0	54055	48000
499	46	4	41	415796	0	54055	48000
519	54	9	59	416012	0	54055	48000
547	61	3	55	416561	0	54055	48000
534	90	3	90	417776	0	54059	48004
553	50	2	49	418028	0	54058	48003
587	67	6	71	418739	0	54057	48002
635	82	4	80	419612	0	54056	48001
622	120	7	123	420368	0	54056	48001
964	41	7	41	417263	0	54055	48000
971	40	5	38	417578	0	54055	48000

872	69	6	70	420116	0	54059	48004
888	49	8	51	419954	0	54058	48003
887	33	5	30	420305	0	54057	48002
800	79	5	79	420521	0	54056	48001
862	29	5	29	420224	0	54057	48002
992	63	8	66	420485	0	54059	48004
894	136	5	133	421088	0	54056	48001
1114	20	8	23	420557	0	54058	48003
995	47	4	43	420287	0	54057	48002
1108	47	3	46	420143	0	54059	48004
990	115	10	122	421358	0	54056	48001
1069	47	4	41	420998	0	54057	48002
1249	12	1	9	420719	0	54058	48003
1208	59	7	65	420683	0	54059	48004
1108	134	5	132	422132	0	54056	48001
1165	23	7	25	422042	0	54057	48002
1257	25	9	27	421430	0	54059	48004
1369	12	4	7	421178	0	54058	48003

1301	67	4	67	421655	0	54058	48003
1209	107	5	108	423122	0	54056	48001
1257	14	9	18	423050	0	54057	48002
1333	11	4	6	422186	0	54059	48004
1285	183	4	183	423752	0	54056	48001
1499	14	9	19	422519	0	54058	48003
1373	42	8	41	423248	0	54057	48002
1452	12	3	7	423176	0	54059	48004
1349	197	7	201	423320	0	54056	48001
1361	45	2	40	423437	0	54055	48000
1613	52	4	54	423860	0	54059	48004
1743	30	8	34	423455	0	54058	48003
1584	8	11	11	423707	0	54057	48002
1614	97	4	90	423995	0	54057	48002
1524	10	8	14	423410	0	54055	48000
1552	62	4	58	423347	0	54055	48000
1823	37	11	44	424148	0	54058	48003
1581	25	8	22	423257	0	54055	48000

1606	58	3	53	423068	0	54055	48000
1620	47	2	46	423086	0	54055	48000
1648	61	10	69	423149	0	54055	48000
1657	43	7	40	423428	0	54055	48000
1685	61	4	58	423500	0	54055	48000
1708	56	8	60	423437	0	54055	48000
1726	52	7	51	423554	0	54055	48000
1764	71	12	76	423572	0	54055	48000
1793	62	7	57	424283	0	54055	48000
1807	48	7	48	424391	0	54055	48000
1823	49	3	45	423977	0	54055	48000
1835	45	4	46	424247	0	54055	48000
1855	54	2	52	424715	0	54055	48000
1884	62	1	61	425192	0	54055	48000
1913	62	7	68	425651	0	54055	48000
1956	77	4	74	425354	0	54055	48000
1977	54	8	58	425237	0	54055	48000
1995	51	7	50	425210	0	54055	48000

2021	59	1	53	425093	0	54055	48000
2028	41	8	48	425255	0	54055	48000
2054	59	3	54	425372	0	54055	48000
2066	46	2	45	425120	0	54055	48000
2087	54	7	59	425039	0	54055	48000
2102	48	8	49	424733	0	54055	48000
2135	67	10	69	424544	0	54055	48000
2176	74	8	72	424679	0	54055	48000
2239	96	3	91	424409	0	54055	48000
2240	36	4	37	423770	0	54055	48000
2237	32	3	31	424058	0	54055	48000
2237	31	11	39	424031	0	54055	48000
2255	51	3	43	423689	0	54055	48000
2280	58	6	61	423815	0	54055	48000
2289	43	4	41	422825	0	54055	48000
2304	48	7	51	422852	0	54055	48000
2315	44	4	41	422780	0	54055	48000
2336	54	11	61	422645	0	54055	48000
2368	66	2	57	423410	0	54055	48000

2387	52	6	56	424121	0	54055	48000
2431	77	7	78	423995	0	54055	48000
2440	44	9	46	423662	0	54055	48000
2480	73	6	70	423869	0	54055	48000
2491	43	2	39	424058	0	54055	48000
2517	60	8	66	424958	0	54055	48000
2529	45	6	43	427334	0	54055	48000
2554	58	8	60	436100	0	54055	48000
2547	60	4	56	410801	0	54059	48004
2582	67	4	67	405590	0	54058	48003
2583	36	6	38	408200	0	54057	48002
2596	46	5	45	408425	0	54056	48001
2597	101	6	102	414770	0	54057	48002
2611	47	4	45	419009	0	54056	48001
2546	69	8	73	444506	0	54056	48001
2979	33	4	29	431510	0	54055	48000
2837	24	4	24	410378	0	54059	48004
2866	63	5	64	412664	0	54058	48003

2779	80	8	83	442058	0	54057	48002
2670	57	9	58	450860	0	54056	48001
2921	18	10	19	426236	0	54059	48004
2820	99	2	91	449690	0	54057	48002
2929	42	4	44	445424	0	54059	48004
3046	17	6	19	434651	0	54058	48003
2863	150	9	153	462029	0	54056	48001
2938	42	9	42	458627	0	54057	48002
3151	46	9	46	447269	0	54058	48003
3065	14	4	9	454514	0	54059	48004
2985	120	6	122	470435	0	54057	48002
3007	56	8	58	471794	0	54056	48001
3229	22	7	21	457115	0	54058	48003
3154	25	7	25	465269	0	54059	48004
3076	121	3	117	473351	0	54057	48002
3092	49	7	53	474044	0	54056	48001
3231	39	9	41	472127	0	54059	48004
3375	45	7	43	468383	0	54058	48003

3160	85	2	80	477158	0	54057	48002
3204	77	7	82	478085	0	54056	48001
3340	36	6	35	475925	0	54059	48004
3480	39	5	38	473531	0	54058	48003
3297	51	4	50	478400	0	54059	48004
3308	78	6	80	478022	0	54057	48002
3339	65	8	67	477356	0	54056	48001
3585	46	3	41	476510	0	54058	48003
3434	82	8	87	477437	0	54059	48004
3427	60	4	56	470696	0	54057	48002
3444	50	4	50	466331	0	54056	48001
3479	68	4	68	466835	0	54059	48004
3726	14	5	15	477815	0	54058	48003
3498	72	8	75	496958	0	54057	48002
3541	76	2	70	504923	0	54056	48001
3599	92	4	94	512600	0	54059	48004
3845	12	0	8	476222	0	54058	48003

3628	83	1	84	511079	0	54057	48002
3695	101	8	108	509981	0	54056	48001
3724	62	3	57	510881	0	54059	48004
3966	9	3	9	479453	0	54058	48003
3809	143	9	149	506570	0	54057	48002
3838	63	7	61	503006	0	54056	48001
3865	59	8	60	494321	0	54059	48004
4109	11	3	6	514841	0	54058	48003
3913	103	4	104	471227	0	54057	48002
3956	77	5	78	460157	0	54056	48001
4254	98	10	103	509666	0	54058	48003
4046	26	5	21	452426	0	54059	48004
4182	36	8	39	482774	0	54058	48003
4081	65	9	66	442787	0	54057	48002
4103	56	3	50	440132	0	54056	48001

4148	78	4	79	435704	0	54059	48004
4153	72	3	71	435677	0	54057	48002
4177	57	5	59	434165	0	54056	48001
4211	67	6	68	433058	0	54059	48004
4466	21	7	22	447665	0	54058	48003
4259	127	8	128	432077	0	54056	48001
4310	19	4	15	432194	0	54057	48002
4291	47	6	49	431411	0	54059	48004
4543	18	3	15	435587	0	54058	48003
4350	108	11	116	432194	0	54057	48002
4370	54	3	46	430700	0	54056	48001
4381	44	4	45	429755	0	54059	48004
4626	11	2	9	432788	0	54058	48003
4450	125	6	129	426020	0	54057	48002
4457	40	8	42	424895	0	54056	48001
4480	56	2	50	425579	0	54059	48004
4722	8	10	16	433409	0	54058	48003

4510	89	4	83	432770	0	54057	48002
4527	50	6	52	435263	0	54056	48001
4568	75	8	77	439844	0	54059	48004
4811	8	6	6	426686	0	54058	48003
4743	67	10	71	427784	0	54058	48003
4647	69	3	62	453524	0	54057	48002
4668	55	5	57	462038	0	54056	48001
4683	48	6	49	470651	0	54059	48004
4718	102	8	104	494717	0	54057	48002
4754	68	11	71	498011	0	54056	48001
4788	68	7	64	496256	0	54059	48004
5030	9	4	6	446027	0	54058	48003
4829	132	1	129	496085	0	54056	48001
5049	20	7	26	484673	0	54058	48003
4832	117	9	119	498425	0	54055	48000
4858	59	9	59	498695	0	54055	48000

5144	85	7	83	493853	0	54057	48002
5069	59	4	56	498299	0	54056	48001
5140	38	4	38	497813	0	54059	48004
5343	70	10	76	494339	0	54058	48003
5087	10	8	8	498911	0	54055	48000
5122	69	4	65	498380	0	54055	48000
5149	60	4	60	498443	0	54055	48000
5171	55	3	54	498398	0	54055	48000
5214	77	8	82	498497	0	54055	48000
5255	74	8	74	498236	0	54055	48000
5279	57	4	53	498047	0	54055	48000
5305	60	3	59	498092	0	54055	48000
5338	66	10	73	498128	0	54055	48000
5378	73	6	69	497858	0	54055	48000
5402	59	3	56	498173	0	54055	48000
5438	68	2	67	497840	0	54055	48000
5465	60	4	62	498569	0	54055	48000

5497	67	6	69	497948	0	54055	48000
5552	87	4	85	496760	0	54055	48000
5593	75	6	77	496814	0	54055	48000
5614	54	9	57	496229	0	54055	48000
5646	65	3	59	496589	0	54055	48000
5685	71	8	76	496958	0	54055	48000
5721	70	8	70	497579	0	54055	48000
5752	64	2	58	496346	0	54055	48000
5780	62	6	66	493493	0	54055	48000
5813	67	4	65	490406	0	54055	48000
5839	58	5	59	491270	0	54055	48000
5873	67	2	64	492620	0	54055	48000
5900	62	4	64	494591	0	54055	48000
5920	52	8	56	495167	0	54055	48000
5940	54	3	49	495896	0	54055	48000

5977	71	8	76	495500	0	54055	48000
6002	58	5	55	496463	0	54055	48000
6031	62	4	61	496472	0	54055	48000
6051	54	4	54	496373	0	54055	48000
6074	56	4	56	496508	0	54055	48000
6100	59	5	60	496319	0	54055	48000
6128	62	3	60	496616	0	54055	48000
6162	67	3	67	495527	0	54055	48000
6191	62	6	65	495815	0	54055	48000
6424	267	9	270	496526	0	54055	48000

6776	385	4	380	495392	0	54055	48000
6756	13	6	15	495482	0	54055	48000
6730	9	3	6	494402	0	54055	48000
6711	13	7	17	494366	0	54055	48000
6685	7	10	10	494024	0	54055	48000
6665	14	7	11	493466	0	54055	48000
6717	85	7	85	493538	0	54055	48000
6747	63	4	60	493124	0	54055	48000
6774	61	12	69	494375	0	54055	48000
6814	72	3	63	494510	0	54055	48000
6823	43	4	44	495176	0	54055	48000
6866	77	5	78	495203	0	54055	48000
6890	56	3	54	495014	0	54055	48000
6926	70	4	71	494969	0	54055	48000
6966	74	3	73	495104	0	54055	48000
6987	53	7	57	495347	0	54055	48000
7028	75	8	76	495437	0	54055	48000

7059	65	9	66	495482	0	54055	48000
7093	67	8	66	495797	0	54055	48000
7121	61	7	60	496481	0	54055	48000
7142	55	2	50	496553	0	54055	48000
7169	60	6	64	496643	0	54055	48000
7199	63	8	65	497120	0	54055	48000
7222	57	4	53	497291	0	54055	48000
7260	71	10	77	496598	0	54055	48000
7282	55	5	50	496130	0	54055	48000
7321	73	3	71	496472	0	54055	48000
7351	63	11	71	497426	0	54055	48000
7379	61	8	58	496760	0	54055	48000
7412	67	8	67	497246	0	54055	48000
7452	73	9	74	497912	0	54055	48000
7489	70	5	66	498173	0	54055	48000
7521	67	4	66	497723	0	54055	48000

7547	58	9	63	497021	0	54055	48000
7582	68	7	66	497228	0	54055	48000
7616	68	7	68	496589	0	54055	48000
7659	76	6	75	496589	0	54055	48000
7708	82	5	81	496292	0	54055	48000
7749	74	4	73	496040	0	54055	48000
7778	62	10	68	497048	0	54055	48000
7827	83	3	76	496679	0	54055	48000
7868	74	3	74	496895	0	54055	48000
7899	64	8	69	496598	0	54055	48000
7925	61	8	61	496832	0	54055	48000
7952	60	4	56	496670	0	54055	48000
7985	66	4	66	496481	0	54055	48000
8002	50	4	50	496337	0	54055	48000
8051	83	6	85	495266	0	54055	48000

8088	70	7	71	495446	0	54055	48000
8116	61	6	60	495410	0	54055	48000
8133	51	2	47	495491	0	54055	48000
8166	66	3	67	495230	0	54055	48000
8204	71	7	75	495275	0	54055	48000
8238	68	7	68	495068	0	54055	48000
8264	59	8	60	494726	0	54055	48000
8291	60	7	59	494780	0	54055	48000
8338	81	0	74	494789	0	54055	48000
8359	54	3	57	494339	0	54055	48000
8400	75	10	82	494672	0	54055	48000
8421	54	5	49	494177	0	54055	48000
8467	79	7	81	492206	0	54055	48000
8488	54	2	49	491018	0	54055	48000
8512	58	6	62	492053	0	54055	48000

8544	65	4	63	493403	0	54055	48000
8572	61	5	62	493610	0	54055	48000
8597	59	5	59	493997	0	54055	48000
8641	77	7	79	493061	0	54055	48000
8681	74	6	73	493205	0	54055	48000
8708	60	7	61	491810	0	54055	48000
8763	87	5	85	492035	0	54055	48000
8785	56	6	57	491846	0	54055	48000
8807	56	8	58	492827	0	54055	48000
8835	61	7	60	493457	0	54055	48000
8896	94	1	88	493403	0	54055	48000
8937	75	2	76	493304	0	54055	48000
8959	55	9	62	494906	0	54055	48000
8994	68	10	69	494762	0	54055	48000
9041	81	3	74	488849	0	54055	48000

9058	50	4	51	480794	0	54055	48000
9084	59	6	61	475475	0	54055	48000
9111	61	4	59	470948	0	54055	48000
9147	69	6	71	465035	0	54055	48000
9174	60	9	63	464306	0	54055	48000
9204	64	4	59	463982	0	54055	48000
9221	50	4	50	463730	0	54055	48000
9252	64	3	63	462830	0	54055	48000
9272	54	7	58	461804	0	54055	48000
9288	49	4	46	461876	0	54055	48000
9308	53	4	53	460229	0	54055	48000
9319	45	0	41	458609	0	54055	48000
9346	60	11	71	456665	0	54055	48000
9364	52	10	51	455954	0	54055	48000
9388	58	9	57	453398	0	54055	48000
9412	56	3	50	450671	0	54055	48000
9435	57	5	59	452714	0	54055	48000
9460	59	5	59	453425	0	54055	48000

9494	66	6	67	452255	0	54055	48000
9502	41	4	39	449105	0	54055	48000
9535	66	4	66	445577	0	54055	48000
9543	42	0	38	440852	0	54055	48000
9560	50	7	57	433562	0	54055	48000
9582	55	1	49	425741	0	54055	48000
9600	51	7	57	419945	0	54055	48000
9618	52	3	48	419270	0	54055	48000
9639	55	2	54	419621	0	54055	48000
9659	53	8	59	420314	0	54055	48000
9601	75	7	74	422717	0	54059	48004
9621	54	3	50	423419	0	54058	48003
9629	41	2	40	424445	0	54057	48002
9651	55	7	60	423662	0	54056	48001
9669	52	3	48	424463	0	54059	48004
9704	101	4	102	424553	0	54057	48002
9717	47	7	50	425138	0	54056	48001

9720	136	3	132	425444	0	54056	48001
10225	38	1	36	421178	0	54055	48000
10241	50	5	54	422096	0	54055	48000
9943	35	7	37	424922	0	54059	48004
10074	31	2	26	425093	0	54058	48003
9958	51	3	52	425129	0	54057	48002
9892	100	6	103	429017	0	54056	48001
10009	17	7	18	425678	0	54059	48004
10137	28	7	28	426155	0	54058	48003
10019	49	6	48	425183	0	54057	48002
9980	28	2	24	428315	0	54059	48004
10084	4	6	8	425462	0	54058	48003
9972	53	9	56	427262	0	54057	48002
9993	55	5	51	425480	0	54056	48001
10004	44	8	47	425588	0	54059	48004
10163	60	5	57	425147	0	54058	48003
10052	56	4	55	445118	0	54057	48002
10095	76	6	78	459707	0	54056	48001
10116	54	6	54	473504	0	54059	48004
10249	33	8	35	435218	0	54058	48003

10177	128	5	125	495077	0	54056	48001
10216	6	7	8	491873	0	54057	48002
10208	59	7	59	496193	0	54059	48004
10279	171	2	166	494834	0	54056	48001
10507	28	3	29	485015	0	54058	48003
10358	17	3	17	494114	0	54057	48002
10333	42	6	45	495284	0	54059	48004
10363	130	5	129	494816	0	54056	48001
10442	46	5	46	494888	0	54057	48002
10420	44	8	47	493781	0	54059	48004
10666	12	4	8	495275	0	54058	48003
10477	113	6	115	494195	0	54057	48002
10492	50	6	50	494087	0	54056	48001
10541	80	1	75	493952	0	54059	48004
10784	9	8	16	494915	0	54058	48003
10584	100	9	101	494357	0	54057	48002

10603	53	2	46	494060	0	54056	48001
10625	55	8	61	494321	0	54059	48004
10874	16	9	17	494240	0	54058	48003
10793	52	8	51	494186	0	54058	48003
10710	85	3	80	493619	0	54057	48002
10736	58	7	62	492881	0	54056	48001
10756	53	4	50	493070	0	54059	48004
10790	101	4	101	492134	0	54057	48002
10826	69	3	68	491801	0	54056	48001
10882	90	4	91	492575	0	54059	48004
11123	8	6	10	494312	0	54058	48003
10943	153	9	156	490937	0	54056	48001
11179	36	2	29	492557	0	54058	48003
11038	25	7	30	491036	0	54057	48002
11022	51	6	50	490208	0	54059	48004
11055	100	5	99	488435	0	54057	48002

11078	56	8	59	490694	0	54056	48001
11116	71	5	68	492683	0	54059	48004
11357	8	5	8	491855	0	54058	48003
11163	106	3	104	494384	0	54057	48002
11189	59	5	61	494366	0	54056	48001
11449	60	3	58	487562	0	54058	48003
11232	17	3	17	494348	0	54059	48004
11266	100	3	100	493889	0	54057	48002
11440	8	3	8	493880	0	54058	48003
11296	56	7	60	494294	0	54056	48001
11333	70	3	66	493421	0	54059	48004
11384	118	4	119	492521	0	54057	48002
11403	53	6	55	492170	0	54056	48001
11425	55	4	53	491549	0	54059	48004
11667	8	5	9	494006	0	54058	48003
11473	106	7	108	492197	0	54057	48002
11488	49	3	45	493205	0	54056	48001

11511	56	8	61	493403	0	54059	48004
11758	13	3	8	492440	0	54058	48003
11690	66	8	71	492665	0	54058	48003
11600	76	7	75	494015	0	54057	48002
11618	52	5	50	493691	0	54056	48001
11649	64	5	64	493331	0	54059	48004
11828	79	7	81	493448	0	54058	48003
11728	67	2	62	493232	0	54057	48002
11747	52	7	57	493565	0	54056	48001
11771	57	6	56	493709	0	54059	48004
11814	110	7	111	493268	0	54057	48002
11833	52	0	45	493808	0	54056	48001
11870	71	8	79	494618	0	54059	48004
12113	9	6	7	493871	0	54058	48003
11924	111	8	113	493637	0	54057	48002
11944	54	12	58	493313	0	54056	48001
12174	30	4	22	493628	0	54058	48003

11965	24	7	27	494771	0	54059	48004
12114	49	6	48	493385	0	54058	48003
12008	61	4	59	495005	0	54057	48002
12031	57	6	59	495662	0	54056	48001
12058	60	5	59	495725	0	54059	48004
12208	49	3	47	494690	0	54058	48003
12116	76	13	86	493493	0	54057	48002
12158	74	11	72	492044	0	54056	48001
12196	72	9	70	493286	0	54059	48004
12349	53	8	52	495266	0	54058	48003
12259	76	9	77	496391	0	54057	48002
12290	65	4	60	497147	0	54056	48001
12325	68	4	68	495581	0	54059	48004
12472	48	8	52	495068	0	54058	48003
12354	47	4	43	478283	0	54057	48002
12388	67	9	72	470741	0	54056	48001
12410	56	4	51	462641	0	54059	48004

12556	47	2	45	487157	0	54058	48003
12456	65	7	70	444236	0	54057	48002
12471	48	5	46	438467	0	54056	48001
12507	70	9	74	433517	0	54059	48004
12658	51	5	47	451454	0	54058	48003
12547	56	2	53	425345	0	54057	48002
12579	65	8	71	422519	0	54056	48001
12597	51	7	50	421673	0	54059	48004
12742	45	3	41	430142	0	54058	48003
12643	69	2	68	419558	0	54057	48002
12671	61	8	67	420044	0	54056	48001
12708	70	4	66	420530	0	54059	48004
12827	19	9	24	420638	0	54058	48003
12756	96	7	94	421295	0	54057	48002
12774	51	7	51	420809	0	54056	48001
12802	62	11	66	422474	0	54059	48004
12928	26	4	19	420638	0	54058	48003

12842	80	5	81	424094	0	54057	48002
12863	55	3	53	424436	0	54056	48001
12874	44	7	48	424247	0	54059	48004
13003	29	3	25	423770	0	54058	48003
12909	73	4	74	425048	0	54057	48002
12928	52	4	52	425633	0	54056	48001
12945	50	9	55	425129	0	54059	48004
13066	22	3	16	424913	0	54058	48003
12982	82	6	85	424391	0	54057	48002
13009	59	6	59	423905	0	54056	48001
13012	37	4	35	422717	0	54059	48004
13136	25	4	25	424229	0	54058	48003
13054	84	8	88	421907	0	54057	48002
13075	54	10	56	420359	0	54056	48001
13110	69	9	68	419855	0	54059	48004
13221	10	6	7	422186	0	54058	48003
13124	71	7	72	417884	0	54057	48002
13152	61	6	60	416615	0	54056	48001
13164	45	4	43	416030	0	54059	48004
13285	21	6	23	419270	0	54058	48003

13213	96	6	96	414626	0	54057	48002
13227	46	3	43	414437	0	54056	48001
13235	42	3	42	413906	0	54059	48004
13347	12	9	18	415526	0	54058	48003
13269	55	8	54	412898	0	54058	48003
13281	45	8	45	413042	0	54057	48002
13305	58	2	52	413060	0	54056	48001
13330	58	4	60	412655	0	54059	48004
13337	74	3	73	412925	0	54057	48002
13356	52	11	60	412817	0	54056	48001
13361	38	4	31	412574	0	54059	48004
13493	32	7	35	412313	0	54058	48003
13418	92	6	91	411440	0	54057	48002
13430	46	12	52	411926	0	54056	48001
13464	68	0	56	412016	0	54059	48004
13593	28	9	37	411791	0	54058	48003
13518	91	3	85	411944	0	54057	48002
13533	49	6	52	411890	0	54056	48001
13551	52	3	49	411962	0	54059	48004

13674	22	7	26	411512	0	54058	48003
13595	54	5	52	411152	0	54058	48003
13608	47	2	44	410297	0	54057	48002
13632	56	4	58	409739	0	54056	48001
13639	41	3	40	408326	0	54059	48004
13678	106	7	110	409568	0	54057	48002
13704	59	5	57	408830	0	54056	48001
13726	56	7	58	410522	0	54059	48004
13843	17	6	16	408641	0	54058	48003
13769	92	8	94	423986	0	54057	48002
13777	42	5	39	431285	0	54056	48001
13818	74	5	74	445028	0	54059	48004
13930	12	2	9	418667	0	54058	48003
13844	81	3	82	465179	0	54057	48002
13881	70	1	68	475124	0	54056	48001
13898	50	8	57	478850	0	54059	48004
14027	29	7	28	454676	0	54058	48003

13972	112	9	114	478688	0	54057	48002
13992	53	1	45	477086	0	54056	48001
14011	53	4	56	477032	0	54059	48004
14131	20	3	19	479714	0	54058	48003
14062	97	3	97	477392	0	54057	48002
14079	51	2	50	476375	0	54056	48001
14095	49	4	51	477284	0	54059	48004
14227	32	8	36	477698	0	54058	48003
14144	85	5	82	477104	0	54057	48002
14172	60	4	59	477176	0	54056	48001
14188	50	4	50	477464	0	54059	48004
14311	23	8	27	476852	0	54058	48003
14232	87	3	82	477941	0	54057	48002
14247	48	8	53	478202	0	54056	48001
14261	48	5	45	479012	0	54059	48004
14384	24	2	21	477869	0	54058	48003
14322	103	7	108	478715	0	54057	48002
14373	85	4	82	478643	0	54056	48001

14388	48	7	51	478616	0	54059	48004
14508	20	3	16	478409	0	54058	48003
14412	71	4	72	479021	0	54057	48002
14438	59	8	63	478967	0	54056	48001
14468	63	8	63	479255	0	54059	48004
14598	30	3	25	478778	0	54058	48003
14587	156	6	159	479885	0	54057	48002
14724	170	4	168	480290	0	54056	48001
14723	33	1	30	480290	0	54059	48004
14834	12	4	15	479651	0	54058	48003
14735	67	10	73	481640	0	54057	48002
14736	35	7	32	482837	0	54056	48001
14733	29	5	27	483053	0	54059	48004
14844	11	8	14	480596	0	54058	48003
14728	51	9	52	481244	0	54057	48002
14739	45	10	46	481595	0	54056	48001
14757	51	6	47	480965	0	54059	48004
14879	22	8	24	482171	0	54058	48003

14868	155	6	153	476816	0	54057	48002
14876	41	10	45	476645	0	54056	48001
14906	64	5	59	477194	0	54059	48004
15014	9	3	7	478355	0	54058	48003
14938	90	3	90	479111	0	54057	48002
14966	60	8	65	479147	0	54056	48001
15000	67	5	64	478310	0	54059	48004
15116	17	4	16	477356	0	54058	48003
15027	78	6	80	478643	0	54057	48002
15043	49	10	53	477986	0	54056	48001
15076	66	8	64	477815	0	54059	48004
15207	31	3	26	478040	0	54058	48003
15119	79	4	80	478697	0	54057	48002
15146	60	6	62	477905	0	54056	48001
15159	47	5	46	478292	0	54059	48004
15295	36	3	34	477653	0	54058	48003
15217	88	3	88	478274	0	54057	48002

15245	62	6	65	478094	0	54056	48001
15264	52	5	51	477923	0	54059	48004
15395	31	4	30	477905	0	54058	48003
15322	94	6	96	478292	0	54057	48002
15344	56	1	51	478004	0	54056	48001
15365	54	6	59	477653	0	54059	48004
15485	20	3	17	477626	0	54058	48003
15422	104	7	108	477608	0	54057	48002
15453	64	4	61	477536	0	54056	48001
15479	60	7	63	477365	0	54059	48004
15604	25	6	24	477797	0	54058	48003
15525	87	4	85	477167	0	54057	48002
15552	61	8	65	477932	0	54056	48001
15596	77	4	73	478634	0	54059	48004
15727	31	3	30	477608	0	54058	48003
15641	81	4	82	478643	0	54057	48002
15667	59	6	61	478148	0	54056	48001

15686	51	6	51	476609	0	54059	48004
15828	43	6	43	478598	0	54058	48003
15768	106	5	105	476852	0	54057	48002
14095	61	2	58	406013	0	54059	48004
14115	53	7	58	406526	0	54057	48002
14135	53	5	51	406247	0	54056	48001
14158	56	7	58	406715	0	54055	48000
14173	49	6	48	406247	0	54055	48000
16091	18	4	16	475376	0	54058	48003
14191	32	6	34	406544	0	54055	48000
14243	85	8	87	406877	0	54055	48000
14260	51	6	49	408326	0	54055	48000
14266	40	3	37	408047	0	54055	48000
14277	43	9	49	408956	0	54055	48000
14289	47	4	42	407903	0	54055	48000
14302	46	8	50	408479	0	54055	48000
14342	73	4	69	408650	0	54055	48000
14343	34	2	32	409253	0	54055	48000
14356	47	5	50	409712	0	54055	48000

14385	62	3	60	409586	0	54055	48000
14391	40	2	39	409550	0	54055	48000
14421	63	6	67	409181	0	54055	48000
14431	43	3	40	409640	0	54055	48000
14460	63	1	61	409892	0	54055	48000
14480	53	6	58	410153	0	54055	48000
14503	56	3	53	410297	0	54055	48000
14532	63	1	61	410180	0	54055	48000
14549	50	8	57	408920	0	54055	48000
14558	42	3	37	407768	0	54055	48000
14575	51	7	55	408695	0	54055	48000
14564	55	8	56	411170	0	54055	48000
14574	44	7	43	409892	0	54055	48000
14593	53	3	49	409928	0	54055	48000
14612	51	7	55	411395	0	54055	48000
14632	55	2	50	420773	0	54055	48000
14652	52	3	53	429314	0	54055	48000
14667	48	6	51	438278	0	54055	48000
14687	57	3	54	454586	0	54055	48000

14722	64	7	68	462416	0	54055	48000
14735	47	3	43	472577	0	54055	48000
14723	55	7	59	484736	0	54055	48000
14749	59	7	59	487751	0	54055	48000
14771	56	7	56	488246	0	54055	48000
14773	68	6	67	490199	0	54055	48000
14805	66	10	70	492665	0	54055	48000
14843	71	3	64	494582	0	54055	48000
14861	51	1	49	496049	0	54055	48000
14886	59	1	59	498164	0	54055	48000
14918	65	6	70	498659	0	54055	48000
14950	65	4	63	499937	0	54055	48000
14980	64	3	63	500495	0	54055	48000
14996	49	3	49	501422	0	54055	48000
15049	87	4	88	501377	0	54055	48000
15063	47	5	48	502088	0	54055	48000
15102	73	6	74	502601	0	54055	48000

15171	135	7	136	502421	0	54055	48000
15567	429	4	426	501647	0	54055	48000
15477	10	4	10	501602	0	54055	48000
15460	16	6	18	500594	0	54055	48000
15436	11	3	8	500756	0	54055	48000
15412	8	4	9	500954	0	54055	48000
15393	14	5	15	500738	0	54055	48000
15349	23	8	26	501620	0	54055	48000
15389	73	9	74	502088	0	54055	48000
15418	63	3	57	501467	0	54055	48000
15445	60	6	63	502016	0	54055	48000
15480	68	5	67	500909	0	54055	48000
15511	65	7	67	497588	0	54055	48000

15565	87	8	88	494114	0	54055	48000
15572	74	9	75	497183	0	54055	48000
15611	72	5	68	498029	0	54055	48000
15625	47	6	48	498695	0	54055	48000
15654	63	4	61	499874	0	54055	48000
15682	62	8	66	499271	0	54055	48000
15685	69	8	69	498038	0	54055	48000
15731	79	6	77	498344	0	54055	48000
15761	64	5	63	497687	0	54055	48000
15793	66	6	67	496076	0	54055	48000
15822	62	1	57	494654	0	54055	48000
15847	57	7	63	493835	0	54055	48000
15875	62	8	63	492809	0	54055	48000
15901	59	7	58	492800	0	54055	48000
15930	62	6	61	493106	0	54055	48000

15953	57	9	60	494015	0	54055	48000
15990	70	6	67	492953	0	54055	48000
16019	62	5	61	493196	0	54055	48000
16037	53	1	49	493457	0	54055	48000
16061	56	5	60	493592	0	54055	48000
16080	52	4	51	495257	0	54055	48000
16103	56	6	58	495509	0	54055	48000
16175	105	5	104	497174	0	54055	48000
16176	35	5	35	498857	0	54055	48000
16262	119	6	120	500702	0	54055	48000
16280	52	1	47	504779	0	54055	48000
16310	63	4	66	506993	0	54055	48000
16319	76	3	75	514328	0	54055	48000
16365	79	5	81	517901	0	54055	48000
16333	68	1	64	529277	0	54055	48000

16357	58	5	62	532958	0	54055	48000
16399	75	5	75	536981	0	54055	48000
16438	72	3	70	539105	0	54055	48000
16466	62	6	65	542048	0	54055	48000
16462	62	3	59	546611	0	54055	48000
16456	61	6	64	549950	0	54055	48000
16492	69	9	72	552956	0	54055	48000
16494	70	4	65	555917	0	54055	48000
16535	74	10	80	556772	0	54055	48000
16575	74	4	68	558203	0	54055	48000
16589	80	5	81	560957	0	54055	48000
16640	85	8	88	562316	0	54055	48000
16696	88	0	80	564548	0	54055	48000
16703	40	7	47	566429	0	54055	48000
16712	76	6	75	569354	0	54055	48000

16750	71	1	66	571343	0	54055	48000
16795	79	9	87	574430	0	54055	48000
16824	62	1	54	577517	0	54055	48000
16877	87	8	94	580568	0	54055	48000
16936	92	7	91	585590	0	54055	48000
16986	84	6	83	590999	0	54055	48000
17030	76	4	74	595220	0	54055	48000
17061	65	4	65	599414	0	54055	48000
17107	80	3	79	604175	0	54055	48000
17154	80	3	80	608126	0	54055	48000
17190	70	4	71	611033	0	54055	48000
17241	85	2	83	614570	0	54055	48000
17283	74	2	74	617162	0	54055	48000

17334	85	7	90	618845	0	54055	48000
17382	81	8	82	621527	0	54055	48000
17431	82	5	79	622868	0	54055	48000
17459	62	5	62	624191	0	54055	48000
17523	97	2	94	625307	0	54055	48000
17568	78	5	81	625514	0	54055	48000
17618	84	7	86	625892	0	54055	48000
17670	85	4	82	626216	0	54055	48000
17728	91	8	95	625451	0	54055	48000
17764	70	5	67	626297	0	54055	48000
17837	106	8	109	624992	0	54055	48000
17871	67	7	66	622058	0	54055	48000

17924	87	5	85	617585	0	54055	48000
17973	81	4	80	613364	0	54055	48000
18011	71	7	74	612680	0	54055	48000
18041	64	4	61	612374	0	54055	48000
18076	68	2	66	612374	0	54055	48000
18115	72	3	73	609701	0	54055	48000
18162	81	6	84	600350	0	54055	48000
18219	90	7	91	584483	0	54055	48000
18270	84	11	88	570416	0	54055	48000
18303	67	1	57	554342	0	54055	48000
18328	58	4	61	536333	0	54055	48000
18358	63	7	66	525902	0	54055	48000
18391	67	4	64	519161	0	54055	48000
18419	61	6	63	509909	0	54055	48000

18456	70	11	75	504464	0	54055	48000
18485	63	3	55	504095	0	54055	48000
18522	70	10	77	504482	0	54055	48000
18542	54	3	47	504932	0	54055	48000
18591	82	3	82	505652	0	54055	48000
18619	61	3	61	507110	0	54055	48000
18650	64	4	65	507227	0	54055	48000
18675	59	4	59	507704	0	54055	48000
18696	54	5	55	508496	0	54055	48000
18748	85	7	87	509783	0	54055	48000
18771	57	5	55	510719	0	54055	48000
18808	70	7	72	511565	0	54055	48000
18818	44	4	41	512276	0	54055	48000
18842	57	4	57	512915	0	54055	48000
18878	69	8	73	514076	0	54055	48000

18915	71	7	70	514076	0	54055	48000
18944	95	8	96	516551	0	54055	48000
18932	55	6	53	517190	0	54055	48000
18952	53	4	51	518585	0	54055	48000
18980	61	7	64	519260	0	54055	48000
18989	76	8	77	521537	0	54055	48000
19025	69	2	63	520880	0	54055	48000
19052	61	3	62	522176	0	54055	48000
19054	68	7	72	538772	0	54055	48000
19079	59	2	54	544901	0	54055	48000
19117	71	2	71	561488	0	54055	48000
19175	91	7	96	573854	0	54055	48000
19211	71	2	66	581279	0	54055	48000
19255	77	6	81	588029	0	54055	48000
19282	60	1	55	593663	0	54055	48000

19322	74	4	77	595661	0	54055	48000
19360	71	1	68	596714	0	54055	48000
19417	90	5	94	594608	0	54055	48000
19445	62	11	68	593816	0	54055	48000
19480	68	4	61	593285	0	54055	48000
19532	85	7	88	593645	0	54055	48000
19563	65	6	64	593123	0	54055	48000
19583	86	4	84	591737	0	54055	48000
19616	67	5	68	590432	0	54055	48000
19653	70	2	67	589262	0	54055	48000
19720	100	4	102	589001	0	54055	48000
19767	81	8	85	588515	0	54055	48000
19829	95	8	95	587210	0	54055	48000

19883	86	6	84	587408	0	54055	48000
19922	73	6	73	586103	0	54055	48000
19970	81	6	81	585500	0	54055	48000
20028	91	5	90	585941	0	54055	48000
20055	61	2	58	585383	0	54055	48000
20097	75	8	81	586139	0	54055	48000
20141	77	3	72	585428	0	54055	48000
20191	85	6	88	583331	0	54055	48000
20248	89	3	86	580280	0	54055	48000
20297	82	3	82	576905	0	54055	48000
20325	62	4	63	577085	0	54055	48000
20352	60	7	63	579515	0	54055	48000
20398	80	9	82	579929	0	54055	48000

20437	73	4	68	580334	0	54055	48000
20502	97	7	100	579083	0	54055	48000
20499	65	7	65	577040	0	54055	48000
20544	77	4	74	575852	0	54055	48000
20547	71	11	78	573557	0	54055	48000
20579	65	7	61	573224	0	54055	48000
20626	80	4	77	572882	0	54055	48000
20660	68	7	71	571802	0	54055	48000
20710	83	4	80	570758	0	54055	48000
20749	72	9	77	571181	0	54055	48000
20787	72	6	69	571181	0	54055	48000
20840	86	3	83	571001	0	54055	48000
20886	79	12	88	571190	0	54055	48000

20913	61	4	53	571370	0	54055	48000
20954	73	5	74	572351	0	54055	48000
20996	75	4	74	573476	0	54055	48000
21037	75	6	77	574745	0	54055	48000
21065	61	4	59	575771	0	54055	48000
21127	95	3	94	577643	0	54055	48000
21160	67	5	69	578147	0	54055	48000
21178	52	6	53	578696	0	54055	48000
21218	72	9	75	580199	0	54055	48000
21250	66	8	65	580928	0	54055	48000
21297	80	4	76	582773	0	54055	48000
21331	68	2	66	583547	0	54055	48000
21370	73	7	78	584933	0	54055	48000
21403	66	6	65	586211	0	54055	48000
21433	63	5	62	587849	0	54055	48000

21466	67	6	68	590378	0	54055	48000
21496	63	3	60	593249	0	54055	48000
21549	86	7	90	596957	0	54055	48000
21587	72	4	69	599468	0	54055	48000
21591	70	7	73	605651	0	54055	48000
21626	69	3	65	606938	0	54055	48000
21669	76	7	80	608153	0	54055	48000
21669	67	7	67	606785	0	54055	48000
21699	63	3	59	603266	0	54055	48000
21746	80	2	79	599927	0	54055	48000
21778	66	6	70	597047	0	54055	48000
21814	69	3	66	595769	0	54055	48000
21852	71	4	72	593357	0	54055	48000
21888	69	4	69	592835	0	54055	48000

21934	79	8	83	590171	0	54055	48000
21949	82	5	79	586472	0	54055	48000
21984	68	5	68	584429	0	54055	48000
22029	79	4	78	584249	0	54055	48000
22044	81	6	83	582287	0	54055	48000
22093	82	10	86	581729	0	54055	48000
17230	138	9	137	700610	0	54059	48004
17284	88	4	83	707540	0	54058	48003
17340	89	7	92	718925	0	54057	48002
17376	103	6	102	732227	0	54056	48001
17375	99	6	99	720950	0	54059	48004

17466	157	4	155	689081	0	54057	48002
17521	89	6	91	663881	0	54056	48001
22856	35	4	33	582125	0	54055	48000
22893	70	7	73	582989	0	54055	48000
22929	69	7	69	583745	0	54055	48000
17707	45	8	46	652748	0	54059	48004
17838	31	7	30	709079	0	54058	48003
17793	222	3	218	664295	0	54056	48001
17891	65	9	71	670820	0	54057	48002
17885	60	4	55	667913	0	54059	48004
18033	15	4	15	660767	0	54058	48003

18076	209	4	209	661100	0	54058	48003
18081	72	7	75	648248	0	54057	48002
18135	87	9	89	643523	0	54056	48001
18191	89	4	84	640544	0	54059	48004
18230	140	6	142	632885	0	54057	48002
18282	84	2	80	629609	0	54056	48001
18308	60	4	62	628070	0	54059	48004
18419	11	7	14	634325	0	54058	48003
18367	148	7	148	615695	0	54057	48002
18391	58	4	55	608954	0	54056	48001
18437	79	8	83	603869	0	54059	48004
18548	11	4	7	622598	0	54058	48003
18412	63	8	67	575969	0	54058	48003
18437	59	3	54	570695	0	54057	48002

18473	69	2	68	570668	0	54056	48001
18512	72	4	74	573818	0	54059	48004
18559	81	1	78	569444	0	54058	48003
18593	68	6	73	564512	0	54057	48002
18608	81	6	81	552965	0	54056	48001
18622	48	4	46	541661	0	54059	48004
18650	61	5	62	532571	0	54058	48003
18683	66	7	68	548663	0	54057	48002
18713	64	3	60	580181	0	54056	48001
18753	73	3	73	582215	0	54059	48004
18794	74	7	78	583601	0	54058	48003
18826	66	6	65	582278	0	54057	48002
18840	79	5	78	579047	0	54056	48001
18835	62	3	60	577337	0	54059	48004

18875	73	5	75	578174	0	54058	48003
18907	67	3	65	578939	0	54057	48002
18951	76	1	74	578939	0	54056	48001
18985	67	4	70	577391	0	54059	48004
18985	67	6	69	574772	0	54058	48003
19010	59	5	58	572846	0	54057	48002
19043	66	10	71	569759	0	54056	48001
19060	84	4	78	560030	0	54059	48004
19089	62	7	65	556511	0	54058	48003
19119	64	4	61	553847	0	54057	48002
19158	71	7	74	552992	0	54056	48001
19180	56	4	53	551588	0	54059	48004
19160	80	5	81	549383	0	54058	48003
19178	52	5	52	556493	0	54057	48002
19181	70	8	73	574025	0	54056	48001

19238	90	8	90	580766	0	54059	48004
19272	67	8	67	585959	0	54058	48003
19257	85	10	87	596435	0	54057	48002
19295	72	11	73	596048	0	54056	48001
19353	90	3	82	595823	0	54059	48004
19355	69	3	69	591539	0	54058	48003
19360	72	3	72	590963	0	54057	48002
19271	78	4	79	631679	0	54056	48001
19314	75	2	73	553262	0	54059	48004
19280	67	3	68	611843	0	54058	48003
19289	76	5	78	615380	0	54057	48002
19334	78	4	77	616910	0	54056	48001
19367	67	4	67	615110	0	54059	48004

19459	159	5	160	614156	0	54057	48002
19436	43	3	41	613004	0	54056	48001
19533	130	3	130	614093	0	54059	48004
19764	98	8	103	614219	0	54058	48003
19612	48	2	42	613193	0	54057	48002
19622	43	8	49	610799	0	54056	48001
19718	130	2	124	612770	0	54059	48004
19883	65	3	66	613517	0	54058	48003
19776	59	6	62	617675	0	54057	48002
19775	32	4	30	617090	0	54056	48001
19879	137	8	141	615335	0	54059	48004
19799	53	4	49	608864	0	54056	48001
19857	26	5	27	609215	0	54057	48002

19813	55	7	57	610754	0	54059	48004
20162	50	6	49	616352	0	54058	48003
19803	141	9	144	610628	0	54056	48001
19882	45	6	42	609746	0	54057	48002
19767	53	5	52	601619	0	54059	48004
20338	69	3	67	614291	0	54058	48003
19880	143	4	144	587489	0	54056	48001
19930	17	4	17	592448	0	54057	48002
19904	74	11	81	581468	0	54059	48004
20428	57	7	53	609674	0	54058	48003
20018	124	6	123	581432	0	54057	48002
20054	102	5	101	578975	0	54056	48001
19980	59	4	58	577679	0	54059	48004
20431	52	1	49	597218	0	54058	48003

20097	131	6	136	574034	0	54057	48002
20029	66	6	66	577274	0	54056	48001
20005	76	4	74	576572	0	54059	48004
20576	38	9	43	580280	0	54058	48003
20080	103	7	101	577481	0	54057	48002
20082	69	4	66	580451	0	54056	48001
20017	69	4	69	591350	0	54059	48004
20578	27	4	27	576842	0	54058	48003
20046	102	5	103	590909	0	54057	48002
20086	74	9	78	589748	0	54056	48001
20117	64	9	64	587903	0	54059	48004
20563	45	5	41	576761	0	54058	48003
20211	116	7	118	587777	0	54057	48002

20245	67	8	68	586742	0	54056	48001
20217	72	2	66	589064	0	54059	48004
20539	22	5	25	591989	0	54058	48003
20294	121	4	120	589226	0	54057	48002
20311	83	1	80	588542	0	54056	48001
20339	62	4	65	588452	0	54059	48004
20695	23	7	26	588452	0	54058	48003
20418	122	5	120	587444	0	54057	48002
20463	80	6	81	588029	0	54056	48001
20488	58	8	60	588137	0	54059	48004
20811	55	2	49	588497	0	54058	48003
20585	142	1	141	590612	0	54057	48002
20621	69	4	72	590198	0	54056	48001

20653	66	5	67	589145	0	54059	48004
20978	57	7	59	588308	0	54058	48003
20669	125	3	121	585545	0	54057	48002
20708	73	3	73	584870	0	54056	48001
20717	75	8	80	584222	0	54059	48004
21105	22	9	23	589343	0	54058	48003
20806	134	4	129	583655	0	54057	48002
20832	59	2	57	582845	0	54056	48001
20872	74	4	76	583160	0	54059	48004
21172	33	6	35	585401	0	54058	48003
20897	124	7	125	581837	0	54057	48002
20926	62	3	58	581162	0	54056	48001
20961	69	6	72	580199	0	54059	48004
21277	17	4	15	583475	0	54058	48003

21732	821	4	821	578525	0	54057	48002
21690	25	9	30	586832	0	54059	48004
21971	15	2	8	583349	0	54058	48003
21796	58	8	64	580946	0	54056	48001
21577	13	4	9	597452	0	54056	48001
21891	15	8	19	578327	0	54058	48003
21684	28	4	24	598847	0	54058	48003
21673	21	3	20	598406	0	54057	48002
21630	22	4	23	598523	0	54059	48004
21462	33	8	37	598685	0	54059	48004

21773	145	8	145	598577	0	54058	48003
21745	172	3	167	599243	0	54058	48003
21891	12	5	14	601385	0	54057	48002
21748	157	3	155	594788	0	54059	48004
21681	66	7	70	553289	0	54059	48004
22095	48	2	43	600422	0	54056	48001
21904	9	3	10	598487	0	54056	48001
21782	12	8	17	568670	0	54056	48001
21676	26	3	21	531977	0	54056	48001
21971	96	3	96	585095	0	54058	48003
22213	108	10	115	598649	0	54057	48002
21934	87	1	78	529394	0	54059	48004
22042	8	3	10	544802	0	54058	48003
21823	48	8	53	528494	0	54056	48001

21817	60	5	57	527603	0	54059	48004
22020	37	9	41	529178	0	54058	48003
22380	94	8	93	577220	0	54057	48002
21854	107	5	104	523166	0	54056	48001
21856	68	7	70	521735	0	54059	48004
22019	30	9	32	525011	0	54058	48003
21915	63	7	61	522023	0	54058	48003
22534	18	6	17	537017	0	54057	48002
22010	144	8	146	520808	0	54056	48001
21947	70	9	71	519476	0	54059	48004
22646	65	3	59	528602	0	54057	48002
21933	54	0	51	518270	0	54058	48003
22407	7	2	9	523940	0	54057	48002
21957	83	8	89	518657	0	54056	48001
21849	59	4	55	519377	0	54059	48004
21840	58	9	63	519602	0	54058	48003

21804	64	3	58	521033	0	54056	48001
21889	118	9	124	520925	0	54059	48004
22677	56	5	52	520943	0	54057	48002
21878	101	5	101	523580	0	54056	48001
22530	84	2	81	517955	0	54057	48002
22050	20	6	24	523202	0	54058	48003
21873	57	8	59	523679	0	54056	48001
22027	21	4	17	523616	0	54059	48004
22068	107	6	109	524309	0	54058	48003
21991	24	4	22	523724	0	54059	48004
22486	60	4	60	520223	0	54057	48002
22027	108	4	108	524480	0	54056	48001
21929	69	2	67	526766	0	54059	48004
22480	18	8	24	523103	0	54057	48002
21878	64	4	60	527387	0	54056	48001
22320	43	3	42	523679	0	54058	48003

21936	48	5	50	527333	0	54059	48004
22143	74	6	75	525416	0	54058	48003
22588	45	4	43	523652	0	54057	48002
21985	97	8	101	528728	0	54056	48001
22111	159	3	154	528251	0	54059	48004
22738	27	6	30	523850	0	54057	48002
22069	65	6	65	529259	0	54056	48001
22110	75	5	74	530006	0	54059	48004
22391	13	6	14	528530	0	54058	48003
22324	67	1	62	528305	0	54058	48003
22694	70	8	77	526388	0	54057	48002
22159	66	3	61	528998	0	54056	48001
22063	69	4	70	530933	0	54059	48004
22392	29	3	28	529133	0	54058	48003
22697	39	9	45	528647	0	54057	48002

22103	72	5	68	529916	0	54056	48001
22103	67	4	66	527333	0	54059	48004
22313	77	2	75	530501	0	54058	48003
22810	63	6	67	528296	0	54057	48002
22193	83	7	84	521114	0	54056	48001
22215	56	2	51	520763	0	54059	48004
22386	38	1	37	525020	0	54058	48003
22833	47	3	49	528494	0	54057	48002
22258	58	7	62	524462	0	54056	48001
22279	54	5	52	522995	0	54059	48004
22461	82	7	84	520205	0	54058	48003
22810	49	6	48	530294	0	54057	48002
22363	86	4	84	523274	0	54056	48001
22397	69	4	69	527576	0	54059	48004
22557	25	6	27	522806	0	54058	48003
22893	70	9	73	523787	0	54057	48002
22427	68	8	67	565259	0	54056	48001

22450	90	8	90	577283	0	54059	48004
22674	56	5	53	534272	0	54058	48003
22996	55	6	56	524255	0	54057	48002
22379	83	6	83	605606	0	54056	48001
22441	129	9	132	598190	0	54059	48004
22647	40	4	35	602852	0	54058	48003
23197	83	6	85	521078	0	54057	48002
22552	121	6	121	578795	0	54056	48001
22565	47	4	45	575420	0	54059	48004
22747	82	3	81	587102	0	54058	48003
23324	43	2	42	550994	0	54057	48002
22660	71	2	71	573161	0	54056	48001

22747	120	5	123	572054	0	54059	48004
22881	33	7	35	573269	0	54058	48003
22749	136	4	133	568994	0	54056	48001
23446	97	3	96	606425	0	54057	48002
22793	13	8	18	566942	0	54059	48004
23050	57	7	56	571730	0	54058	48003

23497	747	5	745	569462	0	54056	48001
23446	16	8	19	572963	0	54059	48004
23590	11	5	8	567590	0	54058	48003
24069	11	8	14	582881	0	54057	48002
23280	11	6	9	588857	0	54059	48004
23452	6	11	11	574295	0	54058	48003
23967	15	4	8	573143	0	54057	48002
23862	29	4	29	571118	0	54057	48002
23441	12	11	19	580352	0	54056	48001
23297	22	6	17	589325	0	54058	48003
23716	53	4	51	568643	0	54057	48002
18212	62	4	62	373673	0	54059	48004
18232	86	1	83	374429	0	54058	48003
18263	164	6	169	375581	0	54055	48000
18169	7	6	7	375041	0	54055	48000
23885	17	8	19	576752	0	54057	48002
18161	75	8	75	374600	0	54055	48000
18187	59	8	59	375905	0	54055	48000
18399	244	9	245	375113	0	54055	48000

18458	94	11	96	375581	0	54055	48000
18445	53	3	45	375374	0	54055	48000
18494	83	1	81	374699	0	54055	48000
18415	54	4	57	373988	0	54055	48000
18450	68	4	68	373943	0	54055	48000
18292	42	7	45	371324	0	54055	48000
18204	45	2	40	371459	0	54055	48000
24491	21	5	24	589118	0	54057	48002
18222	30	8	33	371819	0	54055	48000
18235	46	2	40	372242	0	54055	48000
18179	44	8	50	372692	0	54055	48000
18203	91	8	91	372386	0	54055	48000
18221	52	7	51	372341	0	54055	48000
18207	86	4	83	372971	0	54055	48000
18237	64	0	60	373241	0	54055	48000
18274	103	6	109	373232	0	54055	48000

19735	60	8	62	374537	0	54056	48001
18283	16	7	15	373367	0	54055	48000
18205	59	3	55	373835	0	54055	48000
18223	48	7	52	373988	0	54055	48000
18302	112	3	108	373853	0	54055	48000
18105	69	0	66	373304	0	54055	48000
18169	98	2	100	372449	0	54055	48000
18205	102	1	101	372314	0	54055	48000
18223	52	5	56	371621	0	54055	48000
18212	88	11	94	371972	0	54055	48000
18133	55	4	48	371756	0	54055	48000
18166	67	1	64	371162	0	54055	48000
18190	57	7	63	371945	0	54055	48000
18188	65	8	66	371567	0	54055	48000
18236	81	7	80	371612	0	54055	48000

18217	48	1	42	370991	0	54055	48000
18228	44	10	53	371072	0	54055	48000
18246	51	2	43	370460	0	54055	48000
18203	57	8	63	368507	0	54055	48000
18225	56	3	51	369137	0	54055	48000
18221	62	8	67	368642	0	54055	48000
18224	37	6	35	368327	0	54055	48000
18211	53	4	51	368273	0	54055	48000
18161	50	2	48	368210	0	54055	48000
18169	42	7	47	368021	0	54055	48000
18154	50	7	50	369542	0	54055	48000
18168	49	9	51	369623	0	54055	48000
18075	40	6	37	371369	0	54055	48000
18051	43	6	43	375815	0	54055	48000
18075	57	6	57	375680	0	54055	48000
18053	45	3	42	376319	0	54055	48000
17838	51	9	57	381710	0	54055	48000
17802	64	3	58	385535	0	54055	48000
17829	60	8	65	384905	0	54055	48000

17878	83	1	76	381701	0	54055	48000
17857	46	2	47	375797	0	54055	48000
17809	52	5	55	366347	0	54055	48000
17789	46	9	50	361937	0	54055	48000
17806	50	3	44	360893	0	54055	48000
17723	51	7	55	352523	0	54055	48000
17749	59	7	59	349166	0	54055	48000
17690	41	4	38	341273	0	54055	48000
17698	42	3	41	339230	0	54055	48000
17710	45	7	49	337970	0	54055	48000
17664	54	2	49	336728	0	54055	48000
17600	36	0	34	336962	0	54055	48000
17557	57	7	64	337844	0	54055	48000
17494	36	4	33	338384	0	54055	48000
17512	51	4	51	338375	0	54055	48000
17453	41	2	39	340148	0	54055	48000
17485	99	6	103	340913	0	54055	48000
17530	112	9	115	341651	0	54055	48000

17522	59	10	60	342488	0	54055	48000
17399	44	2	36	344396	0	54055	48000
17433	67	8	73	344603	0	54055	48000
17391	58	4	54	344819	0	54055	48000
17381	57	3	56	345422	0	54055	48000
17366	52	4	53	345584	0	54055	48000
17352	52	9	57	345584	0	54055	48000
17359	41	8	40	345395	0	54055	48000
17378	52	7	51	345431	0	54055	48000
17360	48	7	48	345377	0	54055	48000
17385	58	7	58	345539	0	54055	48000
17365	47	9	49	345539	0	54055	48000
17394	62	4	57	345503	0	54055	48000
17363	36	9	41	345710	0	54055	48000
17303	40	3	34	345602	0	54055	48000
17316	46	1	44	345944	0	54055	48000
17285	37	2	38	345935	0	54055	48000
17239	54	8	60	345719	0	54055	48000
17139	33	10	35	345431	0	54055	48000
17045	39	7	36	345341	0	54055	48000
17053	42	3	38	345422	0	54055	48000
17059	39	5	41	345494	0	54055	48000

17070	44	5	44	345683	0	54055	48000
17021	50	6	51	345539	0	54055	48000
16861	40	4	38	345287	0	54055	48000
16801	40	6	42	346043	0	54055	48000
16805	39	9	42	345530	0	54055	48000
16818	45	7	43	345647	0	54055	48000
16795	45	3	41	345440	0	54055	48000
16772	43	7	47	345791	0	54055	48000
16739	34	4	31	345809	0	54055	48000
16752	46	6	48	346079	0	54055	48000
16718	33	4	31	346196	0	54055	48000
16701	50	4	50	346313	0	54055	48000
16713	45	4	45	345962	0	54055	48000
16718	38	2	36	346151	0	54055	48000
16657	39	10	47	346097	0	54055	48000
16667	43	8	41	346016	0	54055	48000
16645	44	3	39	346214	0	54055	48000
16660	49	7	53	346097	0	54055	48000
16604	44	1	38	346349	0	54055	48000
16628	57	4	60	346277	0	54055	48000
16615	54	1	51	346322	0	54055	48000
16620	39	5	43	346448	0	54055	48000

16656	68	2	65	346133	0	54055	48000
16633	45	7	50	346160	0	54055	48000
16500	34	9	36	346079	0	54055	48000
16483	49	2	42	346106	0	54055	48000
16477	28	4	30	345944	0	54055	48000
16490	46	8	50	346061	0	54055	48000
16495	38	6	36	346142	0	54055	48000
16505	44	8	46	345926	0	54055	48000
16510	38	4	34	345971	0	54055	48000
16413	36	1	33	345989	0	54055	48000
16438	58	8	65	345773	0	54055	48000
16378	41	6	39	346106	0	54055	48000
16397	51	4	49	345728	0	54055	48000
16347	54	9	59	345647	0	54055	48000
16321	38	4	33	345674	0	54055	48000
16307	51	3	50	345386	0	54055	48000
16320	47	2	46	345494	0	54055	48000
16289	36	6	40	345206	0	54055	48000
16266	44	3	41	345278	0	54055	48000
16242	43	8	48	343910	0	54055	48000
16247	38	4	34	344270	0	54055	48000
16229	49	4	49	342182	0	54055	48000
16180	51	8	55	339761	0	54055	48000

16192	45	2	39	339221	0	54055	48000
16196	37	12	47	339050	0	54055	48000
16200	38	11	37	338564	0	54055	48000
16216	49	3	41	338420	0	54055	48000
16222	39	3	39	338654	0	54055	48000
16245	56	7	60	338681	0	54055	48000
16253	42	6	41	338753	0	54055	48000
16255	34	3	31	338627	0	54055	48000
16266	45	11	53	338204	0	54055	48000
16242	43	2	34	337205	0	54055	48000
16189	47	3	48	342749	0	54055	48000
16200	45	6	48	344927	0	54055	48000
16207	40	2	36	346754	0	54055	48000
16207	33	1	32	350471	0	54055	48000
16148	41	4	44	360317	0	54055	48000
16095	47	9	52	362837	0	54055	48000
16098	37	3	31	362756	0	54055	48000
16115	83	4	84	361910	0	54055	48000
16104	56	7	59	361055	0	54055	48000
16046	42	2	37	359822	0	54055	48000
15754	40	3	41	360128	0	54055	48000
15755	35	4	36	361802	0	54055	48000

15772	51	10	57	362432	0	54055	48000
15684	44	3	37	360335	0	54055	48000
15701	52	7	56	361172	0	54055	48000
15673	38	3	34	360848	0	54055	48000
15697	58	6	61	360857	0	54055	48000
15709	45	9	48	361298	0	54055	48000
15723	47	10	48	360380	0	54055	48000
15729	40	3	33	359831	0	54055	48000
15660	31	7	35	360668	0	54055	48000
15676	49	2	44	360740	0	54055	48000
15700	57	2	57	360938	0	54055	48000
15676	43	1	42	360830	0	54055	48000
15686	77	4	80	360794	0	54055	48000
15689	35	8	39	360956	0	54055	48000
15723	67	7	66	360668	0	54055	48000
15606	50	2	45	359777	0	54055	48000
15520	47	6	51	359786	0	54055	48000
15526	41	6	41	359840	0	54055	48000
15470	44	1	39	356501	0	54055	48000
15483	46	10	55	353558	0	54055	48000
15488	38	5	33	349085	0	54055	48000
15495	41	6	42	341588	0	54055	48000

15468	39	3	36	325226	0	54055	48000
15475	41	1	39	316334	0	54055	48000
15484	42	8	49	310646	0	54055	48000
15496	45	6	43	308954	0	54055	48000
15478	49	8	51	309098	0	54055	48000
15501	56	10	58	308531	0	54055	48000
15503	36	1	27	309440	0	54055	48000
15504	34	6	39	309728	0	54055	48000
15531	60	3	57	310151	0	54055	48000
15495	31	6	34	310340	0	54055	48000
15500	37	4	35	310178	0	54055	48000
15441	41	8	45	309899	0	54055	48000
15445	38	8	38	309899	0	54055	48000
15448	36	5	33	309404	0	54055	48000
15469	54	7	56	309188	0	54055	48000
15435	33	7	33	309062	0	54055	48000
15439	37	8	38	310178	0	54055	48000
15450	46	4	42	310313	0	54055	48000
15422	38	6	40	309854	0	54055	48000
15435	47	5	46	310052	0	54055	48000
15433	30	10	35	309809	0	54055	48000
15444	45	9	44	309890	0	54055	48000
15311	34	2	27	310682	0	54055	48000
15319	41	7	46	310691	0	54055	48000

15284	65	2	60	309836	0	54055	48000
15213	29	6	33	313562	0	54055	48000
15241	62	6	62	315893	0	54055	48000
15172	30	4	28	328115	0	54055	48000
15180	41	6	43	333452	0	54055	48000
15183	36	6	36	340940	0	54055	48000
15191	43	4	41	346529	0	54055	48000
15195	36	7	39	351173	0	54055	48000
15164	36	2	31	355817	0	54055	48000
15166	35	10	43	355376	0	54055	48000
15201	68	5	63	355268	0	54055	48000
15130	30	6	31	356717	0	54055	48000
15158	62	2	58	356123	0	54055	48000
15197	105	8	111	356996	0	54055	48000
14986	23	10	25	357851	0	54055	48000
15006	53	3	46	357752	0	54055	48000
14976	37	7	41	358427	0	54055	48000
14983	40	4	37	358274	0	54055	48000
15002	52	10	58	358445	0	54055	48000
14911	42	10	42	356114	0	54055	48000
14920	42	10	42	356771	0	54055	48000
14841	55	3	48	357365	0	54055	48000

14744	37	2	36	361370	0	54055	48000
14721	42	2	42	360533	0	54055	48000
14734	48	7	53	359831	0	54055	48000
14768	67	3	63	358805	0	54055	48000
14775	40	4	41	358778	0	54055	48000
14732	57	9	62	357491	0	54055	48000
14709	44	4	39	356609	0	54055	48000
14723	47	6	49	355799	0	54055	48000
14732	43	7	44	355286	0	54055	48000
14748	49	5	47	354746	0	54055	48000
14746	31	5	31	354719	0	54055	48000
14689	43	8	46	354332	0	54055	48000
14695	40	3	35	354404	0	54055	48000
14679	49	1	47	355385	0	54055	48000
14586	41	8	48	355790	0	54055	48000
14594	41	8	41	356051	0	54055	48000
14476	49	1	42	356069	0	54055	48000
14489	46	6	51	355835	0	54055	48000
11707	52	4	50	353756	0	54059	48004
11495	55	2	53	353477	0	54058	48003
10636	40	3	41	353630	0	54059	48004
10606	38	1	36	354071	0	54058	48003

10463	57	4	60	354098	0	54059	48004
14634	37	7	40	355286	0	54055	48000
9924	56	0	49	354053	0	54059	48004
10322	31	10	41	353810	0	54058	48003
9487	66	12	68	354620	0	54059	48004
9981	28	8	24	354008	0	54058	48003
9300	51	5	48	354413	0	54059	48004
14885	53	2	50	355250	0	54055	48000
8572	52	3	53	353783	0	54059	48004
9650	13	4	14	354557	0	54058	48003
9315	65	8	69	353486	0	54058	48003
8382	100	6	98	354377	0	54058	48003
15076	28	5	27	354665	0	54055	48000
15120	77	9	81	354611	0	54055	48000
11818	30	5	26	353792	0	54057	48002
11646	28	7	30	354296	1	54056	48001
15080	2	11	6	353279	0	54055	48000
15081	34	7	30	353702	0	54055	48000
8353	72	7	72	354764	0	54059	48004
8377	57	4	54	355367	0	54058	48003
11516	6	8	10	353873	0	54057	48002
11409	26	5	23	353198	0	54056	48001

11051	75	1	71	353756	0	54056	48001
8130	45	6	50	355025	0	54059	48004
8001	39	3	36	355187	0	54058	48003
11231	29	9	35	354305	0	54057	48002
10492	29	2	22	354305	0	54056	48001
10237	44	5	47	354377	0	54056	48001
7730	60	4	59	355475	0	54059	48004
7732	36	5	37	355241	0	54058	48003
10952	20	3	18	353576	0	54057	48002
9867	15	4	16	354278	0	54056	48001
9035	34	4	34	353720	0	54056	48001
7630	95	7	98	354719	0	54059	48004
7171	41	3	37	354323	0	54058	48003
8777	5	6	8	354242	0	54056	48001
8185	43	4	41	354773	0	54056	48001
10672	52	6	54	354269	0	54057	48002
7899	28	5	27	354512	0	54056	48001
7161	62	6	63	354134	0	54056	48001
6742	47	8	49	353945	0	54059	48004
6748	39	7	38	354449	0	54058	48003
10401	21	7	21	354215	0	54057	48002
6607	73	8	74	354188	0	54056	48001
6517	43	8	43	354557	0	54059	48004
6449	32	5	29	354179	0	54058	48003
9698	16	2	13	354512	0	54057	48002

6214	82	8	88	354755	0	54056	48001
6198	50	8	50	354269	0	54059	48004
5706	42	8	42	353999	0	54058	48003
9454	15	2	9	354800	0	54057	48002
5726	72	6	76	354629	0	54056	48001
5727	34	3	31	353765	0	54059	48004
5697	37	10	44	354521	0	54058	48003
8977	13	4	7	354845	0	54057	48002
5616	73	10	79	354188	0	54056	48001
5222	38	4	32	353639	0	54059	48004
4946	58	5	59	353774	0	54058	48003
8796	16	4	15	354809	0	54057	48002
4833	71	10	77	353783	0	54056	48001
4862	63	7	60	354008	0	54059	48004
4670	41	4	38	354053	0	54058	48003
8253	16	3	15	354683	0	54057	48002
4545	91	8	96	353072	0	54056	48001
4563	57	4	53	353756	0	54059	48004
4471	36	5	37	354026	0	54058	48003
7654	17	7	19	354368	0	54057	48002
3989	69	9	71	354413	0	54056	48001

3659	36	9	36	354566	0	54059	48004
3643	51	6	48	354953	0	54058	48003
7453	10	2	6	354044	0	54057	48002
3215	94	4	96	355025	0	54056	48001
2859	45	2	43	361649	0	54059	48004
2767	42	5	45	360191	0	54058	48003
2289	55	4	54	370244	0	54059	48004
1692	35	10	41	310079	0	54058	48003
6894	37	9	36	354260	0	54057	48002
538	44	4	39	381818	0	54055	48000
1547	8	4	8	321887	0	54056	48001
-478	76	4	76	367445	0	54059	48004
-240	38	7	41	379460	0	54055	48000
6853	26	6	25	354224	0	54057	48002
-238	42	4	40	377435	0	54055	48000
6066	38	7	41	354368	0	54057	48002
5539	38	4	35	353810	0	54057	48002
5061	57	4	57	353189	0	54057	48002
3947	52	4	52	354728	0	54057	48002
-691	96	8	100	334946	0	54059	48004
-681	110	5	107	330797	0	54059	48004

-697	317	4	316	324749	0	54059	48004
-675	155	11	162	324353	0	54059	48004
-717	158	0	147	323399	0	54059	48004
-692	191	4	195	323381	0	54059	48004

-687	339	6	341	323048	0	54059	48004
-691	62	9	65	321887	0	54059	48004
-696	528	8	527	321176	0	54059	48004
-660	236	4	232	325802	0	54059	48004

-677	118	5	119	339194	0	54059	48004
-664	213	5	213	366221	0	54059	48004
-656	41	5	41	365105	0	54058	48003
-661	62	1	58	361559	0	54059	48004
-703	58	4	61	365789	0	54059	48004
-679	256	4	256	361595	0	54059	48004
-702	110	2	108	360650	0	54059	48004

-679	224	7	229	359714	0	54059	48004
-713	200	5	198	359912	0	54059	48004
-687	59	6	60	360263	0	54059	48004
-640	350	6	350	361991	0	54059	48004
-678	58	4	56	359381	0	54059	48004
-700	78	5	79	358400	0	54059	48004
-712	188	9	192	359147	0	54059	48004

-656	124	1	116	358427	0	54059	48004
-649	40	6	45	358337	0	54058	48003
-674	442	7	443	363548	0	54059	48004
-679	61	5	59	363125	0	54059	48004
-656	57	4	56	362936	0	54058	48003
-647	75	4	75	363305	0	54059	48004
-681	65	4	65	363197	0	54059	48004

-718	198	4	198	363926	0	54059	48004
-670	214	4	214	364376	0	54059	48004
-682	521	5	522	366068	0	54059	48004

-664	519	7	521	366635	0	54059	48004
-680	117	1	111	367175	0	54059	48004
-675	105	7	111	367472	0	54059	48004
-656	52	5	50	366860	0	54058	48003
-633	57	3	55	366284	0	54059	48004
-711	354	5	356	337511	0	54059	48004

-664	81	4	80	336746	0	54059	48004
-692	105	5	106	325064	0	54059	48004
-709	150	5	150	318224	0	54059	48004
-701	108	7	110	315569	0	54059	48004
-697	238	4	235	313814	0	54059	48004
-674	55	4	55	314435	0	54059	48004
-688	53	5	54	314930	0	54059	48004
-721	100	4	99	315587	0	54059	48004
-691	63	8	67	316334	0	54059	48004

-714	512	5	509	315974	0	54059	48004
-676	104	5	104	315731	0	54059	48004
-686	57	3	55	315209	0	54059	48004
-717	101	11	109	315956	0	54059	48004

-696	322	6	317	314498	0	54059	48004
-652	77	4	75	313094	0	54059	48004
-687	166	4	166	313940	0	54059	48004
-712	208	8	212	325127	0	54059	48004
-676	168	5	165	361064	0	54059	48004
-673	104	8	107	377975	0	54059	48004
-663	176	5	173	378281	0	54059	48004

-669	228	12	235	376193	0	54059	48004
-667	302	5	295	376895	0	54059	48004

-675	659	9	663	377192	0	54059	48004
-701	107	4	102	378794	0	54059	48004
-691	110	3	109	376670	0	54059	48004
-659	66	2	65	377525	0	54059	48004
-690	70	6	74	377426	0	54059	48004
-700	55	4	53	377309	0	54059	48004
-665	201	4	201	377993	0	54059	48004
-664	302	9	307	378047	0	54059	48004

-694	70	3	64	377255	0	54059	48004
-661	66	4	67	377165	0	54059	48004
-699	62	8	66	377030	0	54059	48004
-673	226	3	221	376472	0	54059	48004
-709	64	8	69	377381	0	54059	48004
-702	173	0	165	376841	0	54059	48004

-693	410	5	415	379433	0	54059	48004
-665	61	5	61	379442	0	54059	48004
-691	74	6	75	378344	0	54059	48004
-696	162	13	169	374105	0	54059	48004
-674	89	7	83	375986	0	54059	48004
-667	73	4	70	376589	0	54059	48004
-702	265	4	265	373025	0	54059	48004
-696	106	9	111	351155	0	54059	48004
-717	113	5	109	326036	0	54059	48004

-679	70	7	72	321086	0	54059	48004
-652	61	5	59	316289	0	54059	48004
-647	39	4	38	313454	0	54058	48003
-619	61	1	58	312914	0	54059	48004
-652	34	8	41	313751	0	54058	48003
-681	71	5	68	315137	0	54059	48004
-666	115	4	114	315857	0	54059	48004
-670	28	4	28	315497	0	54058	48003
-651	86	5	87	314894	0	54059	48004
-653	65	4	64	315713	0	54059	48004

-720	499	4	499	320645	0	54059	48004
-685	102	6	104	320708	0	54059	48004
-697	122	4	120	321122	0	54059	48004
-669	60	11	67	320807	0	54059	48004
-677	60	5	54	320726	0	54059	48004
-681	29	4	28	321122	0	54058	48003
-678	103	4	103	321392	0	54059	48004
-677	35	7	38	321239	0	54058	48003
-665	112	4	109	321626	0	54059	48004
-647	51	2	49	321950	0	54058	48003
-690	156	5	159	321977	0	54059	48004

-675	115	7	117	322769	0	54059	48004
-664	44	5	42	322463	0	54058	48003
-639	59	5	59	321734	0	54059	48004
-673	167	3	165	322499	0	54059	48004
-677	29	7	33	322274	0	54058	48003
-662	48	4	45	322283	0	54059	48004
-651	45	4	45	322211	0	54058	48003
-658	126	9	131	322220	0	54059	48004
-669	56	4	51	322166	0	54059	48004
-683	218	4	218	321671	0	54059	48004
-668	115	4	115	322094	0	54059	48004

-699	102	4	102	322328	0	54059	48004
-666	67	4	67	322094	0	54059	48004
-692	108	3	107	321986	0	54059	48004
-704	54	6	57	322040	0	54059	48004
-700	71	8	73	322157	0	54059	48004
-679	121	4	117	322553	0	54059	48004
-686	60	6	62	322310	0	54059	48004
-684	102	8	104	321977	0	54059	48004
-722	194	7	193	322499	0	54059	48004
-689	67	7	67	322580	0	54059	48004
-670	52	2	47	322310	0	54059	48004

-704	66	4	68	321293	0	54059	48004
-722	49	4	49	320879	0	54059	48004
-716	207	9	212	319682	0	54059	48004
-704	245	5	241	319988	0	54059	48004
-690	47	9	51	328178	0	54059	48004
-689	68	5	64	347087	0	54059	48004
-705	217	2	214	381089	0	54059	48004
-685	54	5	57	381692	0	54059	48004
-690	60	7	62	380000	0	54059	48004

-651	74	8	75	379217	0	54059	48004
-637	46	5	43	379910	0	54058	48003
-670	68	3	66	379379	0	54059	48004
-660	43	3	43	380090	0	54058	48003
-663	64	4	65	380261	0	54059	48004
-660	170	4	170	379298	0	54059	48004
-655	71	4	71	379037	0	54059	48004
-650	39	6	41	379046	0	54058	48003
-677	73	5	72	378839	0	54059	48004
-644	66	3	64	378632	0	54059	48004
-610	66	5	68	378659	0	54058	48003
-580	64	6	65	378605	0	54059	48004
-678	103	4	101	377336	0	54059	48004
-680	63	3	62	379298	0	54059	48004

-711	104	5	106	377453	0	54059	48004
-668	76	5	76	378776	0	54059	48004
-688	113	5	113	378992	0	54059	48004
-669	119	2	116	379442	0	54059	48004
-713	56	7	61	379379	0	54059	48004
-665	215	7	215	379298	0	54059	48004
-670	61	1	55	378524	0	54059	48004
-662	41	6	46	378614	0	54058	48003
-637	59	4	57	378767	0	54059	48004
-669	67	5	68	379298	0	54059	48004
-686	118	3	116	378812	0	54059	48004

-651	67	2	66	378074	0	54059	48004
-647	38	10	46	378362	0	54058	48003
-603	78	11	79	379181	0	54059	48004
-669	34	5	28	379649	0	54058	48003
-626	76	2	73	379640	0	54059	48004
-641	52	0	50	379217	0	54058	48003
-601	73	5	78	378812	0	54059	48004
-622	46	5	46	380603	0	54058	48003
-587	69	6	70	380837	0	54059	48004
-679	106	8	108	382403	0	54059	48004
-654	125	9	126	383735	0	54059	48004
-710	111	6	108	338195	0	54059	48004
-696	114	8	116	319277	0	54059	48004

-720	110	4	106	314156	0	54059	48004
-683	104	7	107	314417	0	54059	48004
-678	38	2	33	314129	0	54058	48003
-651	60	5	63	314165	0	54059	48004
-692	59	4	58	313949	0	54059	48004
-684	108	6	110	313553	0	54059	48004
-677	41	5	40	313733	0	54058	48003
-684	125	7	127	312023	0	54059	48004
-664	53	4	50	312473	0	54059	48004
-665	67	4	67	312608	0	54059	48004

-40690	374	4	374	312860	0	54059	48004
-40707	117	4	117	313688	0	54059	48004
-40677	64	7	67	313850	0	54059	48004
-40682	28	8	29	314525	0	54058	48003
-40658	57	5	54	314129	0	54059	48004
-40651	41	6	42	314534	0	54058	48003
-40628	56	7	57	314237	0	54057	48002
-643	52	6	51	314426	0	54059	48004
-640	36	5	35	314309	0	54058	48003
-716	56	5	56	315632	0	54059	48004
-692	58	4	57	315461	0	54059	48004
-669	57	1	54	316181	0	54059	48004
-655	46	8	53	315911	0	54058	48003
-654	68	6	66	315929	0	54059	48004
-595	92	10	96	314759	0	54058	48003

-604	58	4	52	315605	0	54059	48004
-688	116	9	121	315785	0	54059	48004
-685	71	3	65	315767	0	54059	48004
-681	204	4	205	315002	0	54059	48004
-711	103	4	103	314741	0	54059	48004
-670	73	2	71	315047	0	54059	48004
-668	36	8	42	314732	0	54058	48003
-645	56	5	53	315578	0	54059	48004
-695	50	4	49	315299	0	54059	48004
-661	167	4	167	315389	0	54059	48004
-663	32	4	32	315533	0	54058	48003
-715	49	4	49	314822	0	54059	48004

-709	339	4	339	315245	0	54059	48004
-693	215	6	217	310322	0	54059	48004
-659	167	8	169	310493	0	54059	48004
-693	167	8	167	311384	0	54059	48004
-698	61	7	60	311231	0	54059	48004
-682	50	4	47	311204	0	54059	48004
-686	30	3	29	310574	0	54058	48003

-701	151	10	158	310637	0	54059	48004
-685	50	10	50	311753	0	54059	48004
-683	35	7	32	311150	0	54058	48003
-706	110	6	109	312023	0	54059	48004
-684	56	7	57	311627	0	54059	48004
-690	259	4	256	312032	0	54059	48004
-727	98	5	99	311618	0	54059	48004
-691	69	0	64	312131	0	54059	48004
-711	46	4	50	311690	0	54059	48004
-681	63	6	65	311546	0	54059	48004
-694	54	0	48	311501	0	54059	48004

-669	58	4	62	311960	0	54059	48004
-707	62	5	63	312113	0	54059	48004
-695	212	4	211	313868	0	54059	48004
-698	65	4	65	313868	0	54059	48004
-669	61	7	64	313247	0	54059	48004
-675	27	4	24	313211	0	54058	48003
-705	171	4	171	311960	0	54059	48004
-715	57	4	57	311321	0	54059	48004
-723	59	5	60	311204	0	54059	48004
-700	222	4	221	310835	0	54059	48004

-676	57	4	57	310907	0	54059	48004
-671	72	5	73	310925	0	54059	48004
-676	62	4	61	311735	0	54059	48004
-671	71	5	72	312320	0	54059	48004
-665	39	9	43	312230	0	54058	48003
-681	118	5	114	313283	0	54059	48004
-692	156	4	155	313904	0	54059	48004
-658	135	5	136	314192	0	54059	48004
-703	54	4	53	314327	0	54059	48004
-682	121	6	123	313985	0	54059	48004
-665	51	8	53	314273	0	54059	48004
-691	106	5	103	314858	0	54059	48004

-701	158	4	157	314309	0	54059	48004
-662	71	5	72	314291	0	54059	48004
-654	75	4	74	314687	0	54059	48004
-713	108	4	108	314759	0	54059	48004
-679	68	3	67	314426	0	54059	48004
-668	44	4	45	314219	0	54058	48003
-639	62	4	62	314327	0	54059	48004
-672	34	6	36	314192	0	54058	48003
-678	61	5	60	324020	0	54059	48004
-670	41	4	40	332282	0	54058	48003
-684	52	6	54	359624	0	54059	48004
-694	56	4	54	368084	0	54059	48004

-695	266	4	266	371738	0	54059	48004
-643	86	7	89	372449	0	54059	48004
-642	35	7	35	372656	0	54058	48003
-692	216	3	212	370883	0	54059	48004
-663	63	6	66	370559	0	54059	48004
-666	130	2	126	369479	0	54059	48004
-651	48	4	50	370604	0	54058	48003
-622	95	0	91	370784	0	54059	48004
-672	51	4	55	367004	0	54059	48004
-652	52	3	51	367796	0	54058	48003
-610	76	3	76	366815	0	54059	48004
-593	50	6	53	368534	0	54058	48003

-580	46	6	46	368435	0	54057	48002
-558	56	4	54	368300	0	54059	48004
-677	182	6	184	371288	0	54059	48004
-695	115	5	114	368003	0	54059	48004
-698	64	1	60	369245	0	54059	48004
-690	74	4	77	369605	0	54059	48004
-719	105	4	105	368660	0	54059	48004
-680	71	4	71	368534	0	54059	48004
-646	67	3	66	368480	0	54059	48004
-644	36	7	40	368570	0	54058	48003
-650	60	4	57	368273	0	54059	48004
-666	118	9	123	367148	0	54059	48004

-651	49	4	44	368309	0	54058	48003
-614	69	4	69	367607	0	54059	48004
-602	46	7	49	367256	0	54058	48003
-590	45	6	44	367517	0	54057	48002
-632	58	1	53	367508	0	54059	48004
-635	31	2	32	366374	0	54058	48003
-707	62	3	63	367364	0	54059	48004
-669	71	0	68	367868	0	54059	48004
-667	35	5	40	367274	0	54058	48003
-705	62	4	61	368021	0	54059	48004
-688	117	3	116	367112	0	54059	48004
-679	108	12	117	366734	0	54059	48004
-672	74	4	66	367634	0	54059	48004
-635	71	6	73	368354	0	54059	48004
-655	46	1	41	367013	0	54058	48003
-642	80	0	79	366761	0	54059	48004

-640	36	6	42	365771	0	54058	48003
-591	82	1	77	366527	0	54059	48004
-692	66	7	72	365699	0	54059	48004
-656	69	4	66	365645	0	54059	48004
-694	62	7	65	365519	0	54059	48004
-644	84	6	83	365861	0	54059	48004
-641	69	1	64	365312	0	54059	48004
-635	40	5	44	365429	0	54058	48003
-633	68	5	68	365627	0	54059	48004
-599	68	1	64	365384	0	54058	48003
-606	31	7	37	365213	0	54057	48002
-572	61	6	60	365177	0	54059	48004
-636	36	6	36	365087	0	54058	48003
-633	37	7	38	365447	0	54057	48002
-645	54	3	50	365177	0	54059	48004
-635	44	7	48	366014	0	54058	48003
-618	51	4	48	365141	0	54057	48002
-605	46	3	45	364970	0	54059	48004

-690	115	4	116	368075	0	54059	48004
-699	58	5	59	369659	0	54059	48004
-656	76	4	75	369326	0	54059	48004
-680	110	0	106	369029	0	54059	48004
-690	56	5	61	370532	0	54059	48004
-660	64	5	64	368570	0	54059	48004
-657	36	3	34	369119	0	54058	48003
-698	59	6	62	369920	0	54059	48004
-658	72	6	72	371054	0	54059	48004
-657	36	5	35	371801	0	54058	48003
-691	65	7	67	366896	0	54059	48004
-673	218	6	217	327773	0	54059	48004

-674	65	2	61	318044	0	54059	48004
-672	37	4	39	314210	0	54058	48003
-647	57	5	58	313580	0	54059	48004
-679	102	2	99	310169	0	54059	48004
-698	148	11	157	310277	0	54059	48004
-678	53	4	46	309872	0	54059	48004
-661	216	4	216	307289	0	54059	48004
-654	41	5	42	307640	0	54058	48003
-694	60	3	58	305615	0	54059	48004
-684	144	4	145	306290	0	54059	48004
-700	50	4	50	307334	0	54059	48004
-675	59	7	62	307802	0	54059	48004

-714	61	4	58	309395	0	54059	48004
-703	144	4	144	309710	0	54059	48004
-698	72	6	74	310493	0	54059	48004
-679	119	8	121	309872	0	54059	48004
-647	65	4	61	310286	0	54059	48004
-713	100	8	104	310367	0	54059	48004
-687	59	6	57	310484	0	54059	48004
-697	57	9	60	310871	0	54059	48004
-699	165	8	164	311159	0	54059	48004
-713	52	5	49	311888	0	54059	48004
-669	112	8	115	312356	0	54059	48004

-654	47	4	43	312041	0	54058	48003
-620	69	7	72	312419	0	54059	48004
-614	38	7	38	312194	0	54058	48003
-612	37	4	34	312590	0	54057	48002
-596	49	3	48	312275	0	54059	48004
-654	42	5	44	312347	0	54058	48003
-661	59	4	58	312482	0	54059	48004
-663	65	7	68	313112	0	54059	48004
-666	30	4	27	312617	0	54058	48003
-630	70	2	68	313184	0	54059	48004
-632	31	9	38	312725	0	54058	48003
-627	37	4	32	312473	0	54057	48002
-600	61	7	64	313400	0	54059	48004
-629	37	3	33	313499	0	54058	48003
-628	35	5	37	312959	0	54057	48002
-637	58	5	58	313220	0	54059	48004
-676	60	4	59	313481	0	54059	48004
-679	31	5	32	314174	0	54058	48003
-650	63	7	65	313661	0	54059	48004
-632	51	9	53	313463	0	54058	48003
-630	35	4	30	312527	0	54057	48002

-636	60	1	57	313643	0	54059	48004
-615	56	8	63	313319	0	54058	48003
-615	33	5	30	313859	0	54057	48002
-655	60	6	61	314948	0	54059	48004
-684	71	5	70	346259	0	54059	48004
-709	207	6	208	402239	0	54059	48004
-700	109	7	110	402536	0	54059	48004
-675	60	6	59	395660	0	54059	48004
-698	109	3	106	371495	0	54059	48004
-658	73	6	76	368183	0	54059	48004
-652	40	5	39	366842	0	54058	48003
-624	61	8	64	364970	0	54059	48004
-652	40	4	36	364403	0	54058	48003

-690	62	6	64	363413	0	54059	48004
-666	57	5	56	361469	0	54059	48004
-657	76	6	77	359579	0	54059	48004
-652	71	2	67	360020	0	54059	48004
-645	41	8	47	361055	0	54058	48003
-647	64	5	61	360425	0	54059	48004
-636	45	4	44	360614	0	54058	48003
-588	81	3	80	361460	0	54059	48004
-661	59	5	61	359579	0	54059	48004
-685	76	4	75	358823	0	54059	48004
-668	118	4	118	359264	0	54059	48004
-664	37	6	39	359597	0	54058	48003
-637	60	11	65	361091	0	54059	48004
-613	57	4	50	361298	0	54058	48003
-626	55	3	54	361451	0	54059	48004
-610	49	3	49	361217	0	54058	48003

-605	39	3	39	362000	0	54057	48002
-582	56	6	59	361640	0	54059	48004
-596	52	3	49	361325	0	54058	48003
-593	36	4	37	361343	0	54057	48002
-556	71	6	73	361217	0	54059	48004
-569	54	6	54	361388	0	54058	48003
-597	72	4	70	361325	0	54059	48004
-593	37	7	40	361613	0	54058	48003
-577	83	5	81	361595	0	54056	48001
-530	14	7	16	360983	0	54057	48002
-601	61	2	56	362333	0	54059	48004
-656	78	10	86	362648	0	54059	48004
-648	42	5	37	362351	0	54058	48003
-618	63	5	63	362450	0	54059	48004
-643	42	6	43	359786	0	54058	48003
-664	113	7	114	359642	0	54059	48004
-651	46	4	43	358607	0	54058	48003
-622	63	0	59	358436	0	54059	48004

-613	42	8	50	357383	0	54058	48003
-619	61	2	55	358562	0	54059	48004
-610	42	8	48	358841	0	54058	48003
-627	83	4	79	360137	0	54059	48004
-615	45	10	51	360497	0	54058	48003
-611	38	5	33	360461	0	54057	48002
-625	52	4	51	359633	0	54059	48004
-650	74	6	76	358823	0	54059	48004
-650	34	4	32	358337	0	54058	48003
-616	67	8	71	357986	0	54059	48004
-681	69	8	69	360560	0	54059	48004
-659	55	4	51	361550	0	54059	48004
-664	61	8	65	361568	0	54059	48004
-658	40	1	33	361721	0	54058	48003
-624	67	8	74	361892	0	54059	48004
-621	36	2	30	361514	0	54058	48003
-631	58	1	57	362549	0	54059	48004
-660	38	6	43	362666	0	54058	48003

-632	61	8	63	362279	0	54059	48004
-691	108	8	108	358247	0	54059	48004
-663	61	5	58	359453	0	54059	48004
-651	79	6	80	358616	0	54059	48004
-659	58	6	58	361190	0	54059	48004
-646	47	8	49	358202	0	54058	48003
-600	79	3	74	355718	0	54059	48004
-592	40	2	39	341372	0	54058	48003
-591	35	4	37	334046	0	54057	48002
-636	55	10	61	338150	0	54059	48004
-662	174	9	173	307442	0	54059	48004
-646	49	5	45	306542	0	54058	48003
-648	65	2	62	305651	0	54059	48004
-679	36	8	42	305264	0	54058	48003
-651	62	7	61	304337	0	54059	48004
-649	35	6	34	304175	0	54058	48003

-650	32	6	32	304274	0	54057	48002
-705	145	3	142	304724	0	54059	48004
-680	59	5	61	304715	0	54059	48004
-691	55	5	55	304778	0	54059	48004
-665	60	4	59	305030	0	54059	48004
-672	58	3	57	305345	0	54059	48004
-671	35	10	42	305255	0	54058	48003
-667	70	4	64	305732	0	54059	48004
-672	29	11	36	306749	0	54058	48003
-687	55	7	51	306884	0	54059	48004
-678	39	4	36	307136	0	54058	48003
-651	60	2	58	307010	0	54059	48004
-642	42	4	44	307064	0	54058	48003
-648	61	5	62	306875	0	54059	48004
-646	35	4	34	307397	0	54058	48003
-641	39	8	43	306794	0	54057	48002
-618	56	8	56	307946	0	54059	48004
-618	34	7	33	308216	0	54058	48003
-619	33	7	33	308900	0	54057	48002

-677	42	8	43	308846	0	54059	48004
-718	59	8	59	306632	0	54059	48004
-699	51	6	49	305768	0	54059	48004
-708	59	8	61	306398	0	54059	48004
-687	53	4	49	305912	0	54059	48004
-695	60	8	64	304355	0	54059	48004
-666	62	9	63	304868	0	54059	48004
-669	30	1	22	305624	0	54058	48003
-716	53	5	57	307694	0	54059	48004
-661	122	7	124	306128	0	54059	48004
-663	31	4	28	305813	0	54058	48003
-639	58	4	58	306038	0	54059	48004
-661	44	9	49	307541	0	54058	48003
-621	74	2	67	307829	0	54059	48004
-620	34	8	40	306425	0	54058	48003
-608	44	4	40	306308	0	54057	48002
-587	55	1	52	307856	0	54059	48004
-614	40	6	45	322913	0	54058	48003
-627	53	3	50	340823	0	54059	48004

-609	51	4	52	354944	0	54058	48003
-588	88	4	88	365672	0	54059	48004
-599	56	1	53	375977	0	54058	48003
-598	34	7	40	376868	0	54057	48002
-612	54	1	48	376220	0	54059	48004
-598	47	1	47	375932	0	54058	48003
-602	96	3	98	376310	0	54059	48004
-596	39	9	45	376526	0	54058	48003
-582	81	9	81	377210	0	54059	48004
-582	33	6	30	377039	0	54058	48003
-571	45	6	45	376508	0	54057	48002
-612	59	7	60	377309	0	54059	48004
-655	57	2	52	376886	0	54059	48004
-652	68	3	69	376850	0	54059	48004
-635	51	6	54	376544	0	54058	48003
-635	67	4	65	376895	0	54059	48004
-630	38	10	44	375896	0	54058	48003

-616	81	9	80	376274	0	54059	48004
-612	37	2	30	376364	0	54058	48003
-607	38	9	45	376778	0	54057	48002
-671	70	11	72	377210	0	54059	48004
-633	72	6	67	377732	0	54059	48004
-660	173	1	168	377291	0	54059	48004
-656	37	6	42	375122	0	54058	48003
-700	56	7	57	376139	0	54059	48004
-673	60	8	61	376481	0	54059	48004
-671	36	11	39	377111	0	54058	48003
-681	155	2	146	381026	0	54059	48004
-680	35	4	37	383627	0	54058	48003
-668	79	1	76	383717	0	54059	48004
-669	32	4	35	384878	0	54058	48003
-669	66	8	70	385220	0	54059	48004

-653	50	1	43	374267	0	54058	48003
-614	72	8	79	374573	0	54059	48004
-601	47	11	50	373988	0	54058	48003
-586	49	5	43	374627	0	54057	48002
-560	59	2	56	374150	0	54059	48004
-544	49	6	53	373907	0	54058	48003
-564	80	7	81	374276	0	54056	48001
-523	8	5	6	373997	0	54057	48002
-550	73	6	74	374258	0	54059	48004
-561	56	2	52	374357	0	54058	48003
-565	62	2	62	375185	0	54056	48001
-522	10	3	11	374564	0	54057	48002
-527	62	10	69	374681	0	54059	48004
-517	43	8	41	374321	0	54058	48003
-591	58	7	57	374168	0	54056	48001
-474	18	6	17	374474	0	54057	48002
-556	51	5	50	373520	0	54059	48004
-540	49	7	51	372377	0	54058	48003
-559	81	6	80	374150	0	54056	48001
-513	14	8	16	373358	0	54057	48002

-553	60	4	56	374483	0	54059	48004
-542	43	6	45	373304	0	54058	48003
-535	40	5	39	372368	0	54057	48002
-576	60	4	59	372620	0	54059	48004
-559	51	4	51	373781	0	54058	48003
-570	55	5	56	375617	0	54056	48001
-509	27	5	27	374555	0	54057	48002
-521	56	2	53	375014	0	54059	48004
-480	75	6	79	565502	0	54058	48003
-436	111	5	110	563855	0	54056	48001
-382	156	6	157	556907	0	54059	48004
-369	77	8	79	523742	0	54058	48003
-365	71	8	71	510260	0	54056	48001
-152	12	7	11	564422	0	54055	48000
-373	112	6	111	488858	0	54059	48004

-337	70	3	67	484268	0	54059	48004
106	10	2	9	564764	0	54057	48002
-257	102	5	105	481388	0	54059	48004
-214	76	10	81	478706	0	54058	48003
-264	51	5	46	473072	0	54056	48001
-238	60	7	62	470642	0	54059	48004
375	80	4	77	561551	0	54055	48000
-163	61	7	64	468113	0	54059	48004
-96	101	3	97	467024	0	54059	48004
36	64	10	71	469202	0	54058	48003
-93	105	3	98	460751	0	54056	48001
47	7	4	8	466169	0	54058	48003
-99	54	6	56	457421	0	54059	48004
658	90	2	86	506795	0	54055	48000
-250	59	4	61	444065	0	54059	48004
805	23	3	22	515399	0	54057	48002

-192	68	9	74	442913	0	54059	48004
-172	86	9	86	440519	0	54059	48004
-175	97	4	92	438908	0	54059	48004
301	10	2	8	456449	0	54058	48003
278	44	4	46	453812	0	54056	48001
18	7	3	6	440942	0	54058	48003
-99	48	6	51	438152	0	54059	48004
-70	130	3	127	438170	0	54059	48004
-87	150	4	151	438611	0	54059	48004
23	10	2	8	438620	0	54056	48001
-133	44	4	46	437666	0	54059	48004
1375	9	4	9	495185	0	54055	48000
-134	57	7	60	435713	0	54059	48004
444	43	1	37	439952	0	54058	48003
361	52	8	59	438098	0	54058	48003
-54	51	4	47	434408	0	54059	48004
362	50	2	48	438530	0	54058	48003
-75	63	3	64	435182	0	54059	48004

-105	70	4	71	435371	0	54059	48004
180	18	2	16	435047	0	54056	48001
-34	86	4	88	434993	0	54059	48004
-47	86	8	90	433454	1	54059	48004
1759	6	9	7	474881	0	54057	48002
-19	55	6	52	433031	0	54059	48004
6	59	7	60	433049	0	54059	48004
8	68	6	67	432257	0	54059	48004
477	37	6	37	434201	0	54056	48001
1451	7	8	9	452300	0	54055	48000
76	58	5	55	432257	0	54059	48004
637	62	8	65	434372	0	54058	48003
81	44	5	41	433562	0	54059	48004
562	47	5	47	435038	0	54058	48003
137	75	5	75	436955	0	54059	48004
53	50	9	54	450473	0	54059	48004
640	53	9	53	434354	0	54056	48001
103	63	8	62	463829	0	54059	48004

106	70	9	71	478931	0	54059	48004
138	100	10	101	494492	0	54059	48004
2079	40	1	31	450257	0	54055	48000
603	56	2	57	435020	0	54058	48003
599	64	7	69	439322	0	54058	48003
902	35	4	32	432266	0	54056	48001
2633	65	7	68	464513	0	54057	48002
869	36	3	32	433148	0	54056	48001
1395	26	7	30	434624	0	54055	48000
602	41	4	38	471200	0	54058	48003
596	60	6	62	486068	0	54056	48001
901	72	5	71	442382	0	54055	48000
2691	57	7	59	455243	0	54057	48002
680	56	4	53	506696	0	54055	48000
2249	34	4	34	437801	0	54057	48002
2095	80	9	85	439403	0	54057	48002
899	71	5	67	502115	0	54057	48002

