DelayToEnqueue	DeltaEnqueue	QueueDelay	DeltaDequeue	FrameSize	Buffer
-616	0	118	0	421647	1
-596	112	38	32	418137	0

-444	218	7	187	414816	0
-304	7	26	26	420594	1
-329	7	44	25	419244	0
-317	80	15	51	416823	0
-339	45	19	49	412953	0
-294	78	6	65	411351	0
-46	315	12	321	407463	1
-5	7	27	22	409623	0
23	95	20	88	406041	1
4	14	29	23	405510	1
-6	24	30	25	405465	1
-26	13	39	22	404961	0
8	67	19	47	405123	0
39	65	21	67	405825	0

76	70	24	73	406275	0
95	52	23	51	406869	0
46	151	14	142	411765	1
222	10	29	25	407418	0
255	67	10	48	408012	0
231	75	6	71	410901	0
361	64	14	72	409218	0
324	96	12	94	412278	1
432	8	29	25	410208	0
338	39	15	25	412782	0
374	69	16	70	413556	0
382	42	23	49	414132	0
418	69	23	69	414456	0
462	78	9	64	414924	0
493	65	17	73	415599	0
504	42	19	44	415788	0

528	58	5	44	416004	0
550	55	6	56	416553	0
537	90	12	96	417768	0
555	49	11	48	418020	0
593	71	10	70	418731	0
639	80	18	88	419604	0
629	123	12	117	420360	0
971	41	22	51	417255	0
976	38	11	27	417570	0
878	70	20	79	420108	0
896	51	21	52	419946	0
892	30	20	29	420297	0
805	79	12	71	420513	0
867	29	11	28	420216	0
1000	66	16	71	420477	0

899	133	19	136	421080	0
1122	23	18	22	420549	0
999	43	25	50	420279	0
1111	46	6	27	420135	0
1000	122	19	135	421350	0
1073	41	5	27	420990	0
1250	9	24	28	420711	0
1215	65	4	45	420675	0
1113	132	9	137	422124	0
1172	25	8	24	422034	0
1266	27	7	26	421422	1
1373	7	26	26	421170	0
1305	67	4	45	421647	0
1214	108	18	122	423114	0
1266	18	26	26	423042	1
1337	6	45	25	422178	0
1289	183	25	163	423744	1
1508	19	32	26	422511	0
1381	41	13	22	423240	1

1455	7	31	25	423168	0
1356	201	16	186	423312	0
1363	40	0	24	423429	0
1617	54	21	75	423852	0
1751	34	11	24	423447	0
1595	11	25	25	423699	0
1618	90	6	71	423987	0
1532	14	17	25	423402	0
1556	58	9	50	423339	0
1834	44	14	49	424140	0
1589	22	16	24	423249	0
1609	53	6	43	423060	0
1622	46	13	53	423078	0
1658	69	15	71	423141	0
1664	40	26	51	423420	0
1689	58	13	45	423492	0
1716	60	0	47	423429	0
1733	51	19	70	423546	0

1776	76	15	72	423564	0
1800	57	4	46	424275	0
1814	48	5	49	424383	0
1826	45	7	47	423969	0
1839	46	9	48	424239	0
1857	52	6	49	424707	0
1885	61	17	72	425184	0
1920	68	16	67	425643	0
1960	74	18	76	425346	0
1985	58	5	45	425229	0
2002	50	22	67	425202	0
2022	53	19	50	425085	0
2036	48	16	45	425247	0
2057	54	16	54	425364	0
2068	45	18	47	425112	0
2094	59	9	50	425031	0
2113	52	3	46	424725	0
2145	66	4	67	424536	0

2184	72	3	71	424671	0
2242	91	12	100	424401	0
2244	37	21	46	423762	0
2240	31	16	26	424050	0
2248	39	22	45	424023	0
2258	43	4	25	423681	0
2286	61	20	77	423807	0
2293	41	5	26	422817	0
2311	51	21	67	422844	0
2319	41	4	24	422772	0
2347	61	12	69	422637	0
2370	57	24	69	423402	0
2393	56	18	50	424113	0
2438	78	8	68	423987	0
2449	46	11	49	423654	0
2486	70	15	74	423861	0
2493	39	20	44	424050	0
2525	66	21	67	424950	0
2535	43	23	45	427326	0

2562	60	12	49	436092	0
2551	56	8	52	410793	0
2586	67	14	73	405582	0
2589	38	22	46	408192	0
2601	45	22	45	408417	0
2603	102	14	94	414762	0
2615	45	18	49	419001	0
2554	73	13	68	444498	0
2983	29	9	25	431502	0
2841	24	12	27	410370	0
2871	64	0	52	412656	0
2787	83	15	98	442050	0
2679	58	4	47	450852	0
2931	19	8	23	426228	0
2822	91	7	90	449682	0
2933	44	11	48	445416	0
3052	19	16	24	434643	0

2872	153	22	159	462021	0
2947	42	7	27	458619	0
3160	46	5	44	447261	0
3069	9	26	30	454506	0
2991	122	0	96	470427	0
3015	58	9	67	471786	0
3236	21	14	26	457107	0
3161	25	15	26	465261	0
3079	117	9	111	473343	0
3099	53	21	65	474036	0
3240	41	4	24	472119	0
3382	43	8	47	468375	0
3162	80	22	94	477150	0
3211	82	14	74	478077	0
3346	35	21	42	475917	0
3485	38	9	26	473523	0
3301	50	11	52	478392	0
3314	80	23	92	478014	0

3347	67	7	51	477348	0
3588	41	11	45	476502	0
3442	87	16	92	477429	0
3431	56	7	47	470688	0
3448	50	23	66	466323	0
3483	68	21	66	466827	1
3731	15	29	23	477807	0
3506	75	0	46	496950	0
3543	70	20	90	504915	0
3603	94	16	90	512592	1
3845	8	30	22	476214	0
3629	84	22	76	511071	0
3703	108	9	95	509973	0
3727	57	26	74	510873	1
3969	9	44	27	479445	0
3818	149	4	109	506562	0

3845	61	12	69	502998	0
3873	60	23	71	494313	1
4112	6	40	23	514833	0
3917	104	5	69	471219	0
3961	78	17	90	460149	0
4264	103	10	96	509658	0
4051	21	15	26	452418	0
4190	39	0	24	482766	0
4090	66	22	88	442779	0
4106	50	18	46	440124	0
4152	79	10	71	435696	0
4156	71	5	66	435669	0
4182	59	12	66	434157	0
4217	68	15	71	433050	0
4473	22	17	24	447657	0

4267	128	23	134	432069	1
4314	15	33	25	432186	0
4297	49	8	24	431403	0
4546	15	17	24	435579	0
4361	116	14	113	432186	0
4373	46	12	44	430692	0
4385	45	16	49	429747	1
4628	9	31	24	432780	0
4456	129	10	108	426012	0
4465	42	17	49	424887	0
4482	50	16	49	425571	0
4732	16	26	26	433401	0
4515	84	8	66	432762	0
4533	51	5	48	435255	0
4576	77	20	92	439836	1
4817	6	39	25	426678	0
4753	71	17	49	427776	0
4650	62	7	52	453516	0
4673	57	16	66	462030	0
4689	49	14	47	470643	0

4726	104	0	90	494709	0
4765	71	21	92	498003	0
4795	64	6	49	496248	1
5034	6	26	26	446019	0
4830	129	11	114	496077	0
5056	26	10	25	484665	0
4841	119	15	124	498417	0
4867	59	8	52	498687	0
5151	83	13	88	493845	0
5073	56	4	47	498291	0
5144	38	14	48	497805	0
5353	76	8	70	494331	0
5095	8	26	26	498903	0
5126	65	9	48	498372	0
5153	60	0	51	498435	0

5174	54	23	77	498390	0
5222	82	9	68	498489	0
5263	74	4	69	498228	0
5283	53	24	73	498039	0
5308	59	12	47	498084	0
5348	73	10	71	498120	0
5384	69	12	71	497850	0
5405	56	0	44	498165	0
5440	67	0	67	497832	0
5469	62	14	76	498561	0
5503	69	11	66	497940	0
5556	85	20	94	496752	0
5599	77	16	73	496806	0
5623	57	9	50	496221	0
5649	59	0	50	496581	0

5693	76	12	88	496950	0
5729	70	12	70	497571	0
5754	58	0	46	496338	0
5786	66	21	87	493485	0
5817	65	7	51	490398	0
5844	59	23	75	491262	0
5875	64	4	45	492612	0
5904	64	8	68	494583	0
5928	56	27	75	495159	0
5943	49	4	26	495888	0
5985	76	23	95	495492	0
6007	55	19	51	496455	0
6035	61	4	46	496464	0
6055	54	20	70	496365	0
6078	56	15	51	496500	0
6105	60	23	68	496311	0
6131	60	14	51	496608	0

6165	67	17	70	495519	0
6197	65	22	70	495807	0
6433	270	18	266	496518	0
6780	380	21	383	495384	1
6762	15	33	27	495474	3
6733	6	51	24	494394	3
6718	17	59	25	494358	2
6695	10	73	24	494016	1
6672	11	85	23	493458	0
6724	85	26	26	493530	0
6751	60	15	49	493116	0

6786	69	0	54	494367	0
6817	63	6	69	494502	0
6827	44	11	49	495168	0
6871	78	24	91	495195	0
6893	54	17	47	495006	0
6930	71	17	71	494961	0
6969	73	11	67	495096	0
6994	57	22	68	495339	0
7036	76	14	68	495429	0
7068	66	21	73	495474	0
7101	66	6	51	495789	0
7128	60	18	72	496473	0
7144	50	15	47	496545	0
7175	64	0	49	496635	0
7207	65	21	86	497112	0
7226	53	17	49	497283	0

7270	77	8	68	496590	0
7287	50	7	49	496122	0
7324	71	5	69	496464	0
7362	71	0	66	497418	0
7387	58	11	69	496752	0
7420	67	15	71	497238	0
7461	74	11	70	497904	0
7494	66	8	63	498165	0
7525	66	8	66	497715	0
7556	63	15	70	497013	0
7589	66	24	75	497220	0
7623	68	21	65	496581	0
7665	75	15	69	496581	0
7713	81	6	72	496284	0
7753	73	5	72	496032	0

7788	68	3	66	497040	0
7830	76	24	97	496671	0
7871	74	14	64	496887	0
7907	69	14	69	496590	0
7933	61	19	66	496824	0
7956	56	6	43	496662	0
7989	66	8	68	496473	0
8006	50	4	46	496329	0
8057	85	14	95	495258	0
8095	71	9	66	495438	0
8122	60	13	64	495402	0
8135	47	12	46	495483	0
8169	67	17	72	495222	0
8211	75	11	69	495267	0
8245	68	9	66	495060	0

8272	60	24	75	494718	0
8298	59	11	46	494772	0
8338	74	9	72	494781	0
8362	57	23	71	494331	0
8410	82	18	77	494664	0
8426	49	12	43	494169	0
8474	81	21	90	492198	0
8490	49	24	52	491010	0
8518	62	9	47	492045	0
8548	63	18	72	493395	0
8577	62	5	49	493602	0
8602	59	19	73	493989	0
8648	79	13	73	493053	0
8687	73	7	67	493197	0
8715	61	16	70	491802	0

8768	85	4	73	492027	0
8791	57	15	68	491838	0
8815	58	7	50	492819	0
8842	60	19	72	493449	0
8897	88	23	92	493395	0
8939	76	13	66	493296	0
8968	62	27	76	494898	0
9004	69	10	52	494754	0
9044	74	4	68	488841	0
9062	51	22	69	480786	0
9090	61	9	48	475467	0
9115	59	18	68	470940	0
9153	71	18	71	465027	0
9183	63	8	53	464298	0
9208	59	24	75	463974	0

9225	50	20	46	463722	0
9255	63	6	49	462822	0
9279	58	15	67	461796	0
9292	46	20	51	461868	0
9312	53	17	50	460221	0
9319	41	24	48	458601	0
9357	71	21	68	456657	0
9374	51	18	48	455946	0
9397	57	17	56	453390	0
9415	50	16	49	450663	0
9440	59	5	48	452706	0
9465	59	15	69	453417	0
9500	67	17	69	452247	0
9506	39	5	27	449097	0
9539	66	10	71	445569	0
9543	38	20	48	440844	0
9567	57	16	53	433554	0
9583	49	13	46	425733	0
9607	57	21	65	419937	0

9621	48	21	48	419262	0
9641	54	17	50	419613	0
9667	59	6	48	420306	0
9608	74	21	89	422709	0
9624	50	19	48	423411	0
9631	40	5	26	424437	0
9658	60	15	70	423654	0
9672	48	16	49	424455	0
9708	102	9	95	424545	0
9724	50	9	50	425130	0
9723	132	15	138	425436	0
10226	36	25	46	421170	0
10246	54	17	46	422088	0
9950	37	4	24	424914	0
10076	26	22	44	425085	0
9961	52	15	45	425121	0

9898	103	22	110	429009	1
10016	18	28	24	425670	1
10144	28	23	23	426147	0
10025	48	24	49	425175	0
9982	24	22	22	428307	1
10090	8	38	24	425454	0
9981	56	4	22	427254	0
9998	51	22	69	425472	0
10012	47	23	48	425580	0
10168	57	14	48	425139	0
10056	55	4	45	445110	0
10101	78	20	94	459699	0
10122	54	12	46	473496	0
10257	35	21	44	435210	0
10182	125	8	112	495069	0
10223	8	24	24	491865	0
10215	59	8	43	496185	0
10281	166	22	180	494826	0
10510	29	17	24	485007	0
10361	17	22	22	494106	0
10339	45	5	28	495276	0

10368	129	7	131	494808	0
10447	46	9	48	494880	0
10428	47	8	46	493773	0
10670	8	28	28	495267	0
10483	115	9	96	494187	0
10498	50	5	46	494079	0
10542	75	24	94	493944	1
10792	16	30	22	494907	0
10593	101	19	90	494349	0
10605	46	21	48	494052	0
10633	61	8	48	494313	0
10883	17	17	26	494232	0
10801	51	14	48	494178	0
10713	80	5	71	493611	0
10743	62	10	67	492873	0
10760	50	4	44	493062	0

10794	101	19	116	492126	0
10829	68	24	73	491793	0
10886	91	22	89	492567	1
11129	10	39	27	494304	0
10952	156	20	137	490929	0
11181	29	15	24	492549	0
11045	30	11	26	491028	0
11028	50	9	48	490200	0
11060	99	18	108	488427	0
11086	59	7	48	490686	0
11121	68	4	65	492675	0
11362	8	25	29	491847	0
11166	104	11	90	494376	0
11194	61	21	71	494358	0
11452	58	9	46	487554	0
11235	17	16	24	494340	0

11269	100	8	92	493881	0
11443	8	26	26	493872	0
11303	60	16	50	494286	0
11336	66	20	70	493413	0
11388	119	14	113	492513	0
11409	55	7	48	492162	0
11429	53	9	55	491541	0
11672	9	27	27	493998	0
11480	108	8	89	492189	0
11491	45	10	47	493197	0
11519	61	18	69	493395	1
11761	8	35	25	492432	0
11698	71	11	47	492657	0
11607	75	5	69	494007	0
11623	50	7	52	493683	0
11654	64	15	72	493323	0
11835	81	27	93	493440	0

11730	62	11	46	493224	0
11754	57	26	72	493557	0
11777	56	23	53	493701	0
11821	111	8	96	493260	0
11833	45	13	50	493800	0
11878	79	22	88	494610	1
12119	7	39	24	493863	0
11932	113	18	92	493629	0
11956	58	13	53	493305	0
12178	22	17	26	493620	0
11972	27	16	26	494763	0
12120	48	15	47	493377	0
12012	59	6	50	494997	0
12037	59	15	68	495654	0
12063	59	4	48	495717	0
12211	47	7	50	494682	0
12129	86	17	96	493485	0

12169	72	9	64	492036	0
12205	70	9	70	493278	0
12357	52	4	47	495258	0
12268	77	21	94	496383	0
12294	60	12	51	497139	0
12329	68	10	66	495573	0
12480	52	6	48	495060	0
12358	43	9	46	478275	0
12397	72	9	72	470733	0
12414	51	5	47	462633	0
12558	45	9	49	487149	0
12463	70	5	66	444228	0
12476	46	6	47	438459	0
12516	74	7	75	433509	0
12663	47	10	50	451446	0
12549	53	11	54	425337	0
12587	71	12	72	422511	0

12604	50	16	54	421665	0
12745	41	0	25	430134	0
12645	68	21	89	419550	0
12679	67	5	51	420036	0
12712	66	6	67	420522	0
12836	24	8	26	420630	0
12763	94	7	93	421287	0
12781	51	5	49	420801	0
12813	66	9	70	422466	0
12932	19	17	27	420630	0
12847	81	6	70	424086	0
12866	53	22	69	424428	0
12881	48	22	48	424239	0
13006	25	23	26	423762	0
12913	74	21	72	425040	0
12932	52	14	45	425625	0
12954	55	4	45	425121	0
13069	16	18	30	424905	0

12988	85	6	73	424383	0
13015	59	18	71	423897	0
13016	35	8	25	422709	0
13140	25	6	23	424221	0
13062	88	8	90	421899	0
13085	56	7	55	420351	0
13119	68	13	74	419847	1
13227	7	28	22	422178	0
13131	72	23	67	417876	0
13159	61	13	51	416607	0
13168	42	23	52	416022	0
13291	23	22	22	419262	0
13219	96	20	94	414618	0
13230	43	23	46	414429	0
13238	42	5	24	413898	0
13356	18	14	27	415518	0
13277	54	9	49	412890	0
13289	45	15	51	413034	0
13307	52	12	49	413052	0
13334	60	22	70	412647	0

13340	73	18	69	412917	0
13367	60	5	47	412809	0
13365	31	0	26	412566	0
13500	35	13	48	412305	0
13424	91	17	95	411432	0
13442	52	15	50	411918	0
13464	56	4	45	412008	0
13602	37	13	46	411783	0
13521	85	20	92	411936	0
13539	52	17	49	411882	0
13554	49	12	44	411954	0
13681	26	13	27	411504	0
13600	52	8	47	411144	0
13610	44	9	45	410289	0
13636	58	22	71	409731	0
13642	40	7	25	408318	0
13685	110	13	116	409560	0
13709	57	7	51	408822	0

13733	58	21	72	410514	1
13849	16	26	21	408633	0
13777	94	20	88	423978	0
13782	39	8	27	431277	0
13823	74	4	70	445020	0
13932	9	22	27	418659	0
13847	82	9	69	465171	0
13882	68	17	76	475116	0
13906	57	10	50	478842	0
14034	28	9	27	454668	0
13981	114	17	122	478680	0
13993	45	17	45	477078	0
14015	56	9	48	477024	0
14134	19	20	30	479706	0
14065	97	12	89	477384	0
14081	50	6	44	476367	0
14099	51	26	71	477276	0
14235	36	13	23	477690	0

14149	82	5	74	477096	0
14176	59	19	73	477168	0
14192	50	15	46	477456	0
14319	27	12	24	476844	0
14235	82	7	77	477933	0
14255	53	4	50	478194	0
14266	45	6	47	479004	0
14386	21	12	27	477861	0
14329	108	13	109	478707	0
14377	82	24	93	478635	0
14395	51	25	52	478608	1
14511	16	32	23	478401	0
14416	72	12	52	479013	0
14446	63	22	73	478959	0
14476	63	9	50	479247	0
14601	25	6	22	478770	0

14593	159	9	162	479877	0
14728	168	22	181	480282	0
14724	30	15	23	480282	0
14838	15	24	24	479643	0
14745	73	6	55	481632	0
14743	32	21	47	482829	0
14738	27	18	24	483045	1
14852	14	31	27	480588	0
14737	52	6	27	481236	0
14749	46	9	49	481587	0
14763	47	7	45	480957	0
14887	24	9	26	482163	0
14874	153	5	149	476808	0
14886	45	4	44	476637	0
14911	59	16	71	477186	1
15017	7	39	30	478347	0
14941	90	25	76	479103	0
14974	65	12	52	479139	0

15005	64	20	72	478302	1
15120	16	31	27	477348	0
15033	80	24	73	478635	0
15053	53	22	51	477978	0
15084	64	9	51	477807	0
15210	26	12	29	478032	0
15123	80	4	72	478689	0
15152	62	9	67	477897	0
15164	46	9	46	478284	0
15298	34	25	50	477645	0
15220	88	5	68	478266	0
15251	65	6	66	478086	0
15269	51	8	53	477915	0
15399	30	22	44	477897	0
15328	96	18	92	478284	0
15345	51	13	46	477996	0
15371	59	22	68	477645	1
15488	17	27	22	477618	0

15429	108	13	94	477600	0
15457	61	22	70	477528	0
15486	63	5	46	477357	0
15610	24	11	30	477789	0
15529	85	19	93	477159	0
15560	65	24	70	477924	0
15600	73	22	71	478626	0
15730	30	16	24	477600	0
15645	82	5	71	478635	0
15673	61	9	65	478140	0
15692	51	5	47	476601	0
15834	43	12	50	478590	0
15773	105	4	97	476844	0
14097	58	12	66	406005	0
14122	58	7	53	406518	0
14140	51	23	67	406239	0

14165	58	15	50	406707	0
14179	48	16	49	406239	0
16095	16	25	25	475368	0
14197	34	17	26	406536	0
14251	87	20	90	406869	0
14266	49	19	48	408318	0
14269	37	4	22	408039	0
14286	49	22	67	408948	0
14293	42	4	24	407895	0
14310	50	25	71	408471	0
14347	70	7	52	408642	0
14345	31	23	47	409245	0
14361	50	24	51	409704	0
14388	60	10	46	409578	0
14393	39	16	45	409542	0
14427	67	19	70	409173	0
14434	40	4	25	409632	0
14461	61	10	67	409884	0
14486	58	0	48	410145	0
14506	53	17	70	410289	0

14533	61	22	66	410172	0
14557	57	12	47	408912	0
14561	37	20	45	407760	0
14582	55	12	47	408687	0
14572	56	24	68	411162	0
14581	43	5	24	409884	0
14596	49	3	47	409920	0
14619	55	20	72	411387	0
14634	50	17	47	420765	0
14655	53	9	45	429306	0
14673	51	5	47	438270	0
14690	54	22	71	454578	0
14729	68	8	54	462408	0
14738	43	10	45	472569	0
14730	59	21	70	484728	0
14756	59	14	52	487743	0
14778	56	5	47	488238	0
14779	67	9	71	490191	0
14815	70	8	69	492657	0

14846	64	13	69	494574	0
14862	49	8	44	496041	0
14887	59	16	67	498156	0
14924	70	21	75	498651	0
14954	63	3	45	499929	0
14983	63	9	69	500487	0
14999	49	4	44	501414	0
15053	88	8	92	501369	0
15068	48	4	44	502080	0
15108	74	22	92	502593	0
15178	136	24	138	502413	0

15571	426	14	416	501639	1
15481	10	30	26	501594	2
15466	18	39	27	500586	3
15439	8	58	27	500748	3
15416	9	75	26	500946	2
15398	15	87	27	500730	1
15357	26	87	26	501612	1
15398	74	35	22	502080	0
15421	57	6	28	501459	0
15451	63	13	70	502008	0
15485	67	13	67	500901	0
15518	67	17	71	497580	0
15573	88	0	71	494106	0
15581	75	23	98	497175	0
15616	68	5	50	498021	0
15631	48	4	47	498687	0
15658	61	12	69	499866	0
15690	66	17	71	499263	0

15693	69	19	71	498030	0
15737	77	13	71	498336	0
15766	63	19	69	497679	0
15799	67	18	66	496068	0
15823	57	12	51	494646	0
15854	63	14	65	493827	0
15883	63	21	70	492801	0
15908	58	12	49	492792	0
15936	61	22	71	493098	0
15962	60	8	46	494007	0
15996	67	16	75	492945	0
16024	61	5	50	493188	0
16038	49	23	67	493449	0
16066	60	12	49	493584	0
16084	51	10	49	495249	0
16109	58	22	70	495501	0

16180	104	5	87	497166	0
16181	35	19	49	498849	0
16268	120	12	113	500694	0
16281	47	13	48	504771	0
16314	66	15	68	506985	0
16322	75	12	72	514320	0
16370	81	0	69	517893	0
16334	64	9	73	529269	0
16362	62	17	70	532950	0
16404	75	8	66	536973	0
16441	70	8	70	539097	0
16472	65	13	70	542040	0
16465	59	4	50	546603	0
16462	64	12	72	549942	0

16501	72	8	68	552948	0
16498	65	15	72	555909	0
16545	80	4	69	556764	0
16579	68	3	67	558195	0
16594	81	16	94	560949	0
16648	88	18	90	562308	0
16696	80	8	70	564540	0
16710	47	9	48	566421	0
16718	75	4	70	569346	0
16751	66	4	66	571335	0
16804	87	7	90	574422	0
16825	54	4	51	577509	0
16885	94	21	111	580560	0
16943	91	5	75	585582	0

16992	83	18	96	590991	0
17034	74	19	75	595212	0
17065	65	4	50	599406	0
17110	79	24	99	604167	0
17157	80	16	72	608118	0
17194	71	21	76	611025	0
17243	83	8	70	614562	0
17285	74	4	70	617154	0
17341	90	12	98	618837	0
17390	82	22	92	621519	0
17436	79	10	67	622860	0
17464	62	19	71	624183	0

17525	94	20	95	625299	0
17573	81	14	75	625506	0
17625	86	0	72	625884	0
17674	82	7	89	626208	0
17736	95	5	93	625443	0
17769	67	7	69	626289	0
17845	109	22	124	624984	0
17878	66	6	50	622050	0
17929	85	15	94	617577	0
17977	80	3	68	613356	0
18018	74	22	93	612672	0
18045	61	8	47	612366	0
18078	66	20	78	612366	0

18118	73	19	72	609693	0
18168	84	5	70	600342	0
18226	91	4	90	584475	0
18281	88	12	96	570408	0
18304	57	4	49	554334	0
18332	61	18	75	536325	0
18365	66	23	71	525894	0
18395	64	8	49	519153	0
18425	63	17	72	509901	0
18467	75	14	72	504456	0
18488	55	8	49	504087	0
18532	77	6	75	504474	0
18545	47	10	51	504924	0
18594	82	22	94	505644	0
18622	61	7	46	507102	0

18654	65	13	71	507219	0
18679	59	21	67	507696	0
18701	55	12	46	508488	0
18755	87	22	97	509775	0
18776	55	11	44	510711	0
18815	72	8	69	511557	0
18822	41	15	48	512268	0
18846	57	5	47	512907	0
18886	73	22	90	514068	0
18922	70	0	48	514068	0
18952	96	16	112	516543	0
18938	53	9	46	517182	0
18956	51	5	47	518577	0
18987	64	16	75	519252	0
18997	77	9	70	521529	0

19027	63	13	67	520872	0
19055	62	22	71	522168	0
19061	72	22	72	538764	0
19081	54	18	50	544893	0
19119	71	20	73	561480	0
19182	96	14	90	573846	0
19213	66	20	72	581271	0
19261	81	11	72	588021	0
19283	55	8	52	593655	0
19326	77	0	69	595653	0
19361	68	6	74	596706	0
19422	94	4	92	594600	0
19456	68	6	70	593808	0
19485	62	27	83	593277	0

19539	87	8	68	593637	0
19569	64	11	67	593115	0
19587	84	0	73	591729	0
19621	68	0	68	590424	0
19655	67	5	72	589254	0
19724	102	15	112	588993	0
19775	85	21	91	588507	0
19837	95	21	95	587202	0
19889	84	8	71	587400	0
19928	73	7	72	586095	0
19976	81	17	91	585492	0
20033	90	19	92	585933	0
20057	58	15	54	585375	0

20105	81	21	87	586131	0
20144	72	15	66	585420	0
20197	88	19	92	583323	0
20251	86	4	71	580272	0
20300	82	16	94	576897	0
20329	63	23	70	577077	0
20359	63	11	51	579507	0
20407	82	0	71	579921	0
20441	68	4	72	580326	0
20509	100	17	113	579075	0
20506	65	24	72	577032	0
20548	74	4	54	575844	0
20558	78	21	95	573549	0

20586	61	11	51	573216	0
20630	77	6	72	572874	0
20667	71	10	75	571794	0
20714	80	23	93	570750	0
20758	77	24	78	571173	0
20793	69	5	50	571173	0
20843	83	14	92	570993	0
20898	88	0	74	571182	0
20917	53	0	53	571362	0
20959	74	23	97	572343	0
21001	75	22	74	573468	0
21043	76	18	72	574737	0
21069	59	6	47	575763	0

21130	94	6	94	577635	0
21165	69	8	71	578139	0
21184	53	5	50	578688	0
21227	75	5	75	580191	0
21258	65	7	67	580920	0
21301	76	5	74	582765	0
21333	66	15	76	583539	0
21377	78	4	67	584925	0
21409	65	10	71	586203	0
21438	62	21	73	587841	0
21472	68	0	47	590370	0
21499	60	5	65	593241	0
21556	90	4	89	596949	0
21591	69	5	70	599460	0
21598	73	20	88	605643	0

21629	65	4	49	606930	0
21676	80	16	92	608145	0
21676	67	14	65	606777	0
21702	59	6	51	603258	0
21748	79	22	95	599919	0
21784	70	0	48	597039	0
21817	66	5	71	595761	0
21856	72	4	71	593349	0
21892	69	4	69	592827	0
21942	83	13	92	590163	0
21954	79	0	66	586464	0
21989	68	0	68	584421	0
22033	78	14	92	584241	0
22050	83	0	69	582279	0

22103	86	4	90	581721	0
17239	137	13	146	700602	0
17288	83	5	75	707532	0
17347	92	5	92	718917	0
17382	102	23	120	732219	0
17381	99	20	96	720942	0
17470	155	23	158	689073	0
17527	91	6	74	663873	0
22860	33	0	27	582117	0
22900	73	21	94	582981	0

22936	69	24	72	583737	0
17715	46	5	27	652740	0
17845	30	22	47	709071	0
17796	218	14	210	664287	0
17900	71	13	70	670812	0
17889	55	15	57	667905	1
18037	15	24	24	660759	0
18080	209	17	202	661092	0
18088	75	15	73	648240	0
18144	89	15	89	643515	0
18195	84	4	73	640536	0

18236	142	20	158	632877	0
18284	80	12	72	629601	0
18312	62	19	69	628062	1
18426	14	27	22	634317	0
18374	148	16	137	615687	0
18395	55	14	53	608946	0
18445	83	7	76	603861	1
18552	7	26	26	622590	0
18420	67	5	46	575961	0
18440	54	5	54	570687	0
18475	68	5	68	570660	0
18516	74	5	74	573810	0
18560	78	0	73	569436	0
18599	73	16	89	564504	0
18614	81	9	74	552957	0

18626	46	11	48	541653	0
18655	62	19	70	532563	0
18690	68	0	49	548655	0
18716	60	7	67	580173	0
18756	73	8	74	582207	0
18801	78	0	70	583593	0
18832	65	8	73	582270	0
18845	78	26	96	579039	0
18838	60	12	46	577329	0
18880	75	12	75	578166	0
18910	65	19	72	578931	0
18952	74	14	69	578931	0
18989	70	16	72	577383	0
18991	69	17	70	574764	0
19015	58	6	47	572838	0

19053	71	6	71	569751	0
19064	78	23	95	560022	0
19096	65	4	46	556503	0
19123	61	15	72	553839	0
19165	74	10	69	552984	0
19184	53	5	48	551580	0
19165	81	17	93	549375	0
19183	52	15	50	556485	0
19189	73	15	73	574017	0
19246	90	16	91	580758	0
19280	67	21	72	585951	0
19267	87	0	66	596427	0
19306	73	23	96	596040	0
19356	82	14	73	595815	0

19358	69	15	70	591531	0
19363	72	9	66	590955	0
19275	79	5	75	631671	0
19316	73	7	75	553254	0
19283	68	11	72	611835	0
19294	78	5	72	615372	0
19338	77	17	89	616902	0
19371	67	16	66	615102	0
19464	160	24	168	614148	0
19439	41	7	24	612996	0
19536	130	16	139	614085	0
19772	103	9	96	614211	0

19614	42	17	50	613185	0
19630	49	23	55	610791	0
19720	124	15	116	612762	0
19886	66	24	75	613509	0
19782	62	11	49	617667	0
19779	30	4	23	617082	0
19887	141	26	163	615327	0
19803	49	6	29	608856	0
19862	27	4	25	609207	0
19820	57	22	75	610746	0
20168	49	23	50	616344	0
19812	144	23	144	610620	0
19888	42	7	26	609738	0
19772	52	4	49	601611	0
20341	67	11	74	614283	0

19884	144	17	150	587481	0
19934	17	26	26	592440	0
19915	81	27	82	581460	0
20435	53	23	49	609666	0
20024	123	16	116	581424	0
20059	101	11	96	578967	0
19984	58	25	72	577671	0
20432	49	0	24	597210	0
20103	136	6	142	574026	0
20035	66	12	72	577266	0
20009	74	7	69	576564	0
20585	43	10	46	580272	0

20087	101	0	91	577473	0
20086	66	5	71	580443	0
20021	69	9	73	591342	0
20582	27	14	32	576834	0
20051	103	7	96	590901	0
20095	78	20	91	589740	0
20126	64	4	48	587895	0
20568	41	6	43	576753	0
20218	118	23	135	587769	0
20253	68	6	51	586734	0
20219	66	13	73	589056	0
20544	25	14	26	591981	0
20298	120	9	115	589218	0
20312	80	19	90	588534	0

20343	65	26	72	588444	0
20702	26	27	27	588444	0
20423	120	0	93	587436	0
20469	81	11	92	588021	0
20496	60	23	72	588129	0
20813	49	0	26	588489	0
20586	141	23	164	590604	0
20625	72	22	71	590190	0
20658	67	23	68	589137	0
20985	59	11	47	588300	0
20672	121	6	116	585537	0
20711	73	4	71	584862	0
20725	80	16	92	584214	0
21114	23	22	29	589335	0

20810	129	10	117	583647	0
20834	57	0	47	582837	0
20876	76	21	97	583152	0
21178	35	9	23	585393	0
20904	125	5	121	581829	0
20929	58	17	70	581154	0
20967	72	15	70	580191	1
21281	15	24	24	583467	0

21736	821	7	804	578517	0
21699	30	4	27	586824	0
21973	8	21	25	583341	0
21804	64	9	52	580938	0
21581	9	24	24	597444	1
21899	19	29	24	578319	1
21688	24	31	26	598839	1
21676	20	40	29	598398	1
21634	23	45	28	598515	1
21470	37	34	26	598677	0
21781	145	8	119	598569	0
21748	167	24	183	599235	1
21896	14	33	23	601377	0

21751	155	18	140	594780	0
21688	70	12	64	553281	0
22097	43	18	49	600414	1
21907	10	34	26	598479	1
21790	17	41	24	568662	1
21679	21	45	25	531969	0
21974	96	21	72	585087	0
22223	115	22	116	598641	0
21935	78	16	72	529386	1
22045	10	35	29	544794	0
21831	53	4	22	528486	0
21822	57	15	68	527595	0
22029	41	24	50	529170	0
22388	93	19	88	577212	0
21859	104	9	94	523158	0
21863	70	11	72	521727	0
22028	32	7	28	525003	0

21922	61	17	71	522015	0
22540	17	24	24	537009	0
22018	146	11	133	520800	0
21956	71	10	70	519468	0
22649	59	19	68	528594	0
21933	51	13	45	518262	1
22409	9	28	24	523932	0
21965	89	12	73	518649	0
21853	55	11	54	519369	0
21849	63	18	70	519594	0
21807	58	8	48	521025	0
21898	124	4	120	520917	0
22682	52	6	54	520935	0
21883	101	15	110	523572	0

22532	81	5	71	517947	0
22056	24	4	23	523194	0
21881	59	17	72	523671	1
22031	17	26	26	523608	0
22074	109	6	89	524301	0
21995	22	10	26	523716	0
22490	60	21	71	520215	0
22031	108	7	94	524472	0
21931	67	9	69	526758	0
22488	24	12	27	523095	0
21882	60	19	67	527379	0
22323	42	23	46	523671	0
21941	50	21	48	527325	0
22149	75	18	72	525408	0
22592	43	21	46	523644	0
21993	101	8	88	528720	0

22114	154	12	158	528243	0
22744	30	10	28	523842	0
22075	65	16	71	529251	0
22115	74	8	66	529998	0
22397	14	19	25	528522	0
22325	62	22	65	528297	0
22702	77	13	68	526380	0
22162	61	0	48	528990	0
22067	70	20	90	530925	0
22395	28	20	28	529125	0
22706	45	25	50	528639	0
22108	68	25	68	529908	0
22107	66	8	49	527325	0
22315	75	6	73	530493	0
22816	67	5	66	528288	0
22200	84	12	91	521106	0
22217	51	8	47	520755	0

22387	37	20	49	525012	0
22836	49	21	50	528486	0
22265	62	3	44	524454	0
22284	52	22	71	522987	0
22468	84	12	74	520197	0
22816	48	13	49	530286	0
22367	84	25	96	523266	0
22401	69	7	51	527568	0
22563	27	5	25	522798	0
22902	73	24	92	523779	0
22435	67	3	46	565251	0
22458	90	4	91	577275	0
22679	53	22	71	534264	0
23002	56	14	48	524247	0
22385	83	4	73	605598	0

22450	132	14	142	598182	0
22651	35	5	26	602844	0
23203	85	13	93	521070	0
22558	121	4	112	578787	0
22569	45	4	45	575412	0
22750	81	18	95	587094	0
23326	42	22	46	550986	0
22662	71	19	68	573153	0
22752	123	9	113	572046	0
22888	35	22	48	573261	0
22753	133	23	134	568986	0
23449	96	18	91	606417	0
22801	18	25	25	566934	0
23057	56	15	46	571722	0

23503	746	22	753	569454	1
23454	18	31	27	572955	3
23595	8	46	23	567582	4
24077	14	57	25	582873	3
23286	9	76	28	588849	4
23463	11	90	25	574287	4
23971	8	106	24	573135	3
23866	29	105	28	571110	3
23452	19	111	25	580344	2
23303	17	118	24	589317	2
23720	51	90	23	568635	1
18216	62	54	26	373665	0

18233	83	19	48	374421	0
18269	169	12	162	375573	1
18175	7	32	27	375033	1
23893	19	40	27	576744	0
18169	75	10	45	374592	0
18195	59	23	72	375897	0
18408	245	24	246	375105	0
18469	96	18	90	375573	0
18448	45	23	50	375366	0
18495	81	13	71	374691	0
18419	57	6	50	373980	0
18454	68	7	69	373935	0
18299	45	6	44	371316	0

18206	40	16	50	371451	0
24496	24	19	27	589110	0
18230	33	12	26	371811	0
18237	40	17	45	372234	0
18187	50	14	47	372684	0
18211	91	13	90	372378	0
18228	51	11	49	372333	0
18211	83	21	93	372963	0
18237	60	18	57	373233	0
18280	109	4	95	373224	0
19743	62	8	66	374529	0
18290	15	17	24	373359	0
18208	55	8	46	373827	0
18230	52	6	50	373980	0
18305	108	16	118	373845	0
18105	66	20	70	373296	0

18171	100	11	91	372441	0
18206	101	24	114	372306	0
18228	56	15	47	371613	0
18223	94	16	95	371964	0
18137	48	19	51	371748	0
18167	64	0	45	371154	0
18197	63	9	72	371937	0
18196	66	19	76	371559	0
18243	80	5	66	371604	0
18218	42	7	44	370983	0
18238	53	20	66	371064	0
18248	43	21	44	370452	0
18211	63	4	46	368499	0
18228	51	4	51	369129	0
18229	67	4	67	368634	0
18230	35	15	46	368319	0

18215	51	15	51	368265	0
18163	48	14	47	368202	0
18176	47	15	48	368013	0
18161	50	16	51	369534	0
18177	51	14	49	369615	0
18081	37	21	44	371361	0
18057	43	6	28	375807	0
18081	57	25	76	375672	0
18056	42	5	22	376311	0
17847	57	19	71	381702	0
17805	58	6	45	385527	0
17837	65	12	71	384897	0
17879	76	8	72	381693	0
17859	47	4	43	375789	0
17814	55	17	68	366339	0
17798	50	15	48	361929	0
17809	44	14	43	360885	0
17730	55	4	45	352515	0
17756	59	13	68	349158	0
17694	38	0	25	341265	0

17701	41	11	52	339222	0
17717	49	7	45	337962	0
17666	49	7	49	336720	0
17600	34	18	45	336954	0
17564	64	4	50	337836	0
17498	33	16	45	338376	0
17516	51	14	49	338367	0
17455	39	24	49	340140	0
17491	103	17	96	340905	0
17539	115	21	119	341643	0
17532	60	8	47	342480	0
17401	36	19	47	344388	0
17441	73	18	72	344595	0
17395	54	9	45	344811	0
17384	56	22	69	345414	0
17370	53	18	49	345576	0
17361	57	5	44	345576	0
17367	40	13	48	345387	0

17385	51	8	46	345423	0
17367	48	8	48	345369	0
17392	58	19	69	345531	0
17374	49	17	47	345531	0
17398	57	10	50	345495	0
17372	41	17	48	345702	0
17306	34	5	22	345594	0
17317	44	9	48	345936	0
17287	38	16	45	345927	0
17247	60	21	65	345711	0
17149	35	10	24	345423	0
17052	36	25	51	345333	0
17056	38	12	25	345414	0
17064	41	18	47	345486	0
17075	44	25	51	345675	0
17027	51	23	49	345531	0
16865	38	11	26	345279	0
16807	42	17	48	346035	0
16814	42	21	46	345522	0
16825	43	24	46	345639	0
16798	41	5	22	345432	0
16779	47	5	47	345783	0
16743	31	19	45	345801	0

16758	48	20	49	346071	0
16722	31	13	24	346188	0
16705	50	12	49	346305	0
16717	45	15	48	345954	0
16720	36	6	27	346143	0
16667	47	4	45	346089	0
16675	41	6	43	346008	0
16648	39	20	53	346206	0
16667	53	12	45	346089	0
16605	38	22	48	346341	0
16632	60	11	49	346269	0
16616	51	10	50	346314	0
16625	43	16	49	346440	0
16658	65	25	74	346125	0
16640	50	21	46	346152	0
16509	36	10	25	346071	0
16485	42	15	47	346098	0
16481	30	12	27	345936	0
16498	50	4	42	346053	0
16501	36	13	45	346134	0
16513	46	14	47	345918	0
16514	34	5	25	345963	0
16414	33	20	48	345981	0

16446	65	23	68	345765	0
16384	39	8	24	346098	0
16401	49	4	45	345720	0
16356	59	15	70	345639	0
16325	33	8	26	345666	0
16310	50	5	47	345378	0
16322	46	8	49	345486	0
16295	40	10	42	345198	0
16269	41	19	50	345270	0
16250	48	17	46	343902	0
16251	34	7	24	344262	0
16233	49	4	46	342174	0
16188	55	17	68	339753	0
16194	39	22	44	339213	0
16208	47	21	46	339042	0
16211	37	9	25	338556	0
16219	41	12	44	338412	0
16225	39	22	49	338646	0
16252	60	7	45	338673	0
16259	41	14	48	338745	0
16258	31	10	27	338619	0
16277	53	4	47	338196	0

16244	34	17	47	337197	0
16192	48	17	48	342741	0
16206	48	13	44	344919	0
16209	36	23	46	346746	0
16208	32	15	24	350463	0
16152	44	16	45	360309	0
16104	52	6	42	362829	0
16101	31	22	47	362748	0
16119	84	9	71	361902	0
16111	59	21	71	361047	0
16048	37	5	21	359814	0
15757	41	9	45	360120	0
15759	36	15	42	361794	0
15782	57	4	46	362424	0
15687	37	14	47	360327	0
15708	56	5	47	361164	0
15676	34	21	50	360840	0
15703	61	6	46	360849	0
15718	48	4	46	361290	0
15733	48	4	48	360372	0
15732	33	15	44	359823	0
15667	35	4	24	360660	0

15678	44	8	48	360732	0
15702	57	18	67	360930	0
15677	42	18	42	360822	0
15690	80	5	67	360786	0
15697	39	14	48	360948	0
15730	66	18	70	360660	0
15608	45	16	43	359769	0
15526	51	12	47	359778	0
15532	41	16	45	359832	0
15471	39	23	46	356493	0
15493	55	17	49	353550	0
15493	33	8	24	349077	0
15501	42	11	45	341580	0
15471	36	19	44	325218	0
15476	39	5	25	316326	0
15492	49	22	66	310638	0
15502	43	25	46	308946	0
15486	51	17	43	309090	0
15511	58	5	46	308523	0
15504	27	22	44	309432	0
15510	39	6	23	309720	0

15534	57	25	76	310143	0
15501	34	19	28	310332	0
15504	35	7	23	310170	0
15449	45	10	48	309891	0
15453	38	17	45	309891	0
15453	33	8	24	309396	0
15476	56	25	73	309180	0
15442	33	14	22	309054	0
15447	38	23	47	310170	0
15454	42	3	22	310305	0
15428	40	10	47	309846	0
15440	46	8	44	310044	0
15443	35	15	42	309801	0
15453	44	17	46	309882	0
15313	27	14	24	310674	0
15326	46	11	43	310683	0
15286	60	0	49	309828	0
15219	33	12	45	313554	0
15247	62	15	65	315885	0
15176	28	12	25	328107	0
15186	43	14	45	333444	0
15189	36	24	46	340932	0
15195	41	6	23	346521	0
15202	39	15	48	351165	0
15166	31	6	22	355809	0
15176	43	12	49	355368	0

15206	63	17	68	355260	0
15136	31	10	24	356709	0
15160	58	23	71	356115	0
15205	111	25	113	356988	0
14996	25	23	23	357843	0
15009	46	22	45	357744	0
14983	41	4	23	358419	0
14987	37	13	46	358266	0
15012	58	25	70	358437	0
14921	42	4	21	356106	0
14930	42	12	50	356763	0
14844	48	8	44	357357	0
14746	36	18	46	361362	0
14723	42	18	42	360525	0
14741	53	12	47	359823	0
14771	63	16	67	358797	0
14779	41	17	42	358770	0
14741	62	28	73	357483	0
14713	39	11	22	356601	0
14729	49	10	48	355791	0

14739	44	8	42	355278	0
14753	47	5	44	354738	0
14751	31	22	48	354711	0
14697	46	26	50	354324	0
14698	35	15	24	354396	0
14680	47	15	47	355377	0
14594	48	13	46	355782	0
14602	41	16	44	356043	0
14477	42	21	47	356061	0
14495	51	13	43	355827	0
11711	50	11	48	353748	0
11497	53	5	47	353469	0
10639	41	6	42	353622	0
10607	36	14	44	354063	0
10467	60	4	50	354090	0
14641	40	8	44	355278	0
9924	49	8	49	354045	0
10332	41	14	47	353802	0
9499	68	16	70	354612	0
9989	24	14	22	354000	0
9305	48	11	45	354405	0
14887	50	5	44	355242	0

8575	53	24	72	353775	1
9654	14	36	26	354549	0
9323	69	15	48	353478	0
8388	98	10	93	354369	0
15081	27	5	22	354657	0
15129	81	20	96	354603	0
11823	26	18	24	353784	0
11653	30	11	23	354288	1
15091	6	30	25	353271	0
15088	30	26	26	353694	0
8360	72	23	69	354756	0
8381	54	14	45	355359	1
11524	10	29	25	353865	1
11414	23	30	24	353190	0
11052	71	5	46	353748	0
8136	50	4	49	355017	0
8004	36	11	43	355179	0
11240	35	0	24	354297	0
10494	22	0	22	354297	0
10242	47	0	47	354369	0
7734	59	11	70	355467	0
7737	37	22	48	355233	1
10955	18	28	24	353568	1
9871	16	34	22	354270	0
9039	34	24	24	353712	0

7637	98	15	89	354711	0
7174	37	4	26	354315	0
8783	8	19	23	354234	0
8189	41	24	46	354765	0
10678	54	19	49	354261	0
7904	27	16	24	354504	0
7167	63	6	53	354126	0
6750	49	7	50	353937	0
6755	38	12	43	354441	0
10408	21	15	24	354207	0
6615	74	14	73	354180	0
6525	43	19	48	354549	0
6454	29	13	23	354171	1
9700	13	23	23	354504	0
6222	88	3	68	354747	0
6206	50	21	68	354261	0
5714	42	21	42	353991	1
9456	9	36	24	354792	0
5732	76	5	45	354621	0
5730	31	23	49	353757	0
5707	44	7	28	354513	0
8981	7	22	22	354837	0

5626	79	11	68	354180	0
5226	32	8	29	353631	0
4951	59	15	66	353766	0
8800	15	25	25	354801	0
4843	77	17	69	353775	0
4869	60	4	47	354000	0
4674	38	15	49	354045	0
8256	15	27	27	354675	0
4553	96	4	73	353064	0
4567	53	5	54	353748	0
4476	37	19	51	354018	0
7661	19	22	22	354360	0
3998	71	20	69	354405	0
3669	37	5	22	354558	0
3649	47	6	48	354945	0
7455	6	26	26	354036	0
3219	96	20	90	355017	0
2861	43	23	46	361641	0
2772	45	21	43	360183	0
2293	54	15	48	370236	0
1702	41	21	47	310071	0
6903	36	7	22	354252	0

542	39	12	44	381810	1
1551	8	32	28	321879	0
-474	76	24	68	367437	0
-233	41	9	26	379452	0
6859	25	8	24	354216	0
-234	40	20	52	377427	0
6073	41	5	26	354360	0
5543	35	13	43	353802	0
5065	57	24	68	353181	0
3951	52	18	46	354720	0
-683	100	13	95	334938	0
-676	107	21	115	330789	0
-693	316	19	314	324741	0

-664	162	14	157	324345	0
-717	147	25	158	323391	0
-688	195	12	182	323373	0
-681	341	3	332	323040	0
-682	65	4	66	321879	0

-688	527	23	546	321168	0
-656	232	20	229	325794	0
-672	119	20	119	339186	0
-659	213	15	208	366213	0
-651	41	20	46	365097	0
-660	58	8	46	361551	0

-699	61	21	74	365781	0
-675	256	10	245	361587	0
-700	108	19	117	360642	0
-672	229	9	219	359706	0
-708	198	16	205	359904	0
-681	60	22	66	360255	0

-634	350	8	336	361983	0
-674	56	24	72	359373	0
-695	79	12	67	358392	0
-703	192	20	200	359139	0
-655	116	15	111	358419	0
-643	45	16	46	358329	0

-667	443	5	432	363540	0
-674	59	15	69	363117	0
-652	56	6	47	362928	0
-643	75	0	69	363297	0
-677	65	8	73	363189	0
-714	198	17	207	363918	0
-666	214	7	204	364368	0

-677	522	23	538	366060	0
-657	521	8	506	366627	0

-679	111	4	107	367167	0
-668	111	3	110	367464	0
-651	50	23	70	366852	0
-630	55	16	48	366276	0
-706	356	4	344	337503	0
-660	80	16	92	336738	0
-687	106	20	110	325056	0
-704	150	4	134	318216	0

-694	110	16	122	315561	0
-693	235	4	223	313806	0
-670	55	22	73	314427	0
-683	54	14	46	314922	0
-717	99	26	111	315579	0
-683	67	7	48	316326	0

-709	509	4	506	315966	0
-671	104	22	122	315723	0
-683	55	14	47	315201	0
-706	109	16	111	315948	0
-690	317	13	314	314490	0
-648	75	5	67	313086	0
-683	166	16	177	313932	0

-704	212	6	202	325119	0
-671	165	21	180	361056	0
-665	107	7	93	377967	0
-658	173	19	185	378273	0
-657	235	21	237	376185	0

-662	295	22	296	376887	0
-666	663	18	659	377184	0
-697	102	13	97	378786	0
-688	109	24	120	376662	0
-657	65	4	45	377517	0

-684	74	26	96	377418	0
-696	53	22	49	377301	0
-661	201	17	196	377985	0
-655	307	5	295	378039	0
-691	64	17	76	377247	0
-657	67	0	50	377157	0
-691	66	8	74	377022	0

-670	221	6	219	376464	0
-701	69	23	86	377373	0
-702	165	23	165	376833	0
-688	415	11	403	379425	0
-660	61	1	51	379434	0
-685	75	24	98	378336	0
-683	169	8	153	374097	0

-667	83	9	84	375978	0
-663	70	7	68	376581	0
-698	265	14	272	373017	0
-687	111	16	113	351147	0
-712	109	26	119	326028	0
-672	72	22	68	321078	0
-647	59	10	47	316281	0
-643	38	17	45	313446	0
-618	58	6	47	312906	0
-644	41	7	42	313743	0
-676	68	6	67	315129	0

-662	114	10	118	315849	0
-666	28	4	22	315489	0
-646	87	3	86	314886	0
-649	64	9	70	315705	0
-716	499	16	506	320637	0
-679	104	25	113	320700	0
-693	120	17	112	321114	0

-658	67	21	71	320799	0
-672	54	12	45	320718	0
-677	28	12	28	321114	0
-674	103	24	115	321384	0
-670	38	9	23	321231	0
-661	109	16	116	321618	0
-645	49	14	47	321942	0
-685	159	12	157	321969	0
-668	117	9	114	322761	0
-659	42	10	43	322455	0
-634	59	15	64	321726	0
-670	165	13	163	322491	0
-670	33	4	24	322266	0

-658	45	7	48	322275	0
-647	45	8	46	322203	0
-649	131	15	138	322212	0
-665	51	14	50	322158	0
-679	218	13	217	321663	0
-664	115	16	118	322086	0
-695	102	10	96	322320	0
-662	67	12	69	322086	0
-689	107	23	118	321978	0
-698	57	12	46	322032	0
-692	73	12	73	322149	0

-675	117	17	122	322545	0
-680	62	21	66	322302	0
-676	104	14	97	321969	0
-715	193	9	188	322491	0
-682	67	17	75	322572	0
-668	47	16	46	322302	0
-700	68	14	66	321285	0
-718	49	15	50	320871	0
-707	212	9	206	319674	0

-699	241	16	248	319980	0
-681	51	15	50	328170	0
-684	64	21	70	347079	0
-703	214	14	207	381081	0
-680	57	23	66	381684	0
-683	62	4	43	379992	0
-643	75	18	89	379209	0
-632	43	27	52	379902	0
-667	66	11	50	379371	0
-657	43	16	48	380082	0
-658	66	20	70	380253	0

-656	169	16	165	379290	0
-651	71	14	69	379029	0
-644	41	24	51	379038	0
-672	72	19	67	378831	0
-641	64	4	49	378624	0
-605	68	7	71	378651	0
-574	65	16	74	378597	0
-674	101	4	89	377328	0
-677	62	10	68	379290	0
-706	106	15	111	377445	0
-663	76	9	70	378768	0
-683	113	11	115	378984	0

-667	116	17	122	379434	0
-706	61	6	50	379371	0
-658	215	21	230	379290	0
-669	55	14	48	378516	0
-656	46	18	50	378606	0
-633	57	4	43	378759	0
-664	68	8	72	379290	0
-683	116	9	117	378804	0
-649	66	20	77	378066	0
-636	47	23	50	378354	0
-592	78	17	72	379173	0
-664	28	11	22	379641	0
-624	73	8	70	379632	0
-641	50	10	52	379209	0

-596	78	23	91	378804	0
-617	46	23	46	380595	0
-581	70	23	70	380829	0
-671	108	5	90	382395	0
-645	126	17	138	383727	0
-704	108	0	91	338187	0
-688	116	17	133	319269	0
-716	106	0	89	314148	0
-676	107	4	111	314409	0
-676	33	21	50	314121	0
-646	63	4	46	314157	0
-688	58	13	67	313941	0

-678	110	18	115	313545	0
-672	40	23	45	313725	0
-677	127	6	110	312015	0
-660	50	22	66	312465	0
-661	67	0	45	312600	0
-40686	374	13	387	312852	0
-40703	117	14	118	313680	0
-40670	67	13	66	313842	0
-40674	29	8	24	314517	0

-40653	54	24	70	314121	0
-40645	42	5	23	314526	0
-40621	57	11	63	314229	0
-637	51	6	46	314418	0
-635	35	19	48	314301	0
-711	56	15	52	315624	0
-688	57	4	46	315453	0
-668	54	21	71	316173	0
-647	53	13	45	315903	0
-648	66	13	66	315921	0
-585	96	13	96	314751	0
-600	52	4	43	315597	0
-679	121	13	130	315777	0
-682	65	22	74	315759	0

-677	205	22	205	314994	0
-707	103	8	89	314733	0
-668	71	25	88	315039	0
-660	42	4	21	314724	0
-640	53	17	66	315570	0
-691	49	16	48	315291	0
-657	167	6	157	315381	0
-659	32	0	26	315525	0
-711	49	17	66	314814	0
-705	339	24	346	315237	0

-687	217	18	211	310314	0
-651	169	9	160	310485	0
-685	167	25	183	311376	0
-691	60	8	43	311223	0
-678	47	10	49	311196	0
-683	29	7	26	310566	0
-691	158	14	165	310629	0
-675	50	11	47	311745	0
-676	32	5	26	311142	0
-700	109	5	109	312015	0

-677	57	17	69	311619	0
-686	256	15	254	312024	0
-722	99	13	97	311610	0
-691	64	20	71	312123	0
-707	50	17	47	311682	0
-675	65	23	71	311538	0
-694	48	18	43	311493	0
-665	62	4	48	311952	0
-702	63	9	68	312105	0
-691	211	7	209	313860	0
-694	65	11	69	313860	0

-662	64	14	67	313239	0
-671	24	14	24	313203	0
-701	171	25	182	311952	0
-711	57	15	47	311313	0
-718	60	21	66	311196	0
-696	221	24	224	310827	0
-672	57	14	47	310899	0
-666	73	9	68	310917	0
-672	61	18	70	311727	0
-666	72	14	68	312312	0
-656	43	19	48	312222	0
-676	114	10	105	313275	0

-688	155	13	158	313896	0
-653	136	17	140	314184	0
-699	53	12	48	314319	0
-676	123	22	133	313977	0
-657	53	14	45	314265	0
-686	103	23	112	314850	0
-697	157	21	155	314301	0
-657	72	22	73	314283	0
-650	74	15	67	314679	0

-709	108	0	93	314751	0
-676	67	6	73	314418	0
-664	45	8	47	314211	0
-635	62	12	66	314319	0
-666	36	25	49	314184	0
-673	60	15	50	324012	0
-666	40	21	46	332274	0
-678	54	11	44	359616	0
-690	54	22	65	368076	0
-691	266	8	252	371730	0
-636	89	8	89	372441	0
-635	35	20	47	372648	0

-689	212	6	198	370875	0
-657	66	6	66	370551	0
-664	126	12	132	369471	0
-647	50	9	47	370596	0
-622	91	15	97	370776	0
-668	55	6	46	366996	0
-649	51	21	66	367788	0
-607	76	16	71	366807	0
-587	53	8	45	368526	0
-574	46	11	49	368427	0
-554	54	22	65	368292	0
-671	184	16	178	371280	0

-690	114	17	115	367995	0
-697	60	0	43	369237	0
-686	77	13	90	369597	0
-715	105	5	97	368652	0
-676	71	21	87	368526	0
-643	66	22	67	368472	0
-637	40	7	25	368562	0
-646	57	16	66	368265	0
-657	123	21	128	367140	0
-647	44	0	23	368301	0
-610	69	21	90	367599	0
-595	49	19	47	367248	0
-584	44	23	48	367509	0
-631	53	14	44	367500	0
-633	32	4	22	366366	0
-704	63	13	72	367356	0

-669	68	12	67	367860	0
-662	40	16	44	367266	0
-701	61	28	73	368013	0
-685	116	7	95	367104	0
-667	117	5	115	366726	0
-668	66	8	69	367626	0
-629	73	10	75	368346	0
-654	41	15	46	367005	0
-642	79	8	72	366753	0
-634	42	15	49	365763	0
-590	77	5	67	366519	0
-685	72	23	90	365691	0
-652	66	5	48	365637	0
-687	65	9	69	365511	0

-638	83	25	99	365853	0
-640	64	7	46	365304	0
-630	44	8	45	365421	0
-628	68	14	74	365619	0
-598	64	20	70	365376	0
-599	37	7	24	365205	0
-566	60	14	67	365169	0
-630	36	21	43	365079	0
-626	38	7	24	365439	0
-642	50	7	50	365169	0
-628	48	5	46	366006	0
-614	48	21	64	365133	0
-602	45	0	24	364962	0
-686	116	22	138	368067	0
-694	59	14	51	369651	0
-652	75	5	66	369318	0
-680	106	16	117	369021	0

-685	61	4	49	370524	0
-655	64	9	69	368562	0
-654	34	23	48	369111	0
-692	62	6	45	369912	0
-652	72	24	90	371046	0
-652	35	11	22	371793	0
-684	67	15	71	366888	0
-667	217	7	209	327765	0
-672	61	14	68	318036	0
-668	39	0	25	314202	0
-642	58	8	66	313572	0
-677	99	0	91	310161	0
-687	157	19	176	310269	0

-674	46	0	27	309864	0
-657	216	26	242	307281	0
-649	42	6	22	307632	0
-691	58	18	70	305607	0
-680	145	8	135	306282	0
-696	50	7	49	307326	0
-668	62	9	64	307794	0
-710	58	25	74	309387	0
-699	144	0	119	309702	0
-692	74	12	86	310485	0
-671	121	0	109	309864	0

-643	61	4	65	310278	0
-705	104	20	120	310359	0
-681	57	8	45	310476	0
-688	60	22	74	310863	0
-691	164	17	159	311151	0
-708	49	13	45	311880	0
-661	115	22	124	312348	0
-650	43	6	27	312033	0
-613	72	23	89	312411	0
-607	38	7	22	312186	0
-608	34	18	45	312582	0
-593	48	17	47	312267	0
-649	44	24	51	312339	0
-657	58	16	50	312474	0

-656	68	14	66	313104	0
-662	27	11	24	312609	0
-628	68	16	73	313176	0
-623	38	27	49	312717	0
-623	32	17	22	312465	0
-593	64	0	47	313392	0
-626	33	10	43	313491	0
-623	37	17	44	312951	0
-632	58	8	49	313212	0
-672	59	7	58	313473	0
-674	32	0	25	314166	0
-643	65	4	69	313653	0
-623	53	22	71	313455	0
-626	30	14	22	312519	0
-635	57	24	67	313635	0
-607	63	3	42	313311	0
-610	30	17	44	313851	0
-649	61	22	66	314940	0
-679	70	0	48	346251	0

-703	208	21	229	402231	0
-693	110	5	94	402528	0
-669	59	14	68	395652	0
-695	106	4	96	371487	0
-652	76	15	87	368175	0
-647	39	21	45	366834	0
-616	64	4	47	364962	0
-648	36	16	48	364395	0
-684	64	22	70	363405	0
-661	56	11	45	361461	0
-651	77	4	70	359571	0
-650	67	4	67	360012	0
-637	47	4	47	361047	0
-642	61	12	69	360417	0

-632	44	16	48	360606	0
-585	80	11	75	361452	0
-656	61	18	68	359571	0
-681	75	13	70	358815	0
-664	118	9	114	359256	0
-658	39	17	47	359589	0
-626	65	22	70	361083	0
-609	50	24	52	361290	0
-623	54	20	50	361443	0
-607	49	13	42	361209	0
-602	39	20	46	361992	0
-576	59	4	43	361632	0
-593	49	4	49	361317	0
-589	37	15	48	361335	0
-550	73	11	69	361209	0
-563	54	4	47	361380	0
-593	70	23	89	361317	0

-586	40	6	23	361605	0
-572	81	16	91	361587	0
-523	16	26	26	360975	0
-599	56	16	46	362325	0
-646	86	19	89	362640	0
-643	37	8	26	362343	0
-612	64	13	69	362442	0
-637	42	22	51	359778	0
-657	114	22	114	359634	0
-647	43	24	45	358599	0
-622	59	12	47	358428	0
-605	50	4	42	357375	0
-617	55	13	64	358554	0
-602	48	14	49	358833	0
-623	79	5	70	360129	0
-605	51	4	50	360489	0
-606	33	14	43	360453	0
-621	51	9	46	359625	0

-644	76	9	76	358815	0
-646	32	21	44	358329	0
-608	71	24	74	357978	0
-673	69	3	48	360552	0
-655	51	22	70	361542	0
-656	65	8	51	361560	0
-657	33	21	46	361713	0
-616	74	16	69	361884	0
-619	30	9	23	361506	0
-630	57	23	71	362541	0
-654	43	5	25	362658	0
-624	63	10	68	362271	0
-683	108	19	117	358239	0
-658	58	4	43	359445	0
-645	80	18	94	358608	0
-653	58	11	51	361182	0
-638	49	8	46	358194	0

-597	74	23	89	355710	0
-590	39	12	28	341364	0
-587	37	23	48	334038	0
-626	61	11	49	338142	0
-653	173	0	162	307434	0
-641	45	22	67	306534	0
-646	62	8	48	305643	0
-671	42	13	47	305256	0
-644	61	22	70	304329	0
-643	34	15	27	304167	0
-644	32	6	23	304266	0
-702	142	21	157	304716	0
-675	61	5	45	304707	0
-686	55	17	67	304770	0
-661	59	9	51	305022	0

-669	57	20	68	305337	0
-661	42	22	44	305247	0
-663	64	9	51	305724	0
-661	36	23	50	306741	0
-680	51	20	48	306876	0
-674	36	5	21	307128	0
-649	58	18	71	307002	0
-638	44	0	26	307056	0
-643	62	4	66	306867	0
-642	34	19	49	307389	0
-633	43	24	48	306786	0
-610	56	17	49	307938	0
-611	33	7	23	308208	0
-612	33	21	47	308892	0
-669	43	26	48	308838	0
-710	59	14	47	306624	0
-693	49	9	44	305760	0
-700	61	15	67	306390	0
-683	49	13	47	305904	0
-687	64	22	73	304347	0
-657	63	4	45	304860	0

-668	22	6	24	305616	0
-711	57	24	75	307686	0
-654	124	11	111	306120	0
-659	28	4	21	305805	0
-635	58	15	69	306030	0
-652	49	13	47	307533	0
-619	67	17	71	307821	0
-612	40	0	23	306417	0
-604	40	4	44	306300	0
-586	52	25	73	307848	0
-608	45	4	24	322905	0
-624	50	7	53	340815	0
-605	52	0	45	354936	0
-584	88	20	108	365664	0
-598	53	14	47	375969	0
-591	40	23	49	376860	0
-611	48	21	46	376212	0
-597	47	22	48	375924	0

-599	98	13	89	376302	0
-587	45	17	49	376518	0
-573	81	4	68	377202	0
-576	30	16	42	377031	0
-565	45	19	48	376500	0
-605	60	4	45	377301	0
-653	52	24	72	376878	0
-649	69	23	68	376842	0
-629	54	14	45	376536	0
-631	65	16	67	376887	0
-620	44	23	51	375888	0
-607	80	9	66	376266	0
-610	30	23	44	376356	0
-598	45	22	44	376770	0
-660	72	16	66	377202	0
-627	67	23	74	377724	0

-659	168	16	161	377283	0
-650	42	22	48	375114	0
-693	57	10	45	376131	0
-665	61	19	70	376473	0
-660	39	4	24	377103	0
-679	146	0	142	381018	0
-676	37	10	47	383619	0
-667	76	0	66	383709	0
-665	35	14	49	384870	0
-661	70	13	69	385212	0
-652	43	14	44	374259	0
-606	79	7	72	374565	0
-590	50	3	46	373980	0
-581	43	9	49	374619	0
-558	56	0	47	374142	0
-538	53	21	74	373899	0

-557	81	6	66	374268	1
-518	6	26	26	373989	0
-544	74	25	73	374250	0
-559	52	20	47	374349	0
-563	62	5	47	375177	0
-519	11	16	22	374556	0
-517	69	11	64	374673	0
-509	41	13	43	374313	0
-584	57	4	48	374160	0
-468	17	9	22	374466	0
-551	50	4	45	373512	0
-533	51	22	69	372369	0
-553	80	8	66	374142	0
-505	16	15	23	373350	0
-549	56	4	45	374475	0
-536	45	3	44	373296	0
-530	39	13	49	372360	0
-572	59	20	66	372612	0
-555	51	16	47	373773	0
-565	56	4	44	375609	0
-504	27	22	45	374547	0
-519	53	14	45	375006	0

-474	79	4	69	565494	0
-431	110	8	114	563847	0
-376	157	9	158	556899	0
-361	79	22	92	523734	0
-357	71	21	70	510252	1
-145	11	38	28	564414	0
-367	111	21	94	488850	0
-334	67	24	70	484260	1
108	9	40	25	564756	0
-252	105	10	75	481380	0
-204	81	22	93	478698	0
-259	46	21	45	473064	0
-231	62	8	49	470634	0

379	77	0	69	561543	0
-156	64	4	68	468105	0
-93	97	22	115	467016	0
46	71	23	72	469194	0
-90	98	15	90	460743	1
51	8	35	28	466161	0
-93	56	4	25	457413	0
660	86	11	93	506787	0
-246	61	0	50	444057	0
808	22	3	25	515391	0
-183	74	4	75	442905	0
-163	86	9	91	440511	0
-171	92	12	95	438900	1
303	8	25	21	456441	0
282	46	6	27	453804	0
21	6	24	24	440934	0
-93	51	17	44	438144	0

-67	127	22	132	438162	0
-83	151	13	142	438603	1
25	8	30	25	438612	0
-129	46	9	25	437658	0
1379	9	23	23	495177	0
-127	60	8	45	435705	0
445	37	23	52	439944	0
369	59	14	50	438090	0
-50	47	17	50	434400	0
364	48	14	45	438522	0
-72	64	24	74	435174	0
-101	71	27	74	435363	1
182	16	35	24	435039	0
-30	88	16	69	434985	0
-39	90	18	92	433446	1
1768	7	36	25	474873	0
-13	52	12	28	433023	0
13	60	23	71	433041	0

14	67	24	68	432249	0
483	37	13	26	434193	1
1459	9	30	26	452292	0
81	55	22	47	432249	0
645	65	4	47	434364	0
86	41	10	47	433554	0
567	47	13	50	435030	0
142	75	9	71	436947	0
62	54	23	68	450465	0
649	53	15	45	434346	0
111	62	0	47	463821	0
115	71	22	93	478923	0
148	101	11	90	494484	0
2080	31	4	24	450249	0
605	57	12	65	435012	0
606	69	14	71	439314	0
906	32	5	23	432258	0
2640	68	4	67	464505	0

872	32	17	45	433140	0
1402	30	8	21	434616	0
606	38	12	42	471192	0
602	62	17	67	486060	0
906	71	11	65	442374	0
2698	59	21	69	455235	0
684	53	16	48	506688	0
2253	34	11	29	437793	0
2104	85	17	91	439395	0
904	67	19	69	502107	0

