DelayToEnqueue	DeltaEnqueue	QueueDelay	DeltaDequeue	FrameSize	Buffer	RemotePort	LocalPort
16	0	1	0	221078	0	51773	48004
8	1	8	8	223625	0	51772	48003
17	37	1	30	223454	0	51773	48004
14	30	1	30	223985	0	51773	48004
12	32	5	36	225650	0	51773	48004
11	32	3	30	228179	0	51773	48004
10	32	1	30	230915	0	51773	48004
8	31	6	36	234002	0	51773	48004
7	32	4	30	238475	0	51773	48004
6	33	1	30	243560	0	51773	48004
7	34	3	36	249140	0	51773	48004
5	31	2	30	255449	0	51773	48004
17	46	4	48	260930	0	51773	48004
17	33	1	30	264476	0	51773	48004
12	28	3	30	264989	0	51773	48004
15	38	1	36	261812	0	51773	48004
13	30	1	30	261272	0	51773	48004
13	33	3	35	262271	0	51773	48004
10	31	2	30	265466	0	51773	48004
9	32	6	36	267914	0	51773	48004
8	32	4	30	271127	0	51773	48004
7	33	1	30	272846	0	51773	48004
6	32	5	36	273989	0	51773	48004
3	30	5	30	274709	0	51773	48004
17	49	4	48	272027	0	51773	48004
17	33	1	30	269219	0	51773	48004
17	32	5	36	266141	0	51773	48004
15	32	3	30	260651	0	51773	48004
13	31	2	30	256835	0	51773	48004
11	31	1	30	254828	0	51773	48004

9	32	5	36	251210	0	51773	48004
9	33	2	30	247205	0	51773	48004
8	32	6	36	244829	0	51773	48004
7	33	3	30	241724	0	51773	48004
5	31	2	30	240041	0	51773	48004
2	31	1	30	238385	0	51773	48004
16	48	1	48	236495	0	51773	48004
15	32	5	36	235469	0	51773	48004
14	32	3	30	233354	0	51773	48004
13	32	1	30	229970	0	51773	48004
11	31	5	35	228008	0	51773	48004
10	32	3	30	225614	0	51773	48004
8	32	1	30	222077	0	51773	48004
7	32	5	36	220043	0	51773	48004
7	33	2	30	218189	0	51773	48004
7	34	4	36	216794	0	51773	48004
3	29	5	30	215192	0	51773	48004
3	33	2	30	213014	0	51773	48004
17	48	2	48	211799	0	51773	48004
16	32	6	36	209738	0	51773	48004
15	32	4	30	208307	0	51773	48004
13	32	2	30	206138	0	51773	48004
12	32	6	36	203780	0	51773	48004
11	32	5	31	200810	0	51773	48004
7	30	5	30	197543	0	51773	48004
7	33	2	30	194555	0	51773	48004
5	31	1	30	190955	0	51773	48004
5	34	3	36	187832	0	51773	48004
5	33	6	36	183431	0	51773	48004
3	31	5	30	178733	0	51773	48004

14	45	2	42	173477	0	51773	48004
15	34	4	36	167519	0	51773	48004
14	32	2	30	164774	0	51773	48004
12	32	6	36	162209	0	51773	48004
11	32	4	30	159995	0	51773	48004
10	32	1	29	156863	0	51773	48004
7	31	6	36	154397	0	51773	48004
5	31	5	30	153776	0	51773	48004
6	34	1	30	153029	0	51773	48004
4	32	6	37	152930	0	51773	48004
16	45	3	42	152084	0	51773	48004
15	32	1	30	150995	0	51773	48004
14	33	4	36	150482	0	51773	48004
14	33	1	30	149474	0	51773	48004
11	30	1	30	149249	0	51773	48004
9	32	5	36	148520	0	51773	48004
9	33	2	30	147404	0	51773	48004
7	31	1	30	146810	0	51773	48004
7	34	2	35	145919	0	51773	48004
7	33	5	36	145982	0	51773	48004
5	31	4	30	145028	0	51773	48004
18	47	4	47	144497	0	51773	48004
16	30	4	30	145028	0	51773	48004
17	35	5	36	145532	0	51773	48004
12	29	6	30	145496	0	51773	48004
12	33	3	30	144821	0	51773	48004
12	32	1	30	144218	0	51773	48004
9	32	4	35	143156	0	51773	48004
8	31	3	30	142256	0	51773	48004
8	33	6	36	141284	0	51773	48004

8	35	1	30	139826	0	51773	48004
7	31	6	36	138584	0	51773	48004
4	31	5	30	137306	0	51773	48004
2	32	3	30	136397	0	51773	48004
2	33	6	36	135686	0	51773	48004
14	45	3	42	134858	0	51773	48004
13	33	6	36	134318	0	51773	48004
12	32	4	30	134804	0	51773	48004
11	32	2	30	135668	0	51773	48004
9	32	6	36	136316	0	51773	48004
8	32	4	30	137144	0	51773	48004
9	34	1	31	138089	0	51773	48004
7	32	5	36	138692	0	51773	48004
5	31	4	30	139016	0	51773	48004
3	31	3	30	139025	0	51773	48004
3	34	5	36	138863	0	51773	48004
2	32	3	30	138926	0	51773	48004
15	45	5	47	138881	0	51773	48004
14	34	1	30	139727	0	51773	48004
13	31	6	36	140402	0	51773	48004
10	30	6	30	141050	0	51773	48004
7	32	4	30	142949	0	51773	48004
7	33	1	30	143831	0	51773	48004
7	33	4	36	145919	0	51773	48004
7	34	6	36	147440	0	51773	48004
6	32	4	30	150176	0	51773	48004
4	31	3	30	152876	0	51773	48004
11	41	4	42	154685	0	51773	48004
15	37	3	36	156863	0	51773	48004
13	31	2	30	158240	0	51773	48004

12	33	5	36	160760	0	51773	48004
11	33	2	30	162128	0	51773	48004
10	31	1	30	163334	0	51773	48004
7	31	6	36	163631	0	51773	48004
7	33	2	29	163073	0	51773	48004
5	31	1	30	162965	0	51773	48004
6	35	2	36	166196	0	51773	48004
5	32	6	36	165719	0	51773	48004
17	46	1	41	166691	0	51773	48004
14	30	1	30	167105	0	51773	48004
15	34	3	36	167789	0	51773	48004
14	32	1	30	167105	0	51773	48004
10	30	1	30	167915	0	51773	48004
10	33	4	36	167240	0	51773	48004
9	32	2	30	167402	0	51773	48004
8	33	5	36	166277	0	51773	48004
7	32	3	30	165629	0	51773	48004
6	32	1	30	165152	0	51773	48004
5	33	3	35	165404	0	51773	48004
18	46	5	48	165440	0	51773	48004
2	17	6	18	164477	0	51773	48004
14	46	2	42	164396	0	51773	48004
14	33	5	36	163685	0	51773	48004
11	30	5	30	161723	0	51773	48004
9	32	3	30	160067	0	51773	48004
9	33	6	36	156791	0	51773	48004
9	33	2	29	153659	0	51773	48004
7	32	6	36	150806	0	51773	48004
8	34	2	30	148106	0	51773	48004
5	30	2	30	145874	0	51773	48004
2	31	1	30	144119	0	51773	48004

2	33	4	36	143678	0	51773	48004
2	33	6	35	142454	0	51773	48004
14	46	2	42	142175	0	51773	48004
14	33	4	35	142436	0	51773	48004
13	32	2	30	144146	0	51773	48004
10	31	1	30	145442	0	51773	48004
9	32	5	36	147737	0	51773	48004
8	32	3	30	149096	0	51773	48004
7	33	6	36	151436	0	51773	48004
7	33	3	30	153470	0	51773	48004
5	31	2	30	153902	0	51773	48004
6	35	2	35	154982	0	51773	48004
3	30	2	30	154964	0	51773	48004
16	46	4	48	154001	0	51773	48004
14	32	2	30	153101	0	51773	48004
9	28	4	30	152624	0	51773	48004
13	37	2	35	151913	0	51773	48004
8	29	3	30	150968	0	51773	48004
8	33	6	36	150392	0	51773	48004
7	32	4	30	150032	0	51773	48004
6	33	1	30	148538	0	51773	48004
6	33	4	36	146639	0	51773	48004
3	30	4	30	144074	0	51773	48004
17	48	4	48	142769	0	51773	48004
17	33	1	30	140924	0	51773	48004
17	33	4	36	138368	0	51773	48004
13	30	4	30	137126	0	51773	48004
8	28	6	30	137792	0	51773	48004
11	36	5	35	140303	0	51773	48004
9	32	3	30	143813	0	51773	48004

8	32	1	30	148097	0	51773	48004
9	33	4	36	150383	0	51773	48004
5	31	3	30	151616	0	51773	48004
4	32	1	30	153011	0	51773	48004
3	32	5	36	154469	0	51773	48004
4	35	0	30	156152	0	51773	48004
2	31	5	36	156962	0	51773	48004
14	45	1	41	157889	0	51773	48004
14	34	3	36	158654	0	51773	48004
11	30	3	30	160211	0	51773	48004
10	32	1	30	160778	0	51773	48004
8	32	5	36	161255	0	51773	48004
7	32	3	30	161822	0	51773	48004
7	33	6	36	163280	0	51773	48004
6	33	3	30	167528	0	51773	48004
19	46	5	48	168833	0	51773	48004
5	19	3	17	167042	0	51773	48004
16	45	6	48	162677	0	51773	48004
16	33	3	30	157502	0	51773	48004
14	31	2	30	154271	0	51773	48004
13	33	5	36	153434	0	51773	48004
11	31	4	30	154262	0	51773	48004
9	31	3	30	158024	0	51773	48004
7	32	1	30	163865	0	51773	48004
8	34	3	36	167690	0	51773	48004
6	31	2	30	166736	0	51773	48004
6	34	4	36	165206	0	51773	48004
4	31	3	30	163154	0	51773	48004
3	32	1	30	160706	0	51773	48004
15	46	2	47	158816	0	51773	48004

11	29	3	30	160148	0	51773	48004
13	35	4	36	165278	0	51773	48004
10	31	3	30	170642	0	51773	48004
9	32	1	30	175259	0	51773	48004
9	33	3	35	176951	0	51773	48004
7	32	1	30	178652	0	51773	48004
5	31	6	36	179768	0	51773	48004
6	34	2	30	179516	0	51773	48004
4	32	6	36	179390	0	51773	48004
2	31	5	30	178661	0	51773	48004
16	47	6	48	177707	0	51773	48004
15	33	3	30	176528	0	51773	48004
13	31	2	30	176015	0	51773	48004
11	31	1	30	176456	0	51773	48004
9	32	5	36	175943	0	51773	48004
10	34	1	30	175655	0	51773	48004
9	32	5	36	175115	0	51773	48004
9	34	1	30	175421	0	51773	48004
7	31	6	36	174512	0	51773	48004
5	31	4	29	174944	0	51773	48004
19	48	4	48	174980	0	51773	48004
2	16	6	18	174584	0	51773	48004
15	46	2	42	174485	0	51773	48004
16	35	3	36	174737	0	51773	48004
12	29	4	30	174710	0	51773	48004
12	33	1	30	174917	0	51773	48004
10	32	5	36	175232	0	51773	48004
9	32	3	30	174413	0	51773	48004
8	32	1	30	174854	0	51773	48004
5	31	6	36	174449	0	51773	48004

6	34	2	30	174170	0	51773	48004
6	33	4	35	174656	0	51773	48004
1	29	5	30	174332	0	51773	48004
15	47	6	48	175061	0	51773	48004
15	33	3	30	174512	0	51773	48004
11	30	3	30	174422	0	51773	48004
11	33	6	36	174728	0	51773	48004
9	31	5	30	174440	0	51773	48004
7	32	3	30	174287	0	51773	48004
8	34	5	36	174008	0	51773	48004
7	32	3	30	173981	0	51773	48004
5	32	1	30	173738	0	51773	48004
5	33	4	36	173999	0	51773	48004
4	32	2	30	174629	0	51773	48004
15	45	4	47	174737	0	51773	48004
16	34	6	36	174521	0	51773	48004
15	32	4	30	174476	0	51773	48004
13	32	2	30	173351	0	51773	48004
10	30	2	30	172244	0	51773	48004
9	32	6	36	171371	0	51773	48004
8	33	3	30	170552	0	51773	48004
8	33	6	36	168905	0	51773	48004
7	32	3	29	166763	0	51773	48004
5	32	1	30	165026	0	51773	48004
4	31	6	36	160994	0	51773	48004
1	31	5	30	156719	0	51773	48004
16	49	4	48	153344	0	51773	48004
15	32	2	30	149303	0	51773	48004
12	30	2	30	144569	0	51773	48004
10	32	6	36	139070	0	51773	48004

9	32	4	30	132959	0	51773	48004
8	32	2	30	129080	0	51773	48004
7	33	5	36	126929	0	51773	48004
7	33	2	30	125156	0	51773	48004
7	33	5	36	125237	0	51773	48004
4	31	4	30	121043	0	51773	48004
3	32	2	30	116390	0	51773	48004
17	47	3	48	111296	0	51773	48004
19	36	3	36	108182	0	51773	48004
5	28	5	30	107579	0	51773	48004
18	37	4	36	104060	0	51773	48004
10	26	2	24	102674	0	51773	48004
11	34	4	36	102224	0	51773	48004
8	30	4	30	98633	0	51773	48004
7	32	1	29	98534	0	51773	48004
6	32	5	36	97994	0	51773	48004
7	34	1	30	96716	0	51773	48004
4	32	5	36	94835	0	51773	48004
4	32	3	30	92630	0	51773	48004
2	32	1	30	90569	0	51773	48004
16	47	2	48	90200	0	51773	48004
14	32	6	36	89777	0	51773	48004
11	30	6	30	88436	0	51773	48004
9	32	4	30	87302	0	51773	48004
8	32	2	30	87140	0	51773	48004
7	32	6	36	86456	0	51773	48004
7	34	2	30	85052	0	51773	48004
5	31	1	30	85619	0	51773	48004
4	32	5	36	85142	0	51773	48004
3	33	2	30	85214	0	51773	48004

17	47	3	48	84341	0	51773	48004
2	18	3	18	84332	0	51773	48004
14	46	5	48	83936	0	51773	48004
14	33	2	30	85088	0	51773	48004
10	29	2	29	84377	0	51773	48004
10	34	4	36	84998	0	51773	48004
9	31	3	30	85385	0	51773	48004
8	33	6	36	85124	0	51773	48004
5	31	5	30	84629	0	51773	48004
4	32	3	30	84251	0	51773	48004
3	32	1	30	84233	0	51773	48004
17	48	1	48	83441	0	51773	48004
2	18	1	18	84656	0	51773	48004
16	47	2	48	85430	0	51773	48004
12	30	2	30	86438	0	51773	48004
13	34	4	36	86474	0	51773	48004
10	30	4	30	88247	0	51773	48004
8	32	2	30	89192	0	51773	48004
8	33	5	36	88418	0	51773	48004
9	34	1	30	88877	0	51773	48004
7	32	5	36	88760	0	51773	48004
4	31	3	29	90200	0	51773	48004
3	30	3	30	89642	0	51773	48004
14	48	3	48	90245	0	51773	48004
1	17	4	18	90623	0	51773	48004
14	46	6	48	91640	0	51773	48004
15	35	1	30	91406	0	51773	48004
10	29	2	30	91901	0	51773	48004
9	32	6	36	91235	0	51773	48004
8	32	4	30	89795	0	51773	48004
7	33	1	30	91487	0	51773	48004

7	33	4	36	90056	0	51773	48004
5	32	2	30	90407	0	51773	48004
5	33	5	36	89543	0	51773	48004
2	30	5	30	89345	0	51773	48004
17	49	4	48	88904	0	51773	48004
15	31	3	30	89111	0	51773	48004
15	33	6	36	90668	0	51773	48004
11	30	6	30	90983	0	51773	48004
11	33	3	30	91271	0	51773	48004
11	33	6	36	90812	0	51773	48004
8	31	5	30	90461	0	51773	48004
7	32	3	30	90056	0	51773	48004
7	32	6	35	89444	0	51773	48004
5	33	3	30	89606	0	51773	48004
4	31	2	30	89021	0	51773	48004
1	31	1	30	88742	0	51773	48004
15	48	1	48	89336	0	51773	48004
15	33	4	36	88085	0	51773	48004
13	31	3	30	87968	0	51773	48004
12	33	6	36	88598	0	51773	48004
9	30	6	30	88472	0	51773	48004
8	32	4	30	88058	0	51773	48004
7	33	1	30	91649	0	51773	48004
7	33	4	36	91469	0	51773	48004
7	33	5	34	91316	0	51773	48004
3	29	6	30	91703	0	51773	48004
2	32	4	30	91982	0	51773	48004
2	34	0	30	91181	0	51773	48004
14	46	2	48	90974	0	51773	48004
12	31	1	30	90929	0	51773	48004

13	34	3	36	91361	0	51773	48004
11	32	1	30	90074	0	51773	48004
8	30	1	30	90011	0	51773	48004
8	33	4	36	89147	0	51773	48004
7	33	1	30	86276	0	51773	48004
6	32	5	36	85169	0	51773	48004
5	32	3	30	82478	0	51773	48004
3	32	1	30	81461	0	51773	48004
17	47	2	48	80849	0	51773	48004
2	18	2	18	76097	0	51773	48004
14	46	4	48	74999	0	51773	48004
14	33	1	30	73442	0	51773	48004
10	28	2	29	64361	0	51773	48004
9	33	5	36	62246	0	51773	48004
9	33	2	30	62462	0	51773	48004
9	33	5	36	60635	0	51773	48004
7	32	3	30	58592	0	51773	48004
6	32	1	30	58115	0	51773	48004
4	31	5	35	57125	0	51773	48004
4	34	1	30	55442	0	51773	48004
3	32	5	36	54272	0	51773	48004
16	46	5	46	53354	0	51773	48004
14	33	2	30	52157	0	51773	48004
11	29	3	30	50879	0	51773	48004
11	33	6	36	49853	0	51773	48004
10	33	3	30	48962	0	51773	48004
9	32	1	30	47675	0	51773	48004
9	33	3	35	46703	0	51773	48004
6	31	1	29	45011	0	51773	48004
7	34	2	35	43949	0	51773	48004

4	31	1	30	43490	0	51773	48004
2	32	5	36	44120	0	51773	48004
1	32	3	30	43193	0	51773	48004
16	48	3	48	44525	0	51773	48004
11	29	4	30	44345	0	51773	48004
12	34	5	35	44759	0	51773	48004
11	32	3	30	45677	0	51773	48004
9	32	1	30	46019	0	51773	48004
7	31	6	36	45137	0	51773	48004
8	34	1	29	46460	0	51773	48004
11	36	1	36	47567	0	51773	48004
4	26	5	30	49439	0	51773	48004
2	32	3	30	51077	0	51773	48004
17	49	2	48	52427	0	51773	48004
2	17	3	18	53489	0	51773	48004
14	46	5	48	55280	0	51773	48004
13	33	2	30	55847	0	51773	48004
10	30	2	30	56666	0	51773	48004
11	34	4	36	57602	0	51773	48004
9	32	2	30	58574	0	51773	48004
7	31	1	30	59177	0	51773	48004
6	32	4	35	61634	0	51773	48004
5	32	2	30	62228	0	51773	48004
4	32	6	36	61715	0	51773	48004
3	32	4	30	60995	0	51773	48004
16	47	5	48	59681	0	51773	48004
15	33	2	30	61364	0	51773	48004
12	30	2	30	59177	0	51773	48004
10	32	6	36	57953	0	51773	48004
10	33	3	30	56963	0	51773	48004

9	33	6	36	55136	0	51773	48004
8	32	4	30	51914	0	51773	48004
8	33	1	30	50924	0	51773	48004
6	31	6	36	49700	0	51773	48004
6	34	2	30	47585	0	51773	48004
4	30	1	29	45281	0	51773	48004
1	30	1	30	43364	0	51773	48004
2	35	2	36	42806	0	51773	48004
15	46	4	48	41420	0	51773	48004
13	31	3	30	40385	0	51773	48004
16	38	1	36	39557	0	51773	48004
10	27	4	30	38486	0	51773	48004
8	31	3	30	37316	0	51773	48004
7	33	6	36	35651	0	51773	48004
6	32	4	30	34742	0	51773	48004
6	33	1	30	33554	0	51773	48004
5	33	4	36	33311	0	51773	48004
1	29	5	30	32897	0	51773	48004
3	35	6	36	32195	0	51773	48004
15	46	2	42	31502	0	51773	48004
13	31	1	30	31466	0	51773	48004
11	31	6	36	31412	0	51773	48004
10	33	3	30	31601	0	51773	48004
11	33	5	35	31799	0	51773	48004
10	32	3	30	31781	0	51773	48004
7	31	2	30	31583	0	51773	48004
6	32	6	36	31574	0	51773	48004
4	32	4	30	31493	0	51773	48004
3	33	1	30	31556	0	51773	48004
1	30	1	30	31574	0	51773	48004
2	35	2	36	31250	0	51773	48004

15	47	3	48	31214	0	51773	48004
14	31	2	30	31187	0	51773	48004
12	32	6	36	30602	0	51773	48004
9	31	5	30	30476	0	51773	48004
10	34	1	30	30350	0	51773	48004
8	31	5	35	30008	0	51773	48004
6	32	3	30	30413	0	51773	48004
6	33	6	36	30098	0	51773	48004
5	32	5	31	29783	0	51773	48004
2	31	4	30	30440	0	51773	48004
1	31	3	30	29972	0	51773	48004
15	48	3	48	30467	0	51773	48004
13	31	2	30	29630	0	51773	48004
13	33	5	36	30206	0	51773	48004
10	31	4	30	30179	0	51773	48004
10	33	1	30	30386	0	51773	48004
8	32	5	36	30107	0	51773	48004
8	33	2	30	29999	0	51773	48004
5	31	1	30	30269	0	51773	48004
5	33	4	36	29846	0	51773	48004
4	32	2	30	30242	0	51773	48004
1	31	6	35	30206	0	51773	48004
16	48	5	47	30917	0	51773	48004
13	30	5	30	31133	0	51773	48004
12	33	2	30	31673	0	51773	48004
9	30	2	30	31799	0	51773	48004
8	32	6	36	32015	0	51773	48004
7	33	3	30	31898	0	51773	48004
8	34	5	36	31736	0	51773	48004

5	30	5	30	31349	0	51773	48004
6	35	4	34	30953	0	51773	48004
4	31	3	30	31547	0	51773	48004
3	32	1	30	31754	0	51773	48004
16	47	2	48	31898	0	51773	48004
14	31	1	30	30575	0	51773	48004
13	32	4	35	29846	0	51773	48004
10	31	3	30	28550	0	51773	48004
11	34	5	36	27794	0	51773	48004
7	29	6	30	26903	0	51773	48004
7	34	2	30	26309	0	51773	48004
7	32	6	36	25238	0	51773	48004
5	31	5	30	24131	0	51773	48004
5	35	6	36	23195	0	51773	48004
3	31	5	30	22079	0	51773	48004
17	47	6	48	21611	0	51773	48004
16	33	3	30	21548	0	51773	48004
14	31	2	30	20999	0	51773	48004
11	30	1	29	21053	0	51773	48004
10	33	4	36	21260	0	51773	48004
9	31	3	30	20774	0	51773	48004
9	33	6	36	20549	0	51773	48004
8	33	3	30	20036	0	51773	48004
7	32	1	30	20585	0	51773	48004
6	32	5	36	20369	0	51773	48004
3	32	3	30	20315	0	51773	48004
0	30	2	29	20756	0	51773	48004
2	35	3	36	20729	0	51773	48004
14	46	5	48	20720	0	51773	48004
11	30	5	30	20729	0	51773	48004
11	33	2	30	20990	0	51773	48004

9	32	6	36	20792	0	51773	48004
8	32	4	30	20990	0	51773	48004
8	33	1	30	20621	0	51773	48004
5	31	6	36	20378	0	51773	48004
5	32	4	30	20279	0	51773	48004
5	33	1	30	20666	0	51773	48004
2	32	5	36	20576	0	51773	48004
16	47	5	47	21143	0	51773	48004
13	30	5	30	21341	0	51773	48004
13	34	1	30	21242	0	51773	48004
12	32	5	36	21134	0	51773	48004
10	31	4	30	21350	0	51773	48004
9	33	1	30	21485	0	51773	48004
8	32	5	36	21575	0	51773	48004
8	33	2	30	21701	0	51773	48004
5	31	1	30	21854	0	51773	48004
3	31	6	36	21728	0	51773	48004
5	35	1	30	22061	0	51773	48004
3	32	5	36	22520	0	51773	48004
15	45	1	41	22322	0	51773	48004
13	30	1	30	22862	0	51773	48004
12	33	4	36	22997	0	51773	48004
12	33	1	30	23042	0	51773	48004
9	31	6	36	22970	0	51773	48004
8	32	4	30	22628	0	51773	48004
7	32	2	30	23204	0	51773	48004
8	34	4	36	23402	0	51773	48004
4	31	3	30	23852	0	51773	48004
4	32	1	30	23762	0	51773	48004
5	34	3	36	23537	0	51773	48004

2	32	1	30	23357	0	51773	48004
15	46	3	48	23384	0	51773	48004
12	30	3	30	23798	0	51773	48004
11	33	6	36	23681	0	51773	48004
12	34	2	30	23222	0	51773	48004
8	29	2	29	23375	0	51773	48004
9	34	4	36	23330	0	51773	48004
7	31	3	30	23510	0	51773	48004
6	32	1	30	23204	0	51773	48004
5	34	3	36	23582	0	51773	48004
1	29	4	30	23276	0	51773	48004
4	35	5	36	23690	0	51773	48004
14	45	2	42	23672	0	51773	48004
14	33	5	36	23933	0	51773	48004
11	30	5	30	23492	0	51773	48004
10	33	2	30	23510	0	51773	48004
9	32	6	36	23672	0	51773	48004
8	32	4	30	24041	0	51773	48004
7	33	1	30	24329	0	51773	48004
5	31	6	36	23861	0	51773	48004
6	34	2	30	23600	0	51773	48004
4	31	6	35	24293	0	51773	48004
3	32	4	30	24176	0	51773	48004
3	33	1	30	24293	0	51773	48004
15	46	3	48	24365	0	51773	48004
11	30	3	30	24383	0	51773	48004
11	33	6	36	24680	0	51773	48004
9	32	4	30	24959	0	51773	48004
9	33	1	30	24716	0	51773	48004
8	32	5	36	24680	0	51773	48004

7	33	2	30	24464	0	51773	48004
6	32	6	36	24734	0	51773	48004
4	31	5	30	23861	0	51773	48004
3	33	2	30	23987	0	51773	48004
17	47	3	48	24446	0	51773	48004
2	18	3	18	23789	0	51773	48004
14	46	5	48	23825	0	51773	48004
17	36	5	36	23708	0	51773	48004
2	27	1	23	23600	0	51773	48004
9	31	6	36	23672	0	51773	48004
7	31	5	30	23501	0	51773	48004
7	33	2	30	23690	0	51773	48004
7	34	4	36	23240	0	51773	48004
6	32	2	30	23393	0	51773	48004
4	31	1	30	23339	0	51773	48004
17	48	1	48	23663	0	51773	48004
2	17	2	18	22961	0	51773	48004
15	46	4	48	23555	0	51773	48004
15	34	6	36	23456	0	51773	48004
11	29	1	24	23375	0	51773	48004
10	33	4	36	23465	0	51773	48004
8	31	3	30	23348	0	51773	48004
9	34	5	36	24140	0	51773	48004
6	30	5	30	23582	0	51773	48004
7	35	6	36	23708	0	51773	48004
4	30	6	30	23186	0	51773	48004
5	34	2	30	23375	0	51773	48004
16	46	4	48	23708	0	51773	48004
14	31	3	30	23663	0	51773	48004
15	34	5	36	24563	0	51773	48004

10	29	6	30	23717	0	51773	48004
10	33	3	30	24140	0	51773	48004
9	32	6	35	24149	0	51773	48004
7	32	4	30	24194	0	51773	48004
6	31	3	30	24302	0	51773	48004
7	34	4	35	24527	0	51773	48004
5	32	2	30	24302	0	51773	48004
3	31	1	30	24491	0	51773	48004
3	33	4	36	25049	0	51773	48004
16	47	5	48	25211	0	51773	48004
18	36	5	36	25778	0	51773	48004
11	26	3	24	27047	0	51773	48004
10	33	6	36	27623	0	51773	48004
11	34	2	30	28199	0	51773	48004
10	32	6	36	28793	0	51773	48004
9	32	4	30	29504	0	51773	48004
6	31	3	30	30539	0	51773	48004
6	33	5	35	31142	0	51773	48004
3	30	5	30	31628	0	51773	48004
4	34	1	30	32051	0	51773	48004
2	32	5	36	32618	0	51773	48004
12	44	2	41	33356	0	51773	48004
14	34	4	36	34310	0	51773	48004
11	30	4	30	35372	0	51773	48004
10	33	1	30	36137	0	51773	48004
11	34	3	36	36299	0	51773	48004
8	30	3	30	36677	0	51773	48004
8	34	5	36	37145	0	51773	48004
6	32	3	30	37136	0	51773	48004
4	31	1	29	37820	0	51773	48004
3	33	4	36	37874	0	51773	48004

17	47	5	48	38306	0	51773	48004
1	17	6	18	38342	0	51773	48004
14	47	1	42	38513	0	51773	48004
14	33	4	36	38495	0	51773	48004
12	31	3	30	38630	0	51773	48004
9	31	2	30	38324	0	51773	48004
8	32	6	36	38306	0	51773	48004
8	32	3	29	38243	0	51773	48004
7	33	6	36	37622	0	51773	48004
6	32	4	30	37865	0	51773	48004
5	32	2	30	37793	0	51773	48004
2	32	6	36	37361	0	51773	48004
16	47	1	42	37577	0	51773	48004
0	17	2	18	37802	0	51773	48004
13	47	3	48	37802	0	51773	48004
11	31	2	30	37262	0	51773	48004
9	31	6	35	36479	0	51773	48004
9	33	3	30	35804	0	51773	48004
8	32	1	30	34715	0	51773	48004
8	33	3	35	32717	0	51773	48004
5	31	2	30	31880	0	51773	48004
4	32	6	36	30791	0	51773	48004
5	34	2	30	29621	0	51773	48004
17	46	3	47	28802	0	51773	48004
1	17	4	18	28451	0	51773	48004
16	48	4	48	28262	0	51773	48004
10	29	5	30	27983	0	51773	48004
11	34	1	30	27605	0	51773	48004
9	31	5	35	27416	0	51773	48004
9	33	2	30	26867	0	51773	48004

6	31	1	30	27056	0	51773	48004
6	32	4	35	26687	0	51773	48004
2	30	4	30	26408	0	51773	48004
4	35	5	36	26300	0	51773	48004
0	30	5	30	26624	0	51773	48004
14	48	5	48	26669	0	51773	48004
15	33	2	30	27047	0	51773	48004
11	30	2	30	27371	0	51773	48004
9	32	6	36	28397	0	51773	48004
7	31	5	30	29414	0	51773	48004
7	33	2	30	30386	0	51773	48004
7	34	4	36	31979	0	51773	48004
6	32	2	30	34202	0	51773	48004
4	31	1	30	35462	0	51773	48004
3	32	4	35	37676	0	51773	48004
15	46	6	48	40529	0	51773	48004
14	32	3	29	46037	0	51773	48004
12	32	1	30	49187	0	51773	48004
14	34	3	36	51968	0	51773	48004
10	30	2	29	55694	0	51773	48004
9	32	6	36	59141	0	51773	48004
7	32	4	30	62705	0	51773	48004
10	35	5	36	65360	0	51773	48004
4	29	6	30	67385	0	51773	48004
4	33	3	30	69743	0	51773	48004
5	34	5	36	71687	0	51773	48004
17	46	1	42	74063	0	51773	48004
2	18	1	18	75890	0	51773	48004
16	47	1	47	78869	0	51773	48004
13	31	6	36	81200	0	51773	48004

11	31	5	30	82739	0	51773	48004
11	32	2	29	85664	0	51773	48004
9	32	6	36	88247	0	51773	48004
8	33	3	30	89255	0	51773	48004
7	32	1	30	90605	0	51773	48004
6	33	4	36	91577	0	51773	48004
5	32	2	30	93179	0	51773	48004
3	31	1	30	92306	0	51773	48004
2	32	4	35	91118	0	51773	48004
15	47	5	48	92144	0	51773	48004
13	31	4	30	90920	0	51773	48004
12	33	1	30	90857	0	51773	48004
11	32	5	36	90353	0	51773	48004
8	30	5	30	89804	0	51773	48004
7	33	2	30	90254	0	51773	48004
6	32	6	36	91343	0	51773	48004
5	32	4	30	91874	0	51773	48004
3	32	2	30	92261	0	51773	48004
3	33	5	36	91955	0	51773	48004
2	32	3	30	92207	0	51773	48004
15	47	4	48	91010	0	51773	48004
13	31	3	30	91001	0	51773	48004
12	32	1	30	92423	0	51773	48004
10	32	6	37	93908	0	51773	48004
9	32	4	30	95852	0	51773	48004
8	31	2	29	97454	0	51773	48004
8	35	3	36	99992	0	51773	48004
7	32	1	30	102341	0	51773	48004
7	33	4	36	103637	0	51773	48004
3	30	4	30	103754	0	51773	48004

2	32	2	30	104672	0	51773	48004
16	47	3	48	103457	0	51773	48004
14	32	1	30	103052	0	51773	48004
13	32	4	35	102404	0	51773	48004
11	31	3	30	101756	0	51773	48004
9	32	1	30	102386	0	51773	48004
10	34	3	36	101954	0	51773	48004
9	32	1	30	100586	0	51773	48004
7	32	5	36	99920	0	51773	48004
7	33	2	30	100073	0	51773	48004
5	31	1	30	99416	0	51773	48004
1	30	6	35	100505	0	51773	48004
3	34	2	30	100658	0	51773	48004
1	32	6	36	99740	0	51773	48004
14	46	2	42	99848	0	51773	48004
13	33	5	36	99911	0	51773	48004
10	30	5	30	99695	0	51773	48004
8	32	3	30	101225	0	51773	48004
7	32	1	30	102503	0	51773	48004
9	35	2	36	104645	0	51773	48004
5	30	2	30	105590	0	51773	48004
5	33	5	36	105419	0	51773	48004
3	31	4	30	105518	0	51773	48004
3	34	6	36	104303	0	51773	48004
16	46	2	42	101918	0	51773	48004
14	31	1	30	101297	0	51773	48004
13	33	4	36	100703	0	51773	48004
11	31	3	30	100775	0	51773	48004
9	31	2	30	101945	0	51773	48004
8	32	6	36	102557	0	51773	48004

7	33	3	30	103484	0	51773	48004
7	33	6	36	104501	0	51773	48004
27	54	6	54	106562	0	51773	48004
3	9	3	6	105932	0	51773	48004
4	34	5	36	107750	0	51773	48004
17	47	6	48	106913	0	51773	48004
15	31	5	30	107543	0	51773	48004
15	33	1	29	107903	0	51773	48004
12	31	6	36	107021	0	51773	48004
9	30	6	30	106454	0	51773	48004
9	33	3	30	106832	0	51773	48004
7	32	1	30	105806	0	51773	48004
7	32	5	36	105428	0	51773	48004
7	34	1	30	104582	0	51773	48004
7	34	3	36	101810	0	51773	48004
4	30	3	30	100577	0	51773	48004
3	32	1	30	99101	0	51773	48004
15	46	3	48	98840	0	51773	48004
13	31	2	30	98912	0	51773	48004
13	33	5	36	98471	0	51773	48004
11	32	3	30	99146	0	51773	48004
11	33	6	36	98048	0	51773	48004
9	32	3	29	96581	0	51773	48004
7	31	2	30	96896	0	51773	48004
6	31	1	30	95735	0	51773	48004
5	33	4	36	95384	0	51773	48004
3	32	2	30	95357	0	51773	48004
17	47	3	48	95555	0	51773	48004
2	18	3	18	95978	0	51773	48004
15	47	4	48	95726	0	51773	48004

13	31	3	30	94916	0	51773	48004
13	33	6	36	96653	0	51773	48004
11	32	4	30	97148	0	51773	48004
10	32	2	30	98219	0	51773	48004
8	31	5	34	101513	0	51773	48004
7	32	3	30	102116	0	51773	48004
6	32	1	30	103574	0	51773	48004
4	32	5	36	106535	0	51773	48004
3	32	3	30	107246	0	51773	48004
16	47	3	47	109874	0	51773	48004
2	18	3	18	111989	0	51773	48004
14	46	5	48	114608	0	51773	48004
14	33	2	30	118766	0	51773	48004
11	31	1	30	117425	0	51773	48004
9	32	5	36	118172	0	51773	48004
9	33	2	30	119432	0	51773	48004
8	32	6	36	122006	0	51773	48004
7	33	3	30	121754	0	51773	48004
6	32	1	30	124319	0	51773	48004
5	32	5	36	126011	0	51773	48004
3	32	3	30	129026	0	51773	48004
3	33	6	36	130601	0	51773	48004
18	48	6	48	134075	0	51773	48004
13	29	1	24	136532	0	51773	48004
13	33	4	36	138611	0	51773	48004
11	31	3	30	141149	0	51773	48004
10	33	6	36	143759	0	51773	48004
9	32	4	30	146342	0	51773	48004
9	33	6	35	150266	0	51773	48004
7	31	5	30	152642	0	51773	48004
5	32	3	30	154955	0	51773	48004

5	33	6	36	157106	0	51773	48004
18	47	1	42	157979	0	51773	48004
4	19	6	24	159536	0	51773	48004
15	44	4	42	160157	0	51773	48004
12	31	3	30	161975	0	51773	48004
14	35	3	35	164126	0	51773	48004
11	30	3	30	166007	0	51773	48004
9	32	1	30	168680	0	51773	48004
10	34	3	36	171614	0	51773	48004
8	31	2	30	174962	0	51773	48004
6	32	6	36	177752	0	51773	48004
6	33	3	30	181388	0	51773	48004
4	31	2	30	183395	0	51773	48004
18	48	2	48	184979	0	51773	48004
2	17	3	18	186194	0	51773	48004
16	47	4	48	188390	0	51773	48004
11	30	4	30	190829	0	51773	48004
11	33	6	35	193466	0	51773	48004
10	31	5	30	195869	0	51773	48004
9	32	3	30	197453	0	51773	48004
9	33	6	36	198704	0	51773	48004
7	32	4	30	200297	0	51773	48004
5	32	2	30	201188	0	51773	48004
5	32	6	36	202664	0	51773	48004
4	33	3	30	204311	0	51773	48004
17	47	4	48	204302	0	51773	48004
3	19	3	18	206660	0	51773	48004
16	46	5	48	207587	0	51773	48004
12	30	5	30	209738	0	51773	48004
13	34	1	30	212924	0	51773	48004

10	31	6	36	212528	0	51773	48004
10	33	3	30	216659	0	51773	48004
8	31	2	30	218540	0	51773	48004
7	32	0	30	221510	0	51773	48004
5	32	4	36	224525	0	51773	48004
5	33	1	30	228089	0	51773	48004
18	46	2	47	231167	0	51773	48004
15	31	1	30	234560	0	51773	48004
16	34	3	36	235730	0	51773	48004
13	30	3	30	240392	0	51773	48004
12	33	6	36	243812	0	51773	48004
12	33	3	30	248402	0	51773	48004
8	30	3	30	253991	0	51773	48004
9	34	5	36	258878	0	51773	48004
7	32	3	30	263801	0	51773	48004
8	34	5	36	268337	0	51773	48004
3	29	6	30	273503	0	51773	48004
3	32	4	30	277634	0	51773	48004
17	48	4	48	281108	0	51773	48004
14	31	3	30	285239	0	51773	48004
15	34	5	36	289271	0	51773	48004
12	30	4	29	292853	0	51773	48004
10	31	3	30	297803	0	51773	48004
10	33	6	36	301736	0	51773	48004
10	33	3	30	304904	0	51773	48004
8	32	1	30	307793	0	51773	48004
7	32	5	36	310835	0	51773	48004
6	33	2	30	312464	0	51773	48004
4	31	1	30	315200	0	51773	48004
18	47	2	48	317441	0	51773	48004

16	32	0	30	318719	0	51773	48004
15	33	3	36	320546	0	51773	48004
13	31	2	30	321968	0	51773	48004
11	31	6	35	325028	0	51773	48004
11	33	3	30	327431	0	51773	48004
9	31	2	30	329429	0	51773	48004
14	49	1	48	332147	0	51773	48004
8	17	2	18	334118	0	51773	48004
6	32	6	36	336341	0	51773	48004
6	33	3	30	338411	0	51773	48004
18	46	5	48	340841	0	51773	48004
16	31	4	30	342848	0	51773	48004
17	34	6	36	345467	0	51773	48004
14	31	5	30	348284	0	51773	48004
12	31	4	30	351614	0	51773	48004
10	31	2	29	354764	0	51773	48004
9	32	6	36	358508	0	51773	48004
9	33	3	30	361964	0	51773	48004
9	33	6	36	365951	0	51773	48004
7	32	4	30	369254	0	51773	48004
6	33	1	30	372485	0	51773	48004
6	33	4	36	375716	0	51773	48004
17	45	1	42	378848	0	51773	48004
15	31	6	36	381944	0	51773	48004
17	35	1	30	385931	0	51773	48004
14	31	6	36	388973	0	51773	48004
13	32	4	30	393446	0	51773	48004
10	30	4	30	397784	0	51773	48004
8	32	2	30	401213	0	51773	48004
6	31	1	30	405335	0	51773	48004

5	33	4	36	410240	0	51773	48004
5	33	1	30	414155	0	51773	48004
4	32	5	36	419087	0	51773	48004
18	48	5	48	424127	0	51773	48004
15	31	4	30	429203	0	51773	48004
16	33	1	30	433613	0	51773	48004
12	30	1	30	439616	0	51773	48004
12	34	3	36	446060	0	51773	48004
10	31	2	30	451568	0	51773	48004
9	32	5	35	456761	0	51773	48004
9	33	2	30	463421	0	51773	48004
8	32	6	36	469145	0	51773	48004
5	30	6	30	474203	0	51773	48004
5	35	1	30	477731	0	51773	48004
17	45	4	48	480656	0	51773	48004
16	32	2	30	484238	0	51773	48004
13	31	1	30	487451	0	51773	48004
15	34	3	36	490115	0	51773	48004
12	31	2	30	493535	0	51773	48004
11	33	5	36	496757	0	51773	48004
10	31	3	29	500798	0	51773	48004
9	33	6	36	502832	0	51773	48004
7	32	4	30	505055	0	51773	48004
7	33	1	30	506711	0	51773	48004
6	32	5	36	508925	0	51773	48004
19	47	6	48	511607	0	51773	48004
18	31	4	29	514793	0	51773	48004
14	30	4	30	519833	0	51773	48004
15	34	6	36	518060	0	51773	48004
14	32	4	30	511265	0	51773	48004

11	31	3	30	516053	0	51773	48004
10	33	6	36	518213	0	51773	48004
10	32	4	30	512714	0	51773	48004
8	31	3	30	493706	0	51773	48004
6	32	1	30	482195	0	51773	48004
6	33	3	35	480737	0	51773	48004
20	48	3	48	479828	0	51773	48004
18	31	2	30	480539	0	51773	48004
16	31	1	30	483428	0	51773	48004
17	34	3	36	486506	0	51773	48004
13	31	2	30	492203	0	51773	48004
12	31	1	30	498908	0	51773	48004
12	33	3	35	505415	0	51773	48004
9	31	2	30	514874	0	51773	48004
9	33	5	36	523676	0	51773	48004
9	33	2	30	534701	0	51773	48004
7	32	6	36	547859	0	51773	48004
5	32	4	30	561332	0	51773	48004
21	48	4	48	576128	0	51773	48004
18	32	2	30	590267	0	51773	48004
16	31	1	30	607853	0	51773	48004
14	31	5	35	620525	0	51773	48004
15	35	6	36	630074	0	51773	48004
14	32	4	30	635843	0	51773	48004
10	29	5	30	631235	0	51773	48004
11	35	6	36	607817	0	51773	48004
9	30	6	30	590699	0	51773	48004
9	34	2	30	576857	0	51773	48004
6	31	1	30	561350	0	51773	48004
7	33	4	36	538697	0	51773	48004
7	33	0	29	509105	0	51773	48004

18	44	4	48	483635	0	51773	48004
15	31	3	30	451226	0	51773	48004
15	33	6	36	413642	0	51773	48004
13	31	5	30	377444	0	51773	48004
12	32	3	30	342353	0	51773	48004
12	33	6	36	302312	0	51773	48004
10	32	4	30	274736	0	51773	48004
8	31	3	30	248429	0	51773	48004

9	1834	5	1836	255791	0	51773	48004
8	33	2	30	252722	0	51773	48004
8	32	6	36	248870	0	51773	48004
6	32	4	30	245441	0	51773	48004
5	33	1	30	240158	0	51773	48004
4	32	5	36	235298	0	51773	48004
3	32	3	30	229898	0	51773	48004
16	47	4	48	223472	0	51773	48004
5	22	6	24	217100	0	51773	48004
14	42	6	42	211115	0	51773	48004
10	30	6	30	202700	0	51773	48004
9	32	4	30	195419	0	51773	48004
9	33	1	30	187958	0	51773	48004
8	33	4	36	179651	0	51773	48004
7	32	2	30	170174	0	51773	48004
5	31	1	30	162542	0	51773	48004
4	33	4	36	154217	0	51773	48004
3	32	2	30	146585	0	51773	48004
17	47	3	48	141095	0	51773	48004
14	31	2	30	136955	0	51773	48004
15	34	4	36	134570	0	51773	48004
12	30	4	30	132743	0	51773	48004
10	32	2	30	133382	0	51773	48004
9	32	0	30	133382	0	51773	48004
9	33	2	35	134363	0	51773	48004
7	31	1	30	135272	0	51773	48004
5	32	5	36	135902	0	51773	48004
7	35	6	36	135650	0	51773	48004

3	30	6	30	135083	0	51773	48004
2	32	4	30	133958	0	51773	48004
2	33	1	30	132122	0	51773	48004
14	46	3	48	130160	0	51773	48004
12	31	2	30	128252	0	51773	48004
12	33	5	36	125651	0	51773	48004
10	32	3	30	124175	0	51773	48004
10	33	6	36	121763	0	51773	48004
9	32	4	30	119783	0	51773	48004
8	33	1	30	118127	0	51773	48004
12	37	6	42	116489	0	51773	48004
5	26	3	23	115058	0	51773	48004
4	33	6	36	113510	0	51773	48004
1	30	0	24	112988	0	51773	48004
3	35	1	36	112178	0	51773	48004
13	44	5	48	111809	0	51773	48004
13	33	2	30	111422	0	51773	48004
13	33	5	36	110360	0	51773	48004
9	30	5	30	111836	0	51773	48004
9	33	2	30	114599	0	51773	48004
8	32	6	36	115013	0	51773	48004
7	33	3	30	116282	0	51773	48004
6	32	1	30	116525	0	51773	48004
5	32	5	36	117677	0	51773	48004
3	32	3	30	120071	0	51773	48004
2	32	1	30	122843	0	51773	48004
18	50	4	53	124571	0	51773	48004
15	30	4	30	127316	0	51773	48004
15	33	1	30	127973	0	51773	48004
13	31	6	36	129314	0	51773	48004

13	34	2	30	131834	0	51773	48004
9	29	3	30	135713	0	51773	48004
9	33	5	35	137621	0	51773	48004
7	32	3	30	138926	0	51773	48004
7	33	6	36	138638	0	51773	48004
7	33	3	30	138485	0	51773	48004
4	31	2	30	139160	0	51773	48004
3	32	6	36	139961	0	51773	48004
2	32	4	30	141185	0	51773	48004
15	47	5	48	143363	0	51773	48004
17	35	6	36	141095	0	51773	48004
13	29	1	24	137189	0	51773	48004
9	30	6	35	132239	0	51773	48004
9	32	4	30	128315	0	51773	48004
8	33	1	30	126371	0	51773	48004
7	33	4	36	127775	0	51773	48004
8	33	1	30	128441	0	51773	48004
5	31	6	36	129260	0	51773	48004
3	32	4	30	130583	0	51773	48004
2	32	2	30	132680	0	51773	48004
16	47	3	48	134057	0	51773	48004
13	31	2	30	136208	0	51773	48004
15	35	3	36	137621	0	51773	48004
11	29	4	30	138845	0	51773	48004
9	32	2	30	138980	0	51773	48004
9	33	5	36	139088	0	51773	48004
9	33	1	29	138773	0	51773	48004
5	30	1	30	138296	0	51773	48004
5	32	5	36	136334	0	51773	48004
5	34	1	30	134201	0	51773	48004

2	31	6	36	132851	0	51773	48004
3	33	2	29	132131	0	51773	48004
16	47	3	48	132014	0	51773	48004
14	31	2	30	131735	0	51773	48004
12	32	6	36	131348	0	51773	48004
12	33	3	30	130430	0	51773	48004
8	30	3	30	129179	0	51773	48004
9	34	5	36	127379	0	51773	48004
7	31	4	30	125552	0	51773	48004
5	32	2	30	122960	0	51773	48004
6	34	4	36	120323	0	51773	48004
5	32	2	30	117839	0	51773	48004
2	31	1	30	114923	0	51773	48004
16	47	2	48	111152	0	51773	48004
14	31	1	30	108443	0	51773	48004
13	33	4	36	102674	0	51773	48004
13	33	1	30	99830	0	51773	48004
10	30	1	30	98183	0	51773	48004
8	32	5	36	97625	0	51773	48004
8	33	2	30	96104	0	51773	48004
9	34	3	35	94268	0	51773	48004
7	31	2	30	94421	0	51773	48004
4	30	2	30	93458	0	51773	48004
5	34	4	36	91118	0	51773	48004
2	32	2	30	88715	0	51773	48004
15	46	4	48	87131	0	51773	48004
13	31	3	30	86339	0	51773	48004
12	33	6	36	84881	0	51773	48004
12	33	3	30	84026	0	51773	48004
9	30	3	30	81128	0	51773	48004

9	33	6	36	81416	0	51773	48004
8	33	3	30	81956	0	51773	48004
7	31	2	30	82001	0	51773	48004
5	33	5	36	84323	0	51773	48004
5	32	3	30	85268	0	51773	48004
4	32	1	30	87482	0	51773	48004
18	49	6	54	87095	0	51773	48004
14	29	1	24	87860	0	51773	48004
15	34	3	36	89669	0	51773	48004
11	30	3	30	89885	0	51773	48004
10	32	1	30	88805	0	51773	48004
9	32	4	35	86996	0	51773	48004
7	32	2	30	84395	0	51773	48004
6	32	6	36	83360	0	51773	48004
7	34	2	30	82865	0	51773	48004
3	29	3	30	83855	0	51773	48004
3	34	5	36	84845	0	51773	48004
2	32	3	30	85907	0	51773	48004
14	46	5	48	88814	0	51773	48004
14	33	2	30	86600	0	51773	48004
11	30	2	30	85052	0	51773	48004
10	33	5	36	85592	0	51773	48004
8	31	4	30	85898	0	51773	48004
8	33	1	30	83009	0	51773	48004
7	33	4	36	84116	0	51773	48004
6	32	2	30	83450	0	51773	48004
4	31	1	30	87986	0	51773	48004
3	32	4	35	88310	0	51773	48004
17	47	5	48	89435	0	51773	48004
15	32	3	30	89723	0	51773	48004

13	32	1	30	91055	0	51773	48004
13	33	4	36	91775	0	51773	48004
11	31	3	30	91118	0	51773	48004
9	32	1	30	91730	0	51773	48004
9	33	4	36	90839	0	51773	48004
7	31	3	30	87698	0	51773	48004
15	49	2	48	89912	0	51773	48004
5	16	4	18	88355	0	51773	48004
4	32	2	30	90326	0	51773	48004
2	32	5	35	90902	0	51773	48004
16	47	6	48	93782	0	51773	48004
3	20	4	18	92963	0	51773	48004
11	42	4	42	91991	0	51773	48004
12	34	6	36	93053	0	51773	48004
10	31	5	30	91631	0	51773	48004
8	32	3	30	90191	0	51773	48004
7	32	1	30	85466	0	51773	48004
7	33	4	36	84872	0	51773	48004
6	33	1	30	80273	0	51773	48004
4	31	6	36	76988	0	51773	48004
2	31	5	30	74720	0	51773	48004
3	35	6	36	72227	0	51773	48004
14	44	4	42	68753	0	51773	48004
14	33	6	35	64964	0	51773	48004
10	30	6	30	61994	0	51773	48004
11	33	3	30	59546	0	51773	48004
9	32	1	30	60266	0	51773	48004
7	32	5	36	63155	0	51773	48004
6	32	3	30	64307	0	51773	48004
6	33	6	36	62039	0	51773	48004

31	59	1	54	62732	0	51773	48004
6	8	5	12	65387	0	51773	48004
3	30	5	30	66152	0	51773	48004
17	48	5	48	66197	0	51773	48004
14	30	5	30	69716	0	51773	48004
12	31	4	30	72839	0	51773	48004
10	32	3	31	75440	0	51773	48004
10	33	0	30	77717	0	51773	48004
9	32	3	35	79166	0	51773	48004
8	33	6	36	81551	0	51773	48004
7	32	4	30	84827	0	51773	48004
9	35	4	35	85880	0	51773	48004
4	28	6	30	83927	0	51773	48004
3	32	4	30	84791	0	51773	48004
2	33	1	30	83297	0	51773	48004
1	33	4	36	84566	0	51773	48004
12	44	2	42	84035	0	51773	48004
12	33	5	36	83387	0	51773	48004
10	32	3	30	83387	0	51773	48004
10	37	2	36	83207	0	51773	48004
10	29	3	30	81344	0	51773	48004
8	32	1	30	75719	0	51773	48004
6	31	6	36	72713	0	51773	48004
7	34	1	29	71615	0	51773	48004
4	31	6	36	73073	0	51773	48004
2	31	5	30	72749	0	51773	48004
16	47	6	48	72389	0	51773	48004
14	32	4	30	73532	0	51773	48004
14	33	1	30	75548	0	51773	48004
12	31	6	36	79193	0	51773	48004
10	32	4	30	80894	0	51773	48004

8	31	3	30	79931	0	51773	48004
8	33	6	36	80219	0	51773	48004
7	33	2	29	80768	0	51773	48004
5	31	1	30	80426	0	51773	48004
4	32	4	35	82262	0	51773	48004
2	31	2	29	86483	0	51773	48004
17	49	1	48	90137	0	51773	48004
15	31	6	36	92909	0	51773	48004
14	33	3	30	93818	0	51773	48004
12	30	3	30	94502	0	51773	48004
14	36	3	36	96257	0	51773	48004
9	29	4	30	96797	0	51773	48004
8	32	2	30	95861	0	51773	48004
8	33	5	36	93701	0	51773	48004
5	31	4	30	91739	0	51773	48004
5	33	1	30	88697	0	51773	48004
4	32	5	36	87266	0	51773	48004
18	48	5	48	86492	0	51773	48004
2	17	6	18	88904	0	51773	48004
15	46	1	41	89363	0	51773	48004
14	33	4	36	89408	0	51773	48004
11	30	3	29	90965	0	51773	48004
11	32	1	30	93827	0	51773	48004
9	32	5	36	93629	0	51773	48004
9	33	2	30	91523	0	51773	48004
7	31	1	30	92540	0	51773	48004
5	32	5	36	95042	0	51773	48004
4	32	3	30	96284	0	51773	48004
4	33	6	36	99218	0	51773	48004
16	47	1	42	101153	0	51773	48004
1	18	1	18	103475	0	51773	48004

14	46	2	47	106166	0	51773	48004
13	33	5	36	108470	0	51773	48004
10	30	5	30	111170	0	51773	48004
10	33	2	30	114950	0	51773	48004
9	32	6	36	119144	0	51773	48004
8	33	3	30	123815	0	51773	48004
7	32	1	30	128207	0	51773	48004
6	33	4	36	133121	0	51773	48004
4	31	3	30	138062	0	51773	48004
2	31	2	30	142139	0	51773	48004
18	50	6	54	147701	0	51773	48004
15	30	6	30	151175	0	51773	48004
14	32	3	29	154559	0	51773	48004
11	30	3	30	157313	0	51773	48004
10	32	1	30	160301	0	51773	48004
10	34	3	36	161228	0	51773	48004
8	32	1	30	163163	0	51773	48004
7	32	5	36	164900	0	51773	48004
5	31	4	30	166106	0	51773	48004
3	32	2	30	168419	0	51773	48004
4	34	5	37	169733	0	51773	48004
17	46	1	42	171893	0	51773	48004
14	31	6	36	175889	0	51773	48004
17	36	6	36	179228	0	51773	48004
13	29	1	24	183467	0	51773	48004
10	31	0	30	190145	0	51773	48004
11	34	2	36	196949	0	51773	48004
8	30	2	30	205706	0	51773	48004
8	34	4	36	215741	0	51773	48004
6	31	3	30	223706	0	51773	48004

6	33	5	35	232904	0	51773	48004
3	31	4	30	239663	0	51773	48004
17	47	5	48	246242	0	51773	48004
15	31	4	30	252452	0	51773	48004
14	33	1	30	258815	0	51773	48004
11	30	1	30	265331	0	51773	48004
11	33	4	36	271253	0	51773	48004
10	33	6	35	277625	0	51773	48004
8	31	5	30	283520	0	51773	48004
9	34	6	35	289379	0	51773	48004
7	32	4	30	294383	0	51773	48004
7	33	1	30	299810	0	51773	48004
4	31	5	35	305975	0	51773	48004
15	44	3	42	311789	0	51773	48004
17	35	4	36	319277	0	51773	48004
14	30	4	30	325721	0	51773	48004
12	33	1	30	332021	0	51773	48004
10	30	1	30	338996	0	51773	48004
10	33	4	36	344792	0	51773	48004
9	33	1	30	351614	0	51773	48004
9	33	4	36	357671	0	51773	48004
6	31	3	30	363755	0	51773	48004
6	34	5	36	369515	0	51773	48004
20	47	6	48	375005	0	51773	48004
17	30	5	29	380117	0	51773	48004
16	33	2	30	384482	0	51773	48004
14	31	1	30	389063	0	51773	48004
11	30	1	30	394346	0	51773	48004
10	33	4	36	399602	0	51773	48004

11	34	6	36	405299	0	51773	48004
10	32	3	29	410402	0	51773	48004
9	32	1	30	413660	0	51773	48004
7	32	5	36	415550	0	51773	48004
7	33	2	30	417458	0	51773	48004
19	46	4	48	418196	0	51773	48004
5	19	3	18	418115	0	51773	48004
18	46	5	48	419825	0	51773	48004
15	31	4	30	419987	0	51773	48004
13	31	3	30	417683	0	51773	48004
13	33	5	35	413579	0	51773	48004
9	30	5	30	409826	0	51773	48004
9	33	2	30	402662	0	51773	48004
8	32	6	36	393653	0	51773	48004
9	34	2	30	383708	0	51773	48004
7	31	1	30	370622	0	51773	48004
4	30	1	30	360146	0	51773	48004
18	48	6	53	353180	0	51773	48004
16	31	5	30	347420	0	51773	48004
14	31	3	29	342632	0	51773	48004
11	31	2	30	338852	0	51773	48004
12	34	4	36	335369	0	51773	48004
10	31	2	29	331274	0	51773	48004
10	34	4	36	328061	0	51773	48004
8	31	3	30	325649	0	51773	48004
9	34	5	36	323435	0	51773	48004
5	30	5	30	322571	0	51773	48004
3	31	4	30	322625	0	51773	48004
2	33	1	30	321581	0	51773	48004
18	50	5	54	321905	0	51773	48004
15	29	6	30	322391	0	51773	48004

14	33	3	30	321887	0	51773	48004
11	31	2	30	322418	0	51773	48004
12	33	5	36	322337	0	51773	48004
10	31	3	29	322238	0	51773	48004
8	32	1	30	322148	0	51773	48004
7	32	5	36	322256	0	51773	48004
7	33	1	29	322013	0	51773	48004
4	31	6	36	322202	0	51773	48004
18	47	1	42	322256	0	51773	48004
3	18	1	18	323255	0	51773	48004
16	47	1	47	322751	0	51773	48004
14	31	6	36	323048	0	51773	48004
12	31	5	30	323606	0	51773	48004
12	34	1	30	322625	0	51773	48004
9	30	1	30	321932	0	51773	48004
9	33	2	34	322031	0	51773	48004
7	32	6	36	321878	0	51773	48004
8	34	2	30	321743	0	51773	48004
5	30	2	30	321662	0	51773	48004
4	33	5	36	320870	0	51773	48004
17	46	1	42	320978	0	51773	48004
16	32	5	36	320771	0	51773	48004
14	32	3	30	321203	0	51773	48004
14	33	6	36	320798	0	51773	48004
11	30	5	29	320753	0	51773	48004
9	32	3	30	320573	0	51773	48004
9	33	6	36	320402	0	51773	48004
8	32	4	30	320510	0	51773	48004
8	34	6	36	319781	0	51773	48004
5	30	6	30	319322	0	51773	48004

3	32	4	30	317981	0	51773	48004
16	46	6	48	316901	0	51773	48004
14	31	5	30	316460	0	51773	48004
14	33	1	29	316163	0	51773	48004
14	34	3	36	315992	0	51773	48004
10	29	4	30	315920	0	51773	48004
10	33	1	30	316154	0	51773	48004
10	34	3	36	315668	0	51773	48004
8	31	2	30	315659	0	51773	48004
6	32	5	35	315263	0	51773	48004
3	30	5	30	315254	0	51773	48004
3	33	2	30	314795	0	51773	48004
17	47	3	48	314174	0	51773	48004
15	32	1	30	313454	0	51773	48004
15	33	4	36	313058	0	51773	48004
13	31	2	29	312446	0	51773	48004
12	33	5	36	312410	0	51773	48004
9	30	5	30	311744	0	51773	48004
9	33	2	30	311915	0	51773	48004
8	33	5	36	311897	0	51773	48004
6	31	4	30	311735	0	51773	48004
6	33	1	30	311609	0	51773	48004
3	31	5	35	311654	0	51773	48004
17	47	6	48	310970	0	51773	48004

