DelayToEnqueue	DeltaEnqueue	QueueDelay	DeltaDequeue	FrameSize	Buffer
19	0	24	0	221070	1
16	6	41	23	223617	1
18	30	32	21	223446	1
15	30	23	21	223977	0
17	36	8	21	225642	0

14	30	19	41	228171	0
11	30	10	21	230907	0
14	36	16	42	233994	0
11	30	7	21	238467	0
7	30	19	42	243552	0
10	36	4	21	249132	0
7	30	16	42	255441	0
21	48	10	42	260922	0
18	30	1	21	264468	0
15	30	13	42	264981	0
16	36	19	42	261804	0
14	30	10	21	261264	0
16	35	16	41	262263	0
12	30	7	21	265458	0
15	36	14	43	267906	0
12	30	5	21	271119	0
8	30	17	42	272838	0
11	36	2	21	273981	0
8	30	14	42	274701	0
21	48	8	42	272019	0
18	30	20	42	269211	0
22	36	5	21	266133	0
18	30	18	43	260643	0
15	30	9	21	256827	0
12	30	21	42	254820	0
14	36	6	21	251202	0
11	30	20	44	247197	0
14	36	5	21	244821	0
10	30	17	42	241716	0
7	30	8	21	240033	0

3	30	20	42	238377	0
17	48	14	42	236487	0
20	36	20	42	235461	0
17	30	11	21	233346	0
14	30	2	21	229962	0
16	35	8	41	228000	0
13	30	20	42	225606	0
9	30	11	21	222069	0
12	36	17	42	220035	0
9	30	8	21	218181	0
11	36	14	42	216786	0
8	30	5	21	215184	0
5	30	17	42	213006	0
19	48	11	42	211791	0
22	36	17	42	209730	0
19	30	8	21	208299	0
15	30	20	42	206130	0
18	36	5	21	203772	0
16	31	15	41	200802	0
12	30	6	21	197535	0
9	30	18	42	194547	0
6	30	9	21	190947	0
8	36	15	42	187824	0
11	36	21	42	183423	0
8	30	12	21	178725	0
16	42	12	42	173469	0
19	36	18	42	167511	0
16	30	9	21	164766	0
18	36	15	42	162201	0
15	30	6	21	159987	0

11	29	19	42	156855	0
13	36	4	21	154389	0
10	30	16	42	153768	0
7	30	7	21	153021	0
10	37	12	42	152922	0
19	42	12	42	152076	0
16	30	3	21	150987	0
18	36	9	42	150474	0
15	30	1	22	149466	0
12	30	13	42	149241	0
14	36	19	42	148512	0
11	30	10	21	147396	0
8	30	1	21	146802	0
9	35	8	42	145911	0
12	36	14	42	145974	0
9	30	6	22	145020	0
22	47	21	62	144489	0
20	30	12	21	145020	0
22	36	18	42	145524	0
18	30	9	21	145488	0
15	30	21	42	144813	0
13	30	12	21	144210	0
13	35	20	43	143148	0
11	30	11	21	142248	0
14	36	17	42	141276	0
9	30	8	21	139818	0
13	36	14	42	138576	0
9	30	5	21	137298	0
5	30	17	42	136389	0
8	36	3	22	135678	0
17	42	3	42	134850	0

19	36	9	42	134310	0
16	30	0	21	134796	0
13	30	13	43	135660	0
15	36	19	42	136308	0
13	31	9	21	137136	0
10	30	0	21	138081	0
12	36	6	42	138684	0
9	30	18	42	139008	0
6	30	9	21	139017	0
8	36	16	43	138855	0
5	30	7	21	138918	0
20	47	1	41	138873	0
15	30	13	42	139719	0
19	36	19	42	140394	0
16	30	10	21	141042	0
11	30	1	21	142941	0
8	30	14	43	143823	0
11	36	20	42	145911	0
13	36	5	21	147432	0
10	30	17	42	150168	0
7	30	8	21	152868	0
15	42	8	42	154677	0
18	36	14	42	156855	0
15	30	6	22	158232	0
17	36	12	42	160752	0
13	30	3	21	162120	0
11	30	15	42	163326	0
13	36	21	42	163623	0
9	29	13	21	163065	0
6	30	4	21	162957	0

8	36	10	42	166188	0
11	36	16	42	165711	0
18	41	16	41	166683	0
15	30	8	22	167097	0
18	36	14	42	167781	0
15	30	5	21	167097	0
11	30	18	43	167907	0
14	36	3	21	167232	0
11	30	15	42	167394	0
13	36	0	21	166269	0
10	30	12	42	165621	0
7	30	2	20	165144	0
8	35	9	42	165396	0
23	48	3	42	165432	0
8	18	6	21	164469	0
16	42	6	42	164388	0
19	36	13	43	163677	0
16	30	4	21	161715	0
12	30	16	42	160059	0
15	36	2	22	156783	0
11	29	14	41	153651	0
13	36	20	42	150798	0
10	30	11	21	148098	0
7	30	2	21	145866	0
3	30	14	42	144111	0
6	36	20	42	143670	0
8	35	7	22	142446	0
16	42	7	42	142167	0
18	35	14	42	142428	0
15	30	5	21	144138	0

11	30	17	42	145434	0
14	36	2	21	147729	0
11	30	14	42	149088	0
13	36	21	43	151428	0
10	30	12	21	153462	0
7	30	2	20	153894	0
8	35	9	42	154974	0
5	30	21	42	154956	0
20	48	15	42	153993	0
16	30	6	21	153093	0
13	30	18	42	152616	0
15	35	3	20	151905	0
11	30	15	42	150960	0
14	36	1	22	150384	0
11	30	13	42	150024	0
7	30	4	21	148530	0
10	36	10	42	146631	0
7	30	1	21	144066	0
21	48	16	63	142761	0
18	30	7	21	140916	0
21	36	14	43	138360	0
17	30	5	21	137118	0
14	30	17	42	137784	0
16	35	2	20	140295	0
12	30	14	42	143805	0
9	30	5	21	148089	0
13	36	11	42	150375	0
8	30	3	22	151608	0
5	30	15	42	153003	0
8	36	21	42	154461	0

4	30	12	21	156144	0
7	36	18	42	156954	0
15	41	18	41	157881	0
17	36	3	21	158646	0
14	30	15	42	160203	0
11	30	6	21	160770	0
13	36	12	42	161247	0
10	30	4	22	161814	0
13	36	10	42	163272	0
9	30	1	21	167520	0
24	48	17	64	168825	1
8	17	21	21	167034	0
22	48	15	42	162669	0
19	30	6	21	157494	0
16	30	18	42	154263	0
18	36	3	21	153426	0
15	30	15	42	154254	0
12	30	6	21	158016	0
8	30	18	42	163857	0
11	36	3	21	167682	0
8	30	16	43	166728	0
10	36	1	21	165198	0
7	30	13	42	163146	0
4	30	4	21	160698	0
17	47	20	63	158808	0
14	30	11	21	160140	0
17	36	17	42	165270	0
13	30	8	21	170634	0
10	30	20	42	175251	0
12	35	5	20	176943	0

8	30	17	42	178644	0
11	36	2	21	179760	0
8	30	14	42	179508	0
10	36	20	42	179382	0
7	30	11	21	178653	0
22	48	5	42	177699	0
18	30	18	43	176520	0
15	30	9	21	176007	0
12	30	21	42	176448	0
14	36	7	22	175935	0
11	30	19	42	175647	0
14	36	4	21	175107	0
10	30	16	42	175413	0
13	36	1	21	174504	0
9	29	13	41	174936	0
23	48	7	42	174972	0
8	18	10	21	174576	0
17	42	10	42	174477	0
19	36	16	42	174729	0
16	30	7	21	174702	0
13	30	19	42	174909	0
15	36	4	21	175224	0
12	30	17	43	174405	0
9	30	8	21	174846	0
11	36	14	42	174441	0
8	30	6	22	174162	0
10	35	13	42	174648	0
6	30	4	21	174324	0
21	48	19	63	175053	0
18	30	10	21	174504	0
14	30	1	21	174414	0

17	36	7	42	174720	0
14	30	19	42	174432	0
10	30	10	21	174279	0
13	36	16	42	174000	0
10	30	7	21	173973	0
6	30	19	42	173730	0
9	36	4	21	173991	0
6	30	16	42	174621	0
19	47	11	42	174729	0
22	36	17	42	174513	0
19	30	8	21	174468	0
15	30	20	42	173343	0
12	30	11	21	172236	0
15	36	17	42	171363	0
11	30	8	21	170544	0
14	36	14	42	168897	0
10	29	5	20	166755	0
6	30	17	42	165018	0
10	36	2	21	160986	0
6	30	14	42	156711	0
20	48	8	42	153336	0
17	30	20	42	149295	0
14	30	11	21	144561	0
16	36	17	42	139062	0
13	30	8	21	132951	0
10	30	21	43	129072	0
12	36	6	21	126921	0
9	30	18	42	125148	0
12	36	3	21	125229	0
8	30	15	42	121035	0

5	30	6	21	116382	0
20	48	21	63	111288	0
22	36	6	21	108174	0
10	30	18	42	107571	0
22	36	3	21	104052	0
12	24	21	42	102666	0
15	36	6	21	102216	0
12	30	17	41	98625	0
8	29	9	21	98526	0
11	36	15	42	97986	0
8	30	6	21	96708	0
9	36	12	42	94827	0
7	30	3	21	92622	0
3	30	16	43	90561	0
18	48	10	42	90192	0
20	36	16	42	89769	0
17	30	7	21	88428	0
13	30	19	42	87294	0
10	30	10	21	87132	0
13	36	16	42	86448	0
9	30	8	22	85044	0
6	30	20	42	85611	0
9	36	5	21	85134	0
5	30	17	42	85206	0
20	48	11	42	84333	0
5	18	14	21	84324	0
19	48	8	42	83928	0
16	30	20	42	85080	0
12	29	12	21	84369	0
14	36	18	42	84990	0

12	30	9	21	85377	0
14	36	15	42	85116	0
10	30	6	21	84621	0
7	30	18	42	84243	0
4	30	9	21	84225	0
18	48	3	42	83433	0
3	18	7	22	84648	0
18	48	1	42	85422	0
14	30	13	42	86430	0
17	36	19	42	86466	0
14	30	10	21	88239	0
10	30	1	21	89184	0
13	36	7	42	88410	0
10	30	19	42	88869	0
12	36	4	21	88752	0
7	29	16	41	90192	0
6	30	7	21	89634	0
17	48	1	42	90237	0
5	18	4	21	90615	0
20	48	19	63	91632	0
16	30	10	21	91398	0
12	30	1	21	91893	0
15	36	7	42	91227	0
12	30	19	42	89787	0
8	30	10	21	91479	0
11	36	16	42	90048	0
7	30	7	21	90399	0
10	36	13	42	89535	0
7	30	4	21	89337	0
21	48	19	63	88896	0

18	30	10	21	89103	0
21	36	16	42	90660	0
17	30	7	21	90975	0
14	30	19	42	91263	0
17	36	4	21	90804	0
13	30	16	42	90453	0
10	30	7	21	90048	0
13	35	13	41	89436	0
8	30	4	21	89598	0
6	30	16	42	89013	0
2	30	7	21	88734	0
16	48	1	42	89328	0
19	36	7	42	88077	0
16	30	19	42	87960	0
18	36	4	21	88590	0
15	30	16	42	88464	0
12	30	7	21	88050	0
8	30	19	42	91641	0
11	36	4	21	91461	0
12	34	11	41	91308	0
9	30	2	21	91695	0
6	30	14	42	91974	0
2	30	5	21	91173	0
16	48	20	63	90966	0
13	30	11	21	90921	0
16	36	18	43	91353	0
12	30	9	21	90066	0
9	30	21	42	90003	0
12	36	6	21	89139	0
8	30	18	42	86268	0

11	36	3	21	85161	0
8	30	18	45	82470	0
4	30	9	21	81453	0
19	48	4	43	80841	0
4	18	7	21	76089	0
18	48	1	42	74991	0
15	30	13	42	73434	0
12	29	4	20	64353	0
14	36	10	42	62238	0
11	30	1	21	62454	0
14	36	7	42	60627	0
10	30	19	42	58584	0
7	30	10	21	58107	0
9	35	17	42	57117	0
5	30	8	21	55434	0
8	36	14	42	54264	0
21	46	10	42	53346	0
16	30	1	21	52149	0
14	30	13	42	50871	0
17	36	19	42	49845	0
13	30	10	21	48954	0
10	30	1	21	47667	0
12	35	7	41	46695	0
7	29	20	42	45003	0
9	35	6	21	43941	0
5	30	18	42	43482	0
7	36	3	21	44112	0
4	30	15	42	43185	0
19	48	9	42	44517	0
15	30	21	42	44337	0

17	35	7	21	44751	0
14	30	19	42	45669	0
10	30	10	21	46011	0
13	36	16	42	45129	0
9	29	7	20	46452	0
12	36	13	42	47559	0
9	30	4	21	49431	0
5	30	16	42	51069	0
19	48	10	42	52419	0
5	18	13	21	53481	0
19	48	7	42	55272	0
15	30	19	42	55839	0
12	30	10	21	56658	0
15	36	16	42	57594	0
11	30	7	21	58566	0
8	30	19	42	59169	0
10	35	4	20	61626	0
7	30	16	42	62220	0
10	36	1	21	61707	0
7	30	13	42	60987	0
21	48	7	42	59673	0
17	30	19	42	61356	0
14	30	10	21	59169	0
16	36	16	42	57945	0
13	30	7	21	56955	0
15	36	13	42	55128	0
12	30	4	21	51906	0
9	30	16	42	50916	0
12	36	1	21	49692	0
8	30	13	42	47577	0
5	29	4	20	45273	0

2	30	16	42	43356	0
4	36	1	21	42798	0
19	48	16	63	41412	0
16	30	7	21	40377	0
17	36	13	42	39549	0
14	30	4	21	38478	0
11	30	16	42	37308	0
13	36	1	21	35643	0
10	30	13	42	34734	0
7	30	4	21	33546	0
9	36	10	42	33303	0
6	30	1	21	32889	0
9	36	7	42	32187	0
17	42	7	42	31494	0
14	30	19	42	31458	0
17	36	4	21	31404	0
13	30	15	41	31593	0
16	35	1	21	31791	0
13	30	13	42	31773	0
9	30	4	21	31575	0
12	36	10	42	31566	0
8	30	1	21	31485	0
4	30	13	42	31548	0
2	30	4	21	31566	0
4	36	10	42	31242	0
18	48	4	42	31206	0
16	30	16	42	31179	0
18	36	1	21	30594	0
14	30	13	42	30468	0
11	30	4	21	30342	0

13	35	10	41	30000	0
9	30	1	21	30405	0
12	36	7	42	30090	0
10	31	17	41	29775	0
6	30	8	21	30432	0
4	30	20	42	29964	0
18	48	14	42	30459	0
15	30	5	21	29622	0
18	36	11	42	30198	0
14	30	2	21	30171	0
11	30	14	42	30378	0
13	36	20	42	30099	0
10	30	11	21	29991	0
6	30	2	21	30261	0
9	36	8	42	29838	0
6	30	19	41	30234	0
7	35	5	21	30198	0
21	47	21	63	30909	0
18	30	12	21	31125	0
14	30	3	21	31665	0
11	30	15	42	31791	0
14	36	0	21	32007	0
10	30	12	42	31890	0
13	36	18	42	31728	0
14	34	5	21	31341	0
10	30	17	42	30945	0
7	30	8	21	31539	0
4	30	20	42	31746	0
18	48	14	42	31890	0
15	30	5	21	30567	0

17	35	11	41	29838	0
13	30	2	21	28542	0
16	36	8	42	27786	0
13	30	20	42	26895	0
9	30	11	21	26301	0
13	36	17	42	25230	0
10	30	8	21	24123	0
11	36	14	42	23187	0
8	30	5	21	22071	0
23	48	20	63	21603	0
19	30	11	21	21540	0
16	30	2	21	20991	0
12	29	14	41	21045	0
14	36	20	42	21252	0
12	30	11	21	20766	0
15	36	17	42	20541	0
11	30	8	21	20028	0
8	30	20	42	20577	0
11	36	5	21	20361	0
6	30	17	42	20307	0
2	29	9	21	20748	0
5	36	15	42	20721	0
19	48	9	42	20712	0
16	30	21	42	20721	0
13	30	12	21	20982	0
15	36	18	42	20784	0
12	30	9	21	20982	0
9	30	0	21	20613	0
11	36	6	42	20370	0
9	30	18	42	20271	0

6	30	9	21	20658	0
7	36	15	42	20568	0
21	47	10	42	21135	0
18	30	1	21	21333	0
14	30	13	42	21234	0
17	36	19	42	21126	0
14	30	10	21	21342	0
10	30	1	21	21477	0
13	36	7	42	21567	0
10	30	19	42	21693	0
6	30	10	21	21846	0
9	36	16	42	21720	0
6	30	7	21	22053	0
8	36	13	42	22512	0
16	41	13	41	22314	0
14	30	4	21	22854	0
16	36	10	42	22989	0
13	30	1	21	23034	0
15	36	7	42	22962	0
12	30	19	42	22620	0
9	30	10	21	23196	0
12	36	17	43	23394	0
7	30	8	21	23844	0
5	30	20	42	23754	0
8	36	5	21	23529	0
3	30	17	42	23349	0
18	48	11	42	23376	0
15	30	2	21	23790	0
17	36	8	42	23673	0
14	30	20	42	23214	0

10	29	11	20	23367	0
13	36	18	43	23322	0
10	30	9	21	23502	0
7	30	21	42	23196	0
8	36	6	21	23574	0
5	30	18	42	23268	0
9	36	3	21	23682	0
16	42	3	42	23664	0
19	36	9	42	23925	0
16	30	21	42	23484	0
12	30	12	21	23502	0
15	36	18	42	23664	0
12	30	9	21	24033	0
8	30	21	42	24321	0
11	36	6	21	23853	0
8	30	17	41	23592	0
10	35	3	21	24285	0
7	30	15	42	24168	0
4	30	6	21	24285	0
18	48	21	63	24357	0
14	30	12	21	24375	0
17	36	18	42	24672	0
13	30	9	21	24951	0
10	30	0	21	24708	0
13	36	6	42	24672	0
9	30	18	42	24456	0
12	36	3	21	24726	0
9	30	15	42	23853	0
5	30	6	21	23979	0
20	48	0	42	24438	0
5	18	3	21	23781	0

19	48	18	63	23817	0
22	36	3	21	23700	0
3	23	21	41	23592	0
15	36	6	21	23664	0
12	30	18	42	23493	0
9	30	9	21	23682	0
11	36	15	42	23232	0
8	30	6	21	23385	0
5	30	18	42	23331	0
18	48	12	42	23655	0
4	18	15	21	22953	0
19	48	9	42	23547	0
21	36	15	42	23448	0
12	24	12	21	23367	0
14	36	17	41	23457	0
11	30	8	21	23340	0
14	36	14	42	24132	0
11	30	5	21	23574	0
13	36	11	42	23700	0
10	30	2	21	23178	0
7	30	14	42	23367	0
20	48	8	42	23700	0
17	30	20	42	23655	0
20	36	5	21	24555	0
16	30	17	42	23709	0
13	30	8	21	24132	0
15	35	14	41	24141	0
11	30	5	21	24186	0
9	30	17	42	24294	0
11	35	3	21	24519	0

7	30	15	42	24294	0
4	30	6	21	24483	0
7	36	12	42	25041	0
21	48	6	42	25203	0
23	36	12	42	25770	0
14	24	9	21	27039	0
16	36	15	42	27615	0
13	30	6	21	28191	0
16	36	12	42	28785	0
13	30	3	21	29496	0
9	30	15	42	30531	0
11	35	21	41	31134	0
8	30	12	21	31620	0
5	30	3	21	32043	0
7	36	8	41	32610	0
14	41	9	42	33348	0
18	36	15	42	34302	0
15	30	6	21	35364	0
11	30	18	42	36129	0
14	36	3	21	36291	0
11	30	15	42	36669	0
13	36	21	42	37137	0
9	30	12	21	37128	0
5	29	4	21	37812	0
7	36	10	42	37866	0
22	48	4	42	38298	0
7	18	7	21	38334	0
15	42	7	42	38505	0
18	36	13	42	38487	0
15	30	4	21	38622	0

11	30	16	42	38316	0
14	36	1	21	38298	0
11	29	13	41	38235	0
13	36	19	42	37614	0
10	30	10	21	37857	0
7	30	1	21	37785	0
8	36	7	42	37353	0
17	42	7	42	37569	0
2	18	10	21	37794	0
16	48	4	42	37794	0
13	30	16	42	37254	0
15	35	1	20	36471	0
12	30	13	42	35796	0
9	30	4	21	34707	0
11	35	11	42	32709	0
7	30	2	21	31872	0
10	36	8	42	30783	0
7	30	19	41	29613	0
20	47	14	42	28794	0
5	18	17	21	28443	0
20	48	11	42	28254	0
15	30	2	21	27975	0
12	30	14	42	27597	0
14	35	20	41	27408	0
11	30	11	21	26859	0
7	30	2	21	27048	0
10	35	8	41	26679	0
6	30	20	42	26400	0
9	36	5	21	26292	0
5	30	17	42	26616	0

19	48	11	42	26661	0
17	30	2	21	27039	0
13	30	14	42	27363	0
15	36	20	42	28389	0
12	30	11	21	29406	0
9	30	2	21	30378	0
11	36	8	42	31971	0
8	30	20	42	34194	0
5	30	10	20	35454	0
7	35	17	42	37668	0
21	48	11	42	40521	0
17	29	3	21	46029	0
13	30	15	42	49179	0
17	36	21	42	51960	0
12	29	12	20	55686	0
15	36	18	42	59133	0
11	30	9	21	62697	0
15	36	15	42	65352	0
10	30	6	21	67377	0
7	30	18	42	69735	0
10	36	3	21	71679	0
18	42	3	42	74055	0
3	18	6	21	75882	0
17	47	21	62	78861	0
19	36	6	21	81192	0
16	30	18	42	82731	0
13	29	10	21	85656	0
15	36	17	43	88239	0
11	30	8	21	89247	0
8	30	20	42	90597	0

10	36	5	21	91569	0
7	30	19	44	93171	0
4	30	9	20	92298	0
6	35	16	42	91110	0
20	48	11	43	92136	0
17	30	2	21	90912	0
13	30	14	42	90849	0
16	36	20	42	90345	0
13	30	11	21	89796	0
9	30	2	21	90246	0
12	36	8	42	91335	0
9	30	21	43	91866	0
5	30	12	21	92253	0
8	36	18	42	91947	0
5	30	9	21	92199	0
19	48	3	42	91002	0
16	30	15	42	90993	0
13	30	6	21	92415	0
16	37	12	43	93900	0
13	30	3	21	95844	0
10	29	15	41	97446	0
11	36	21	42	99984	0
8	30	12	21	102333	0
11	36	18	42	103629	0
7	30	9	21	103746	0
4	30	0	21	104664	0
19	48	15	63	103449	0
15	30	6	21	103044	0
17	35	13	42	102396	0
14	30	4	21	101748	0

10	30	16	42	102378	0
13	36	1	21	101946	0
10	30	13	42	100578	0
12	36	19	42	99912	0
9	30	10	21	100065	0
6	30	1	21	99408	0
7	35	8	42	100497	0
5	30	20	42	100650	0
7	36	5	21	99732	0
16	42	5	42	99840	0
18	36	12	43	99903	0
15	30	3	21	99687	0
11	30	15	42	101217	0
8	30	6	21	102495	0
11	36	12	42	104637	0
7	30	3	21	105582	0
10	36	9	42	105411	0
7	30	21	42	105510	0
9	36	6	21	104295	0
18	42	6	42	101910	0
15	30	17	41	101289	0
17	36	2	21	100695	0
14	30	14	42	100767	0
11	30	5	21	101937	0
14	36	11	42	102549	0
10	30	2	21	103476	0
13	36	8	42	104493	0
33	54	18	64	106554	1
6	6	33	21	105924	0
9	36	18	21	107742	0

23	48	12	42	106905	0
20	30	4	22	107535	0
16	29	16	41	107895	0
18	36	1	21	107013	0
15	30	13	42	106446	0
12	30	4	21	106824	0
8	30	16	42	105798	0
12	36	1	21	105420	0
8	30	13	42	104574	0
10	36	19	42	101802	0
7	30	10	21	100569	0
4	30	1	21	99093	0
18	48	16	63	98832	0
15	30	7	21	98904	0
18	36	13	42	98463	0
14	30	4	21	99138	0
17	36	10	42	98040	0
12	29	1	20	96573	0
9	30	13	42	96888	0
7	30	4	21	95727	0
9	36	10	42	95376	0
5	30	1	21	95349	0
20	48	16	63	95547	0
5	18	19	21	95970	0
19	48	13	42	95718	0
16	30	4	21	94908	0
19	36	10	42	96645	0
15	30	2	22	97140	0
12	30	14	42	98211	0
13	34	21	41	101505	0
10	30	12	21	102108	0

7	30	3	21	103566	0
9	36	10	43	106527	0
6	30	1	21	107238	0
19	47	17	63	109866	0
5	18	20	21	111981	0
19	48	15	43	114600	0
16	30	6	21	118758	0
12	30	18	42	117417	0
14	36	3	21	118164	0
11	30	16	43	119424	0
14	36	1	21	121998	0
10	30	13	42	121746	0
7	30	4	21	124311	0
10	36	11	43	126003	0
6	30	2	21	129018	0
9	36	8	42	130593	0
24	48	2	42	134067	0
14	24	20	42	136524	0
17	36	5	21	138603	0
14	30	17	42	141141	0
16	36	2	21	143751	0
13	30	14	42	146334	0
15	35	20	41	150258	0
12	30	11	21	152634	0
8	30	3	22	154947	0
11	36	9	42	157098	0
19	42	9	42	157971	0
10	24	6	21	159528	0
19	42	6	42	160149	0
15	30	18	42	161967	0

17	35	4	21	164118	0
14	30	16	42	165999	0
10	30	7	21	168672	0
13	36	13	42	171606	0
10	30	5	22	174954	0
12	36	11	42	177744	0
9	30	2	21	181380	0
6	30	15	43	183387	0
20	48	9	42	184971	0
5	18	12	21	186186	0
20	48	7	43	188382	0
15	30	19	42	190821	0
17	35	5	21	193458	0
15	30	17	42	195861	0
12	30	8	21	197445	0
15	36	14	42	198696	0
11	30	5	21	200289	0
7	30	17	42	201180	0
11	36	2	21	202656	0
7	30	14	42	204303	0
21	48	8	42	204294	0
6	18	11	21	206652	0
21	48	5	42	207579	0
17	30	17	42	209730	0
14	30	8	21	212916	0
16	36	14	42	212520	0
13	30	5	21	216651	0
10	30	17	42	218532	0
7	30	8	21	221502	0
9	36	14	42	224517	0

6	30	4	20	228081	0
20	47	2	45	231159	0
16	30	14	42	234552	0
19	36	20	42	235722	0
16	30	11	21	240384	0
18	36	17	42	243804	0
15	30	8	21	248394	0
11	30	20	42	253983	0
14	36	5	21	258870	0
10	30	17	42	263793	0
13	36	2	21	268329	0
9	30	14	42	273495	0
7	30	5	21	277626	0
21	48	20	63	281100	0
17	30	11	21	285231	0
20	36	17	42	289263	0
16	29	8	20	292845	0
13	30	20	42	297795	0
16	36	5	21	301728	0
13	30	17	42	304896	0
9	30	8	21	307785	0
12	36	14	42	310827	0
8	30	5	21	312456	0
5	30	17	42	315192	0
20	48	11	42	317433	0
16	30	2	21	318711	0
18	36	8	42	320538	0
15	30	20	42	321960	0
17	35	5	20	325020	0
14	30	17	42	327423	0

11	30	8	21	329421	0
15	48	3	43	332139	0
10	18	6	21	334110	0
12	36	12	42	336333	0
9	30	3	21	338403	0
23	48	18	63	340833	0
20	30	9	21	342840	0
23	36	15	42	345459	0
19	30	6	21	348276	0
16	30	18	42	351606	0
12	29	10	21	354756	0
15	36	16	42	358500	0
12	30	7	21	361956	0
15	36	13	42	365943	0
11	30	4	21	369246	0
7	30	16	42	372477	0
10	36	1	21	375708	0
18	42	1	42	378840	0
21	36	7	42	381936	0
18	30	19	42	385923	0
20	36	4	21	388965	0
17	30	16	42	393438	0
14	30	6	20	397776	0
10	30	18	42	401205	0
7	30	9	21	405327	0
9	36	15	42	410232	0
6	30	6	21	414147	0
9	36	12	42	419079	0
23	48	6	42	424119	0
19	30	18	42	429195	0

17	30	9	21	433605	0
13	30	1	22	439608	0
15	36	7	42	446052	0
12	30	19	42	451560	0
14	35	5	21	456753	0
11	30	17	42	463413	0
14	36	2	21	469137	0
11	30	14	42	474195	0
6	30	5	21	477723	0
21	48	20	63	480648	0
18	30	12	22	484230	0
14	30	3	21	487443	0
18	36	10	43	490107	0
14	30	2	22	493527	0
16	36	8	42	496749	0
13	29	21	42	500790	0
15	36	6	21	502824	0
11	30	18	42	505047	0
8	30	9	21	506703	0
11	36	15	42	508917	0
25	48	8	41	511599	0
22	29	0	21	514785	0
18	30	12	42	519825	0
21	36	19	43	518052	0
18	30	10	21	511257	0
14	30	1	21	516045	0
16	36	8	43	518205	0
14	30	20	42	512706	0
11	30	12	22	493698	0
7	30	3	21	482187	0
9	35	10	42	480729	0

23	48	5	43	479820	0
20	30	17	42	480531	0
17	30	8	21	483420	0
20	36	14	42	486498	0
15	30	6	22	492195	0
13	30	18	42	498900	0
15	35	4	21	505407	0
11	30	17	43	514866	0
14	36	2	21	523668	0
11	30	15	43	534693	0
13	36	21	42	547851	0
9	30	12	21	561324	0
25	48	6	42	576120	0
20	30	18	42	590259	0
17	30	9	21	607845	0
19	35	16	42	620517	0
21	36	1	21	630066	0
18	30	13	42	635835	0
15	30	5	22	631227	0
17	36	11	42	607809	0
15	30	2	21	590691	0
11	30	15	43	576849	0
7	30	6	21	561342	0
11	36	12	42	538689	0
7	29	3	20	509097	0
22	48	18	63	483627	0
18	30	9	21	451218	0
21	36	15	42	413634	0
18	30	6	21	377436	0

15	30	18	42	342345	0
18	36	10	28	302304	0
14	30	1	21	274728	0
11	30	13	42	248421	0

14	1836	21	1844	255783	0
10	30	12	21	252714	0
14	36	18	42	248862	0

10	30	9	21	245433	0
6	30	21	42	240150	0
9	36	6	21	235290	0
6	30	18	42	229890	0
20	48	12	42	223464	0
11	24	9	21	217092	0
20	42	9	42	211107	0
16	30	21	42	202692	0
13	30	12	21	195411	0
10	30	3	21	187950	0
12	36	9	42	179643	0
9	30	21	42	170166	0
6	30	12	21	162534	0
8	36	18	42	154209	0
5	30	9	21	146577	0
20	48	3	42	141087	0
16	30	15	42	136947	0
19	36	21	42	134562	0
16	30	12	21	132735	0
12	30	3	21	133374	0
9	30	15	42	133374	0
11	35	1	21	134355	0
8	30	13	42	135264	0
10	36	19	42	135894	0
13	36	4	21	135642	0
9	30	16	42	135075	0
6	30	7	21	133950	0
3	30	19	42	132114	0
17	48	14	43	130152	0
14	30	5	21	128244	0

17	36	11	42	125643	0
13	30	2	21	124167	0
16	36	9	43	121755	0
13	30	21	42	119775	0
9	30	12	21	118119	0
18	42	12	42	116481	0
8	23	10	21	115050	0
10	36	16	42	113502	0
1	24	13	21	112980	0
4	36	19	42	112170	0
18	48	14	43	111801	0
15	30	5	21	111414	0
18	36	11	42	110352	0
14	30	2	21	111828	0
11	30	15	43	114591	0
14	36	21	42	115005	0
10	30	12	21	116274	0
7	30	3	21	116517	0
10	36	10	43	117669	0
6	30	1	21	120063	0
3	30	13	42	122835	0
22	53	1	41	124563	0
19	30	14	43	127308	0
16	30	5	21	127965	0
19	36	11	42	129306	0
15	30	2	21	131826	0
12	30	14	42	135705	0
14	35	21	42	137613	0
10	30	12	21	138918	0
13	36	18	42	138630	0
10	30	9	21	138477	0

6	30	21	42	139152	0
9	36	6	21	139953	0
6	30	19	43	141177	0
20	48	13	42	143355	0
23	36	19	42	141087	0
14	24	16	21	137181	0
15	35	1	20	132231	0
13	30	13	42	128307	0
9	30	4	21	126363	0
11	36	11	43	127767	0
9	30	2	21	128433	0
11	36	8	42	129252	0
7	30	21	43	130575	0
4	30	13	22	132672	0
19	48	7	42	134049	0
15	30	19	42	136200	0
18	36	4	21	137613	0
15	30	16	42	138837	0
11	30	7	21	138972	0
14	36	13	42	139080	0
10	29	5	21	138765	0
6	30	17	42	138288	0
10	36	2	21	136326	0
6	30	14	42	134193	0
8	36	21	43	132843	0
5	29	13	21	132123	0
19	48	7	42	132006	0
16	30	19	42	131727	0
18	36	4	21	131340	0
15	30	16	42	130422	0

11	30	7	21	129171	0
14	36	12	41	127371	0
11	30	3	21	125544	0
7	30	15	42	122952	0
10	36	0	21	120315	0
7	30	13	43	117831	0
3	30	4	21	114915	0
18	48	19	63	111144	0
15	30	10	21	108435	0
17	36	17	43	102666	0
14	30	8	21	99822	0
11	30	20	42	98175	0
13	36	5	21	97617	0
10	30	17	42	96096	0
12	35	2	20	94260	0
9	30	14	42	94413	0
6	30	5	21	93450	0
9	36	11	42	91110	0
4	30	2	21	88707	0
19	48	17	63	87123	0
16	30	8	21	86331	0
18	36	14	42	84873	0
15	30	6	22	84018	0
12	30	18	42	81120	0
15	36	3	21	81408	0
11	30	15	42	81948	0
9	30	6	21	81993	0
10	36	12	42	84315	0
8	30	3	21	85260	0
5	30	16	43	87474	0

24	54	4	42	87087	0
15	24	1	21	87852	0
18	36	7	42	89661	0
14	30	19	42	89877	0
11	30	10	21	88797	0
13	35	17	42	86988	0
9	30	8	21	84387	0
12	36	14	42	83352	0
9	30	6	22	82857	0
6	30	18	42	83847	0
8	36	3	21	84837	0
5	30	15	42	85899	0
19	48	9	42	88806	0
16	30	21	42	86592	0
13	30	12	21	85044	0
15	36	18	42	85584	0
12	30	9	21	85890	0
9	30	21	42	83001	0
11	36	6	21	84108	0
8	30	18	42	83442	0
5	30	8	20	87978	0
7	35	15	42	88302	0
22	48	9	42	89427	0
18	30	21	42	89715	0
20	36	6	21	91047	0
17	30	18	42	91767	0
14	30	9	21	91110	0
10	30	21	42	91722	0
13	36	6	21	90831	0
10	30	18	42	87690	0

17	48	12	42	89904	0
9	18	15	21	88347	0
6	30	5	20	90318	0
7	35	12	42	90894	0
22	48	6	42	93774	0
7	18	9	21	92955	0
15	42	9	42	91983	0
18	36	15	42	93045	0
15	30	6	21	91623	0
11	30	18	42	90183	0
8	30	9	21	85458	0
11	36	15	42	84864	0
7	30	6	21	80265	0
10	36	12	42	76980	0
7	30	3	21	74712	0
9	36	9	42	72219	0
18	42	9	42	68745	0
20	35	15	41	64956	0
16	30	6	21	61986	0
14	30	18	42	59538	0
10	30	9	21	60258	0
12	36	15	42	63147	0
9	30	6	21	64299	0
12	36	12	42	62031	0
32	54	21	63	62724	1
11	12	30	21	65379	0
8	30	21	21	66144	0
22	48	15	42	66189	0
19	30	6	21	69708	0
16	30	18	42	72831	0

13	31	9	22	75432	0
10	30	21	42	77709	0
12	35	7	21	79158	0
14	36	13	42	81543	0
11	30	4	21	84819	0
13	35	10	41	85872	0
10	30	1	21	83919	0
7	30	13	42	84783	0
3	30	4	21	83289	0
5	36	11	43	84558	0
14	42	11	42	84027	0
17	36	17	42	83379	0
13	30	8	21	83379	0
12	36	14	42	83199	0
13	30	5	21	81336	0
9	30	17	42	75711	0
12	36	2	21	72705	0
8	29	14	41	71607	0
10	36	21	43	73065	0
7	30	12	21	72741	0
22	48	6	42	72381	0
18	30	18	42	73524	0
15	30	9	21	75540	0
18	36	15	42	79185	0
14	30	6	21	80886	0
11	30	18	42	79923	0
14	36	3	21	80211	0
9	29	16	42	80760	0
6	30	8	22	80418	0
8	35	14	41	82254	0
4	29	6	21	86475	0

18	48	0	42	90129	0
21	36	6	42	92901	0
17	30	18	42	93810	0
15	30	9	21	94494	0
17	36	15	42	96249	0
13	30	6	21	96789	0
10	30	18	42	95853	0
13	36	3	21	93693	0
9	30	15	42	91731	0
6	30	6	21	88689	0
9	36	12	42	87258	0
23	48	7	43	86484	0
8	18	10	21	88896	0
16	41	11	42	89355	0
18	36	17	42	89400	0
14	29	8	20	90957	0
12	30	20	42	93819	0
14	36	5	21	93621	0
11	30	18	43	91515	0
8	30	9	21	92532	0
10	36	15	42	95034	0
7	30	6	21	96276	0
10	36	12	42	99210	0
17	42	12	42	101145	0
2	18	16	22	103467	0
16	47	11	42	106158	0
18	36	17	42	108462	0
15	30	8	21	111162	0
12	30	0	22	114942	0
15	36	6	42	119136	0

11	30	18	42	123807	0
8	30	9	21	128199	0
10	36	16	43	133113	0
7	30	7	21	138054	0
4	30	19	42	142131	0
24	54	7	42	147693	0
21	30	19	42	151167	0
17	29	10	20	154551	0
14	30	1	21	157305	0
11	30	14	43	160293	0
13	36	20	42	161220	0
9	30	11	21	163155	0
12	36	18	43	164892	0
9	30	9	21	166098	0
5	30	21	42	168411	0
9	37	5	21	169725	0
18	42	5	42	171885	0
20	36	11	42	175881	0
23	36	17	42	179220	0
14	24	13	20	183459	0
10	30	4	21	190137	0
13	36	10	42	196941	0
10	30	1	21	205698	0
12	36	7	42	215733	0
9	30	19	42	223698	0
11	35	4	20	232896	0
7	30	16	42	239655	0
22	48	10	42	246234	0
19	30	1	21	252444	0
15	30	13	42	258807	0

12	30	4	21	265323	0
15	36	10	42	271245	0
16	35	17	42	277617	0
13	30	8	21	283512	0
15	35	15	42	289371	0
11	30	6	21	294375	0
8	30	18	42	299802	0
9	35	4	21	305967	0
18	42	4	42	311781	0
21	36	10	42	319269	0
18	30	1	21	325713	0
13	30	13	42	332013	0
11	30	4	21	338988	0
14	36	10	42	344784	0
10	30	1	21	351606	0
13	36	7	42	357663	0
9	30	19	42	363747	0
11	36	4	21	369507	0
26	48	18	62	374997	0
22	29	10	21	380109	0
18	30	1	21	384474	0
15	30	13	42	389055	0
12	30	4	21	394338	0
14	36	10	42	399594	0
22	41	11	42	405291	0
13	24	8	21	410394	0
10	30	21	43	413652	0
12	36	6	21	415542	0
9	30	18	42	417450	0
23	48	12	42	418188	0

8	18	16	22	418107	0
23	48	10	42	419817	0
19	30	1	21	419979	0
16	30	13	42	417675	0
18	35	19	41	413571	0
14	30	10	21	409818	0
11	30	1	21	402654	0
14	36	6	41	393645	0
11	30	18	42	383700	0
8	30	9	21	370614	0
5	30	20	41	360138	0
24	53	9	42	353172	0
21	30	20	41	347412	0
17	29	12	21	342624	0
13	30	3	21	338844	0
16	36	9	42	335361	0
12	29	1	21	331266	0
14	36	7	42	328053	0
11	30	19	42	325641	0
14	36	4	21	323427	0
10	30	16	42	322563	0
7	30	7	21	322617	0
3	30	19	42	321573	0
23	54	7	42	321897	0
21	30	19	42	322383	0
17	30	10	21	321879	0
13	30	1	21	322410	0
17	36	7	42	322329	0
13	29	19	41	322230	0
9	30	10	21	322140	0

12	36	16	42	322248	0
8	29	8	21	322005	0
10	36	14	42	322194	0
19	42	14	42	322248	0
4	18	17	21	323247	0
17	47	12	42	322743	0
20	36	18	42	323040	0
17	30	9	21	323598	0
13	30	21	42	322617	0
10	30	12	21	321924	0
11	34	20	42	322023	0
13	36	5	21	321870	0
10	30	17	42	321735	0
7	30	8	21	321654	0
9	36	14	42	320862	0
18	42	14	42	320970	0
21	36	20	42	320763	0
17	30	11	21	321195	0
20	36	17	42	320790	0
16	29	9	21	320745	0
12	30	21	42	320565	0
15	36	6	21	320394	0
12	30	18	42	320502	0
14	36	3	21	319773	0
11	30	15	42	319314	0
7	30	6	21	317973	0
22	48	21	63	316893	0
19	30	12	21	316452	0
15	29	4	21	316155	0
17	36	10	42	315984	0
14	30	1	21	315912	0

11	30	13	42	316146	0
13	36	19	42	315660	0
10	30	10	21	315651	0
11	35	17	42	315255	0
8	30	8	21	315246	0
5	30	20	42	314787	0
20	48	14	42	314166	0
16	30	5	21	313446	0
19	36	11	42	313050	0
15	29	3	21	312438	0
17	36	9	42	312402	0
14	30	21	42	311736	0
11	30	12	21	311907	0
13	36	18	42	311889	0
10	30	9	21	311727	0
7	30	20	41	311601	0
8	35	6	21	311646	0
23	48	20	62	310962	0

