DelayToEnqueue	DeltaEnqueue	QueueDelay	DeltaDequeue	FrameSize	Buffer	RemotePort	LocalPort
-64	0	1	0	91379	0	51803	48004
-63	34	5	38	89570	0	51803	48004
-66	31	4	30	88391	0	51803	48004
-65	34	6	36	88670	0	51803	48004
-57	41	1	36	89075	0	51803	48004
-54	37	6	42	90344	0	51803	48004
-54	33	3	30	92504	0	51803	48004
-58	29	4	30	95510	0	51803	48004
-59	33	1	30	95807	0	51803	48004
-64	28	3	30	91235	0	51803	48004
-61	36	3	36	89255	0	51803	48004
-62	33	6	36	88814	0	51803	48004
-68	27	3	24	94421	0	51803	48004
-48	52	4	53	101756	0	51803	48004
-56	27	1	24	107588	0	51803	48004
-53	36	1	36	111251	0	51803	48004
-57	29	2	30	117443	0	51803	48004
-58	33	5	36	117074	0	51803	48004
-59	32	3	30	114176	0	51803	48004
-56	36	3	36	115139	0	51803	48004
-62	28	5	30	114050	0	51803	48004
-58	37	4	36	110405	0	51803	48004
-64	27	1	24	102800	0	51803	48004
-62	36	1	36	94502	0	51803	48004
-65	30	1	30	87230	0	51803	48004
-50	48	6	53	86240	0	51803	48004
-68	16	2	12	87941	0	51803	48004

-51	50	6	54	88184	0	51803	48004
-59	25	5	24	85106	0	51803	48004
-61	32	3	30	82946	0	51803	48004
-62	32	1	30	79697	0	51803	48004
-63	32	5	36	75890	0	51803	48004
-64	33	2	30	73577	0	51803	48004
-60	37	1	36	70967	0	51803	48004
-65	28	3	30	70364	0	51803	48004
-50	49	1	47	70418	0	51803	48004
-49	34	3	36	71435	0	51803	48004
-49	32	1	30	73793	0	51803	48004
-54	30	1	30	77411	0	51803	48004
-55	32	5	36	81056	0	51803	48004
-52	36	5	36	85799	0	51803	48004
-61	25	4	24	91658	0	51803	48004
-59	35	5	36	99830	0	51803	48004
-58	34	1	30	109514	0	51803	48004
-61	31	6	36	123437	0	51803	48004
-64	30	6	30	143291	0	51803	48004
-62	35	1	30	159500	0	51803	48004
-63	34	3	36	172820	0	51803	48004
-64	31	2	30	188237	0	51803	48004
-55	42	2	42	200045	0	51803	48004
-53	36	2	36	211475	0	51803	48004
-57	29	3	30	220736	0	51803	48004
-55	36	2	35	227864	0	51803	48004
-59	28	4	30	231347	0	51803	48004
-61	32	2	30	235028	0	51803	48004
-62	32	6	36	237296	0	51803	48004
-60	35	1	30	237008	0	51803	48004

-61	32	5	36	237431	0	51803	48004
-65	29	6	30	239375	0	51803	48004
-53	47	1	42	244874	0	51803	48004
-54	32	5	36	249995	0	51803	48004
-51	36	5	36	248699	0	51803	48004
-55	30	5	30	246593	0	51803	48004
-54	34	1	30	243155	0	51803	48004
-54	33	3	35	240626	0	51803	48004
-59	29	3	29	235226	0	51803	48004
-63	29	4	30	229961	0	51803	48004
-64	32	2	30	222104	0	51803	48004
-62	36	1	35	213509	0	51803	48004
-66	29	2	30	208037	0	51803	48004
-62	37	1	36	205697	0	51803	48004
-65	31	6	36	205184	0	51803	48004
-67	31	5	30	209243	0	51803	48004
-52	48	5	48	211484	0	51803	48004
-53	33	2	30	215948	0	51803	48004
-57	29	3	30	216299	0	51803	48004
-61	29	3	29	215039	0	51803	48004
-63	32	1	30	216947	0	51803	48004
-60	36	1	36	223247	0	51803	48004
-65	28	3	30	229412	0	51803	48004
-66	33	6	36	234812	0	51803	48004
-62	37	5	36	233822	0	51803	48004
-49	46	1	42	234938	0	51803	48004
-50	33	4	36	235208	0	51803	48004
-65	19	3	18	235559	0	51803	48004
-55	43	2	42	237611	0	51803	48004
-59	29	3	30	237620	0	51803	48004

-60	32	1	30	237440	0	51803	48004
-58	35	5	39	231023	0	51803	48004
-63	29	6	30	225488	0	51803	48004
-60	36	6	36	220628	0	51803	48004
-63	30	5	29	229898	0	51803	48004
-62	35	6	36	237656	0	51803	48004
-64	31	5	30	242408	0	51803	48004
-66	31	4	30	244703	0	51803	48004
-67	33	1	30	246332	0	51803	48004
-57	43	6	48	247187	0	51803	48004
-55	35	1	30	249041	0	51803	48004
-57	32	5	36	248807	0	51803	48004
-57	33	2	30	247961	0	51803	48004
-62	28	4	30	245909	0	51803	48004
-60	36	5	37	244163	0	51803	48004
-60	33	2	30	243218	0	51803	48004
-62	31	1	30	242075	0	51803	48004
-63	33	4	36	240752	0	51803	48004
-62	34	6	36	241769	0	51803	48004
-66	29	1	24	244640	0	51803	48004
-51	49	5	53	248402	0	51803	48004
-54	30	5	30	250949	0	51803	48004
-54	33	2	30	252398	0	51803	48004
-61	27	5	30	252569	0	51803	48004
-58	36	5	36	254270	0	51803	48004
-61	30	5	30	255935	0	51803	48004
-59	36	5	36	256511	0	51803	48004
-61	31	4	30	257312	0	51803	48004
-58	45	1	42	255935	0	51803	48004
-48	36	1	36	254999	0	51803	48004
-66	14	5	18	254720	0	51803	48004

-66	34	1	30	253955	0	51803	48004
-58	42	1	42	253397	0	51803	48004
-57	33	3	35	251948	0	51803	48004
-58	32	1	30	250598	0	51803	48004
-62	30	1	30	249491	0	51803	48004
-62	33	4	36	248474	0	51803	48004
-59	36	4	36	249365	0	51803	48004
-61	32	2	30	249896	0	51803	48004
-61	33	5	36	251309	0	51803	48004
-63	31	4	30	252596	0	51803	48004
-65	32	2	30	252596	0	51803	48004
-64	34	4	36	250571	0	51803	48004
-51	46	6	48	246872	0	51803	48004
-54	31	5	30	243848	0	51803	48004
-57	30	5	30	241274	0	51803	48004
-55	35	6	36	240059	0	51803	48004
-63	26	4	24	241859	0	51803	48004
-63	33	1	30	242714	0	51803	48004
-59	37	6	42	243722	0	51803	48004
-64	29	1	24	242498	0	51803	48004
-61	36	1	36	240896	0	51803	48004
-63	31	6	36	240419	0	51803	48004
-50	47	1	42	239114	0	51803	48004
-54	29	2	30	238646	0	51803	48004
-51	36	2	36	239069	0	51803	48004
-52	33	5	36	238583	0	51803	48004
-55	31	4	30	238565	0	51803	48004
-56	31	2	29	238682	0	51803	48004
-63	27	5	30	237755	0	51803	48004
-63	33	2	30	238043	0	51803	48004

-65	31	1	30	237422	0	51803	48004
-61	38	5	42	237584	0	51803	48004
-66	28	1	24	237233	0	51803	48004
-67	32	5	36	237656	0	51803	48004
-52	49	4	48	237287	0	51803	48004
-56	29	5	30	236612	0	51803	48004
-57	32	3	30	237386	0	51803	48004
-55	37	2	36	236954	0	51803	48004
-55	33	5	36	236387	0	51803	48004
-57	30	4	29	236009	0	51803	48004
-64	27	1	24	235172	0	51803	48004
-63	34	3	36	234785	0	51803	48004
-65	31	2	30	234182	0	51803	48004
-64	35	3	36	234605	0	51803	48004
-64	33	6	36	235271	0	51803	48004
-65	32	4	30	236171	0	51803	48004
-67	32	2	30	236981	0	51803	48004
-67	33	5	36	237611	0	51803	48004
-55	45	2	42	237161	0	51803	48004
-56	33	4	35	236225	0	51803	48004
-56	33	1	30	236297	0	51803	48004
-62	27	4	30	238241	0	51803	48004
-60	36	4	36	241562	0	51803	48004
-59	34	6	36	245234	0	51803	48004
-65	27	3	24	248330	0	51803	48004
-66	33	5	35	249437	0	51803	48004
-52	47	6	48	249374	0	51803	48004
-65	20	4	18	248852	0	51803	48004
-67	33	7	36	248006	0	51803	48004
-53	46	2	41	246134	0	51803	48004

-59	27	5	30	244784	0	51803	48004
-56	37	4	36	243767	0	51803	48004
-63	26	2	24	243389	0	51803	48004
-61	35	3	36	244901	0	51803	48004
-59	36	3	36	246107	0	51803	48004
-66	26	1	24	247259	0	51803	48004
-63	36	1	36	248384	0	51803	48004
-63	34	2	35	249050	0	51803	48004
-66	30	2	30	249536	0	51803	48004
-65	34	4	36	249320	0	51803	48004
-57	42	4	42	249383	0	51803	48004
-54	36	4	36	249140	0	51803	48004
-58	30	4	30	249455	0	51803	48004
-58	33	1	30	249734	0	51803	48004
-62	29	2	30	249212	0	51803	48004
-63	32	6	36	249455	0	51803	48004
-61	37	4	35	249437	0	51803	48004
-62	31	3	30	249545	0	51803	48004
-63	32	1	30	249554	0	51803	48004
-63	34	3	36	249590	0	51803	48004
-66	30	3	30	249140	0	51803	48004
-52	48	3	48	248609	0	51803	48004
-54	31	2	30	247745	0	51803	48004
-54	33	5	36	246944	0	51803	48004
-57	30	5	30	246656	0	51803	48004
-58	33	2	30	246728	0	51803	48004
-58	33	5	36	246611	0	51803	48004
-60	31	4	30	246701	0	51803	48004
-61	33	1	30	246143	0	51803	48004
-62	32	5	36	245999	0	51803	48004

-61	34	1	30	245567	0	51803	48004
-65	30	1	30	245198	0	51803	48004
-64	34	3	36	244829	0	51803	48004
-66	31	2	30	244748	0	51803	48004
-53	47	3	48	244649	0	51803	48004
-55	31	2	30	244190	0	51803	48004
-54	34	4	36	244361	0	51803	48004
-58	30	4	30	244334	0	51803	48004
-57	34	6	36	243983	0	51803	48004
-59	31	5	30	243668	0	51803	48004
-61	32	3	30	243821	0	51803	48004
-62	32	1	30	243830	0	51803	48004
-63	32	4	35	243011	0	51803	48004
-53	44	1	41	242660	0	51803	48004
-53	33	4	36	242858	0	51803	48004
-52	34	6	36	242759	0	51803	48004
-56	30	6	30	242714	0	51803	48004
-55	34	2	30	243326	0	51803	48004
-58	30	2	30	243515	0	51803	48004
-59	33	5	36	242948	0	51803	48004
-61	31	4	30	243884	0	51803	48004
-62	32	2	30	243776	0	51803	48004
-61	35	3	36	244505	0	51803	48004
-63	31	2	30	245162	0	51803	48004
-65	31	1	30	245693	0	51803	48004
-66	33	4	36	245864	0	51803	48004
-50	49	3	48	245153	0	51803	48004
-53	31	2	30	245963	0	51803	48004
-56	30	2	30	246971	0	51803	48004
-55	34	4	36	249050	0	51803	48004

-60	29	4	29	251741	0	51803	48004
-60	33	1	30	253343	0	51803	48004
-61	32	5	36	255512	0	51803	48004
-62	32	3	30	257825	0	51803	48004
-64	32	1	30	260138	0	51803	48004
-65	32	5	36	263594	0	51803	48004
-65	33	2	30	267248	0	51803	48004
-66	33	5	36	270335	0	51803	48004
-53	46	1	42	269498	0	51803	48004
-53	33	4	36	270587	0	51803	48004
-57	31	3	30	269849	0	51803	48004
-56	33	6	36	270317	0	51803	48004
-60	30	5	29	272999	0	51803	48004
-61	32	3	30	271793	0	51803	48004
-61	33	6	36	273332	0	51803	48004
-63	31	5	30	275960	0	51803	48004
-65	32	3	30	279812	0	51803	48004
-65	33	6	36	284951	0	51803	48004
-65	33	3	30	289118	0	51803	48004
-54	45	5	47	292853	0	51803	48004
-53	34	1	30	295553	0	51803	48004
-55	31	6	36	297992	0	51803	48004
-56	33	3	30	298802	0	51803	48004
-59	30	3	30	300602	0	51803	48004
-58	34	5	36	301817	0	51803	48004
-61	32	3	30	302483	0	51803	48004
-62	31	2	30	302609	0	51803	48004
-62	34	3	35	300908	0	51803	48004
-64	31	2	30	297866	0	51803	48004
-65	32	6	36	294284	0	51803	48004

-52	46	2	42	288389	0	51803	48004
-53	33	5	36	287498	0	51803	48004
-55	31	3	29	285986	0	51803	48004
-57	31	2	30	283385	0	51803	48004
-59	32	6	36	279335	0	51803	48004
-58	34	2	30	276770	0	51803	48004
-60	31	0	29	275087	0	51803	48004
-64	30	6	36	274151	0	51803	48004
-64	33	3	30	273278	0	51803	48004
-66	31	2	30	272324	0	51803	48004
-65	35	3	36	268913	0	51803	48004
-51	47	4	48	264098	0	51803	48004
-54	31	3	30	260561	0	51803	48004
-56	31	2	30	257816	0	51803	48004
-56	33	5	36	255827	0	51803	48004
-56	33	2	30	254009	0	51803	48004
-58	32	6	36	252767	0	51803	48004
-60	31	5	30	254396	0	51803	48004
-62	31	4	30	255278	0	51803	48004
-61	35	5	36	254981	0	51803	48004
-64	30	5	30	254783	0	51803	48004
-66	32	3	30	253226	0	51803	48004
-52	48	3	48	254180	0	51803	48004
-67	18	3	18	256610	0	51803	48004
-53	47	4	48	258446	0	51803	48004
-57	30	3	29	259760	0	51803	48004
-56	32	6	35	261434	0	51803	48004
-59	31	5	30	262343	0	51803	48004
-59	34	1	30	264629	0	51803	48004
-61	31	6	36	266168	0	51803	48004
-63	31	5	30	265916	0	51803	48004

-62	35	6	36	264206	0	51803	48004
-65	30	6	30	263756	0	51803	48004
-67	32	4	30	263747	0	51803	48004
-52	48	4	48	263828	0	51803	48004
-54	31	3	30	261731	0	51803	48004
-54	34	5	36	259265	0	51803	48004
-57	31	4	30	257591	0	51803	48004
-58	32	2	30	255710	0	51803	48004
-60	31	6	35	253523	0	51803	48004
-60	33	3	30	251048	0	51803	48004
-62	31	2	30	248708	0	51803	48004
-63	32	6	36	247394	0	51803	48004
-64	33	3	30	246530	0	51803	48004
-63	34	5	36	247664	0	51803	48004
-66	30	5	30	248168	0	51803	48004
-53	47	6	48	249662	0	51803	48004
-55	31	5	30	249860	0	51803	48004
-54	34	1	30	249797	0	51803	48004
-58	30	1	30	248960	0	51803	48004
-57	34	3	36	246836	0	51803	48004
-59	31	1	29	245387	0	51803	48004
-62	31	6	36	244865	0	51803	48004
-63	32	4	30	242660	0	51803	48004
-64	32	2	30	241463	0	51803	48004
-66	32	6	36	239888	0	51803	48004
-65	34	2	30	238745	0	51803	48004
-53	45	5	48	237269	0	51803	48004
-55	32	3	30	235820	0	51803	48004
-54	34	5	36	235100	0	51803	48004
-58	29	6	30	234686	0	51803	48004

-59	33	3	30	234893	0	51803	48004
-59	33	6	36	235865	0	51803	48004
-59	33	3	30	236342	0	51803	48004
-62	31	2	30	235703	0	51803	48004
-63	32	6	36	236414	0	51803	48004
-64	32	4	30	236306	0	51803	48004
-66	32	2	30	235640	0	51803	48004
-65	34	4	36	236621	0	51803	48004
-67	32	2	30	236819	0	51803	48004
-55	45	4	47	237449	0	51803	48004
-57	31	3	30	236765	0	51803	48004
-56	34	5	36	237377	0	51803	48004
-60	30	5	30	237098	0	51803	48004
-59	34	1	30	237188	0	51803	48004
-61	31	6	36	236342	0	51803	48004
-63	32	4	30	236810	0	51803	48004
-64	32	2	30	236117	0	51803	48004
-65	32	6	36	236666	0	51803	48004
-51	48	6	48	236000	0	51803	48004
-66	18	6	18	236333	0	51803	48004
-53	47	6	47	236702	0	51803	48004
-58	28	2	24	235802	0	51803	48004
-57	34	4	36	235280	0	51803	48004
-58	32	2	30	234542	0	51803	48004
-59	33	5	36	234137	0	51803	48004
-61	31	4	30	233561	0	51803	48004
-62	32	2	30	233651	0	51803	48004
-63	33	5	36	232517	0	51803	48004
-65	31	4	30	232247	0	51803	48004
-66	32	2	30	231797	0	51803	48004

-66	34	4	36	231329	0	51803	48004
-53	46	6	48	230762	0	51803	48004
-55	31	5	30	230132	0	51803	48004
-57	32	3	30	229916	0	51803	48004
-58	32	1	30	229556	0	51803	48004
-60	31	6	36	228251	0	51803	48004
-61	34	2	30	228548	0	51803	48004
-61	32	6	36	227765	0	51803	48004
-62	32	3	29	226820	0	51803	48004
-65	31	2	30	226217	0	51803	48004
-50	48	2	48	225938	0	51803	48004
-66	17	3	18	225974	0	51803	48004
-53	47	4	48	223922	0	51803	48004
-53	33	1	30	224750	0	51803	48004
-55	31	6	36	223742	0	51803	48004
-57	32	4	30	223517	0	51803	48004
-59	31	3	30	222239	0	51803	48004
-59	33	6	36	222923	0	51803	48004
-61	32	4	30	222212	0	51803	48004
-63	31	3	30	222068	0	51803	48004
-62	34	5	36	221960	0	51803	48004
-64	32	3	30	222059	0	51803	48004
-65	32	1	30	220862	0	51803	48004
-53	46	2	47	221285	0	51803	48004
-56	30	2	30	221141	0	51803	48004
-55	34	4	36	220817	0	51803	48004
-58	30	4	30	219872	0	51803	48004
-60	32	2	30	219701	0	51803	48004
-58	35	3	36	220214	0	51803	48004
-61	30	2	29	219647	0	51803	48004

-63	32	6	36	220583	0	51803	48004
-63	33	3	30	220592	0	51803	48004
-64	32	1	30	220745	0	51803	48004
-51	47	2	48	221078	0	51803	48004
-67	17	3	18	220808	0	51803	48004
-52	48	3	48	220808	0	51803	48004
-55	31	2	30	220502	0	51803	48004
-55	33	5	36	220187	0	51803	48004
-57	31	4	30	220394	0	51803	48004
-58	33	1	30	220286	0	51803	48004
-60	31	6	36	220907	0	51803	48004
-62	31	5	30	221060	0	51803	48004
-62	34	1	30	220691	0	51803	48004
-64	31	6	36	220628	0	51803	48004
-65	33	3	30	220466	0	51803	48004
-51	47	3	47	220385	0	51803	48004
-53	31	2	30	220691	0	51803	48004
-55	31	1	30	220430	0	51803	48004
-56	33	4	36	220070	0	51803	48004
-56	33	1	30	220655	0	51803	48004
-59	30	1	30	220754	0	51803	48004
-59	34	3	36	220781	0	51803	48004
-61	31	2	30	221447	0	51803	48004
-63	31	1	30	221834	0	51803	48004
-64	33	4	36	222257	0	51803	48004
-64	33	1	30	222239	0	51803	48004
-67	31	6	36	221852	0	51803	48004
-57	49	5	48	221564	0	51803	48004
-53	31	4	30	222383	0	51803	48004
-56	30	3	29	222446	0	51803	48004

-56	34	5	36	222356	0	51803	48004
-59	30	5	30	222869	0	51803	48004
-58	34	1	30	222734	0	51803	48004
-61	31	6	36	222401	0	51803	48004
-62	32	4	30	222122	0	51803	48004
-62	33	1	30	222005	0	51803	48004
-64	32	5	36	221546	0	51803	48004
-66	31	4	30	221843	0	51803	48004
-66	33	1	30	220754	0	51803	48004
-53	47	2	48	221753	0	51803	48004
-55	31	1	30	221222	0	51803	48004
-54	34	3	36	221294	0	51803	48004
-58	30	3	30	221042	0	51803	48004
-58	33	6	36	220376	0	51803	48004
-60	31	4	29	220493	0	51803	48004
-62	32	2	30	220925	0	51803	48004
-64	31	1	30	220475	0	51803	48004
-66	31	6	36	220799	0	51803	48004
-65	35	1	30	219971	0	51803	48004
-53	45	4	48	219629	0	51803	48004
-52	34	6	36	219872	0	51803	48004
-57	29	1	24	220385	0	51803	48004
-57	33	4	36	220628	0	51803	48004
-57	33	1	30	220547	0	51803	48004
-60	31	6	36	220214	0	51803	48004
-61	35	1	30	220457	0	51803	48004
-63	29	2	30	219422	0	51803	48004
-62	34	4	36	219611	0	51803	48004
-64	31	3	30	219638	0	51803	48004
-64	34	4	35	220340	0	51803	48004

-52	45	1	42	219881	0	51803	48004
-67	18	1	18	220160	0	51803	48004
-54	46	3	48	219791	0	51803	48004
-58	30	3	30	220052	0	51803	48004
-58	33	6	36	220466	0	51803	48004
-58	33	3	30	220394	0	51803	48004
-59	33	6	36	220529	0	51803	48004
-62	30	6	30	220115	0	51803	48004
-61	34	2	30	221069	0	51803	48004
-63	32	6	36	221816	0	51803	48004
-65	31	5	30	221744	0	51803	48004
-64	34	1	30	222095	0	51803	48004
-51	47	2	48	223058	0	51803	48004
-53	31	1	30	223616	0	51803	48004
-66	20	5	24	223733	0	51803	48004
-59	41	5	41	223589	0	51803	48004
-58	34	6	35	224615	0	51803	48004
-59	32	4	30	225137	0	51803	48004
-61	32	2	30	225821	0	51803	48004
-62	32	6	36	227279	0	51803	48004
-63	32	4	30	228755	0	51803	48004
-63	34	6	36	229610	0	51803	48004
-66	30	6	30	231329	0	51803	48004
-65	34	2	30	233966	0	51803	48004
-52	47	3	48	235874	0	51803	48004
-55	31	2	30	240626	0	51803	48004
-57	31	1	30	245963	0	51803	48004
-57	33	4	36	250859	0	51803	48004
-57	33	1	30	254198	0	51803	48004
-60	30	6	35	258275	0	51803	48004
-60	34	2	30	261515	0	51803	48004

-62	31	1	30	265763	0	51803	48004
-64	31	6	36	269192	0	51803	48004
-66	32	4	30	271694	0	51803	48004
-52	47	5	48	273539	0	51803	48004
-52	34	1	30	274232	0	51803	48004
-54	31	6	36	274052	0	51803	48004
-57	31	5	30	274826	0	51803	48004
-57	32	3	30	275366	0	51803	48004
-59	33	6	36	273899	0	51803	48004
-60	31	5	30	274133	0	51803	48004
-61	33	1	29	272819	0	51803	48004
-62	32	5	36	272108	0	51803	48004
-63	32	3	30	271334	0	51803	48004
-61	35	4	36	268238	0	51803	48004
-65	30	4	30	265772	0	51803	48004
-52	46	6	48	263279	0	51803	48004
-55	31	5	30	260741	0	51803	48004
-54	34	1	30	258932	0	51803	48004
-56	31	6	36	258491	0	51803	48004
-58	31	5	30	257807	0	51803	48004
-59	34	1	30	256880	0	51803	48004
-60	31	6	36	256295	0	51803	48004
-62	31	4	29	255134	0	51803	48004
-64	32	2	30	253280	0	51803	48004
-65	32	6	36	251354	0	51803	48004
-64	34	2	30	249815	0	51803	48004
-53	45	5	48	248672	0	51803	48004
-52	34	1	30	248213	0	51803	48004
-55	30	1	30	248222	0	51803	48004
-55	34	3	36	248420	0	51803	48004

-60	29	4	30	248402	0	51803	48004
-59	33	6	35	248213	0	51803	48004
-61	32	4	30	247547	0	51803	48004
-63	31	3	30	246908	0	51803	48004
-62	34	5	36	246521	0	51803	48004
-64	32	3	30	246827	0	51803	48004
-66	31	2	30	246863	0	51803	48004
-66	33	5	36	247052	0	51803	48004
-52	48	5	48	247448	0	51803	48004
-55	30	5	30	246890	0	51803	48004
-54	34	1	30	247205	0	51803	48004
-57	31	6	36	247907	0	51803	48004
-57	33	3	30	247745	0	51803	48004
-55	35	4	36	248132	0	51803	48004
-60	29	5	30	248420	0	51803	48004
-64	30	5	30	248294	0	51803	48004
-63	34	1	30	247916	0	51803	48004
-64	32	4	35	247547	0	51803	48004
-66	31	3	30	246665	0	51803	48004
-51	48	3	48	246062	0	51803	48004
-54	31	2	30	245927	0	51803	48004
-56	31	1	30	245846	0	51803	48004
-55	34	3	36	245882	0	51803	48004
-58	31	2	30	245684	0	51803	48004
-60	31	1	30	245135	0	51803	48004
-59	34	3	36	245378	0	51803	48004
-62	31	2	30	244838	0	51803	48004
-64	31	1	30	245486	0	51803	48004
-63	34	3	36	246485	0	51803	48004
-65	32	1	30	247115	0	51803	48004

-51	47	2	48	248528	0	51803	48004
-67	18	2	18	249590	0	51803	48004
-55	45	4	47	250382	0	51803	48004
-57	31	3	30	250526	0	51803	48004
-56	34	5	36	251048	0	51803	48004
-59	31	4	30	251273	0	51803	48004
-59	33	1	30	251264	0	51803	48004
-61	31	6	36	250670	0	51803	48004
-62	33	3	30	250229	0	51803	48004
-63	32	1	30	249851	0	51803	48004
-64	32	5	36	249266	0	51803	48004
-67	31	4	30	250130	0	51803	48004
-52	48	4	48	250220	0	51803	48004
-50	36	4	36	250859	0	51803	48004
-55	29	5	30	251867	0	51803	48004
-57	31	4	30	252353	0	51803	48004
-39	50	1	47	252848	0	51803	48004
-64	9	4	12	252947	0	51803	48004
-62	35	5	36	252983	0	51803	48004
-63	32	3	30	253541	0	51803	48004
-64	33	6	36	254000	0	51803	48004
-65	32	4	30	254576	0	51803	48004
-51	47	5	48	255170	0	51803	48004
-52	34	1	30	255674	0	51803	48004
-53	31	6	36	256295	0	51803	48004
-55	31	4	29	257312	0	51803	48004
-58	32	2	30	258482	0	51803	48004
-56	34	4	36	258482	0	51803	48004
-58	31	3	30	258761	0	51803	48004
-62	31	2	30	259121	0	51803	48004

-60	34	4	36	259247	0	51803	48004
-62	31	2	29	259778	0	51803	48004
-64	32	6	36	260786	0	51803	48004
-66	31	5	30	261425	0	51803	48004
-66	33	2	30	263774	0	51803	48004
-53	47	3	48	266852	0	51803	48004
-55	31	2	30	268157	0	51803	48004
-54	34	4	36	267473	0	51803	48004
-57	31	3	30	263882	0	51803	48004
-57	33	5	35	259940	0	51803	48004
-59	31	4	30	254747	0	51803	48004
-62	32	2	30	247259	0	51803	48004
-62	32	6	36	239096	0	51803	48004
-61	34	2	30	229061	0	51803	48004
-63	32	6	36	218144	0	51803	48004
-66	30	6	30	204455	0	51803	48004
-66	33	3	30	190973	0	51803	48004
-54	46	4	47	176717	0	51803	48004
-57	30	4	30	164972	0	51803	48004
-57	33	1	30	153056	0	51803	48004
-57	34	3	36	142688	0	51803	48004
-59	31	2	30	136379	0	51803	48004
-60	32	6	36	130538	0	51803	48004
-62	32	4	30	126731	0	51803	48004
-64	31	3	30	130331	0	51803	48004
-63	34	5	36	137945	0	51803	48004
-66	31	4	30	147728	0	51803	48004
-52	47	5	48	157961	0	51803	48004
-66	19	4	18	168041	0	51803	48004
-55	45	6	47	176375	0	51803	48004

-57	31	5	30	180758	0	51803	48004
-57	33	1	29	181361	0	51803	48004
-60	31	6	36	183692	0	51803	48004
-59	34	2	30	186824	0	51803	48004
-61	31	1	30	183467	0	51803	48004
-63	32	5	36	181379	0	51803	48004
-63	33	2	30	177788	0	51803	48004
-66	30	2	30	173972	0	51803	48004
-66	34	4	36	170534	0	51803	48004
-51	48	4	48	167744	0	51803	48004
-54	30	4	30	164702	0	51803	48004
-57	31	3	30	162281	0	51803	48004
-55	35	4	36	160085	0	51803	48004
-59	29	5	30	157934	0	51803	48004
-60	33	2	30	157691	0	51803	48004
-60	33	4	35	156476	0	51803	48004
-62	31	2	29	153362	0	51803	48004
-65	31	1	30	150779	0	51803	48004
-64	34	3	36	145343	0	51803	48004
-66	31	1	29	139007	0	51803	48004
-54	46	3	48	131573	0	51803	48004
-53	34	5	36	125183	0	51803	48004
-55	31	4	30	118280	0	51803	48004
-56	33	1	30	115076	0	51803	48004
-59	30	1	30	110198	0	51803	48004
-59	33	4	36	104888	0	51803	48004
-61	32	2	30	100325	0	51803	48004
-61	33	5	36	96338	0	51803	48004
-62	32	3	30	92270	0	51803	48004
-64	32	1	30	88472	0	51803	48004
-66	31	6	36	84845	0	51803	48004

-65	34	2	30	80291	0	51803	48004
-53	45	4	47	75656	0	51803	48004
-53	33	1	30	71318	0	51803	48004
-57	30	1	30	68771	0	51803	48004
-57	34	3	36	68123	0	51803	48004
-58	32	1	30	69824	0	51803	48004
-59	32	5	36	72524	0	51803	48004
-62	31	4	30	75035	0	51803	48004
-62	33	1	30	77888	0	51803	48004
-63	32	5	36	82496	0	51803	48004
-64	33	2	30	85421	0	51803	48004
-66	31	1	30	87860	0	51803	48004
-66	32	4	35	89354	0	51803	48004
-65	35	5	36	88508	0	51803	48004
-55	43	4	42	89336	0	51803	48004
-54	34	6	36	90281	0	51803	48004
-58	30	6	30	91703	0	51803	48004
-58	33	3	30	92441	0	51803	48004
-60	31	2	30	92693	0	51803	48004
-62	32	6	36	92657	0	51803	48004
-62	33	3	30	95123	0	51803	48004
-63	32	1	30	94952	0	51803	48004
-65	32	5	36	95069	0	51803	48004
-65	33	2	30	97634	0	51803	48004
-65	33	5	36	97778	0	51803	48004
-54	46	1	42	99515	0	51803	48004
-56	31	6	36	98912	0	51803	48004
-54	34	2	30	98966	0	51803	48004
-59	30	2	30	99200	0	51803	48004
-58	34	4	36	99146	0	51803	48004

-61	30	4	30	96167	0	51803	48004
-60	35	5	36	96590	0	51803	48004
-63	30	5	30	96509	0	51803	48004
-64	32	3	30	95114	0	51803	48004
-64	34	5	36	93665	0	51803	48004
-67	30	5	30	94529	0	51803	48004
-66	34	1	30	94943	0	51803	48004
-54	46	3	48	96131	0	51803	48004
-53	34	5	36	94286	0	51803	48004
-57	29	5	29	91946	0	51803	48004
-60	31	3	29	90677	0	51803	48004
-59	33	6	36	90263	0	51803	48004
-59	33	3	30	90173	0	51803	48004
-4040060	34	5	36	89552	0	51803	48004
-4040064	29	6	30	88895	0	51803	48004
-63	34	2	30	88841	0	51803	48004
-66	31	1	30	87986	0	51803	48004
-51	48	1	48	86303	0	51803	48004
-67	17	2	18	82748	0	51803	48004
-54	47	3	48	80192	0	51803	48004
-57	30	3	30	80642	0	51803	48004
-57	33	6	36	77789	0	51803	48004
-59	32	4	30	75287	0	51803	48004
-61	31	3	30	72182	0	51803	48004
-61	33	5	35	69320	0	51803	48004
-61	33	2	30	65531	0	51803	48004
-64	30	2	30	62777	0	51803	48004
-66	32	6	36	60437	0	51803	48004
-67	33	3	30	58034	0	51803	48004
-69	31	2	30	56252	0	51803	48004

-54	48	2	48	54272	0	51803	48004
-55	33	5	36	52769	0	51803	48004
-57	31	4	30	50843	0	51803	48004
-58	32	2	30	48863	0	51803	48004
-61	31	1	30	46244	0	51803	48004
-60	34	3	36	44192	0	51803	48004
-62	31	2	30	42635	0	51803	48004
-65	31	1	30	40988	0	51803	48004
-63	35	2	36	39845	0	51803	48004
-66	30	2	30	38135	0	51803	48004
-66	33	4	35	37163	0	51803	48004
-52	47	5	48	36110	0	51803	48004
-56	30	5	30	35462	0	51803	48004
-54	36	5	36	34976	0	51803	48004
-60	27	2	24	34598	0	51803	48004
-60	33	5	36	34409	0	51803	48004
-60	34	1	30	34040	0	51803	48004
-63	30	1	30	34238	0	51803	48004
-62	34	3	36	34049	0	51803	48004
-64	32	1	30	34058	0	51803	48004
-66	31	6	36	34067	0	51803	48004
-65	34	2	30	34184	0	51803	48004
-53	46	4	48	34022	0	51803	48004
-53	33	1	30	34319	0	51803	48004
-56	30	6	35	34238	0	51803	48004
-57	32	4	30	34148	0	51803	48004
-67	32	2	30	34094	0	51803	48004
-58	33	5	36	34445	0	51803	48004
-62	31	4	30	34409	0	51803	48004
-61	33	1	30	34310	0	51803	48004

-65	30	1	30	34526	0	51803	48004
-64	35	2	36	34229	0	51803	48004
-68	29	3	30	34310	0	51803	48004
-67	34	5	36	34418	0	51803	48004
-54	47	6	48	34301	0	51803	48004
-56	31	5	30	34382	0	51803	48004
-57	32	2	29	34112	0	51803	48004
-59	31	1	30	34148	0	51803	48004
-58	34	3	36	34175	0	51803	48004
-61	30	3	30	34166	0	51803	48004
-60	35	4	36	34112	0	51803	48004
-62	31	3	30	34103	0	51803	48004
-64	31	2	30	33932	0	51803	48004
-66	33	5	36	33833	0	51803	48004
-67	32	3	30	33833	0	51803	48004
-69	31	2	30	33608	0	51803	48004
-55	48	2	48	33914	0	51803	48004
-57	31	1	30	33644	0	51803	48004
-58	32	5	36	33761	0	51803	48004
-59	33	2	30	33716	0	51803	48004
-61	31	1	30	33680	0	51803	48004
-61	33	3	35	33653	0	51803	48004
-62	32	1	30	33734	0	51803	48004
-64	31	6	36	33653	0	51803	48004
-66	31	5	30	33761	0	51803	48004
-65	35	6	36	33869	0	51803	48004
-68	30	6	30	33815	0	51803	48004
-54	48	6	48	33923	0	51803	48004
-55	33	3	30	33806	0	51803	48004
-58	30	3	30	33662	0	51803	48004

-59	32	1	30	33725	0	51803	48004
-60	33	4	36	33779	0	51803	48004
-60	33	1	30	33752	0	51803	48004
-63	30	1	30	33734	0	51803	48004
-62	34	3	36	33770	0	51803	48004
-65	31	2	30	33806	0	51803	48004
-67	31	6	35	33842	0	51803	48004
-67	34	2	30	33797	0	51803	48004
-67	33	5	36	33536	0	51803	48004
-56	44	2	41	33788	0	51803	48004
-56	33	5	36	33617	0	51803	48004
-60	30	5	30	33734	0	51803	48004
-59	33	2	30	33320	0	51803	48004
-59	34	4	36	33437	0	51803	48004
-61	32	2	30	33599	0	51803	48004
-63	31	1	30	33806	0	51803	48004
-64	33	3	35	33518	0	51803	48004
-67	30	3	30	33491	0	51803	48004
-65	35	4	36	33617	0	51803	48004
-54	45	1	42	34004	0	51803	48004
-54	33	4	36	33869	0	51803	48004
-57	30	2	28	33680	0	51803	48004
-57	33	5	36	33986	0	51803	48004
-59	31	4	30	33905	0	51803	48004
-59	33	1	30	33806	0	51803	48004
-60	33	4	36	34364	0	51803	48004
-62	32	2	30	34310	0	51803	48004
-58	36	2	36	34409	0	51803	48004
-66	27	5	30	34040	0	51803	48004
-65	33	2	30	34184	0	51803	48004
-67	31	1	30	34274	0	51803	48004

-53	49	6	54	34463	0	51803	48004
-56	30	6	30	34472	0	51803	48004
-55	34	2	30	34544	0	51803	48004
-59	30	2	30	34724	0	51803	48004
-60	32	6	36	34823	0	51803	48004
-59	34	1	29	34850	0	51803	48004
-62	30	1	30	34526	0	51803	48004
-64	31	6	36	34751	0	51803	48004
-64	33	3	30	35354	0	51803	48004
-68	31	2	30	36155	0	51803	48004
-66	34	4	36	37334	0	51803	48004
-69	31	3	30	38612	0	51803	48004
-56	47	4	48	40268	0	51803	48004
-55	34	6	36	42023	0	51803	48004
-57	31	5	30	45065	0	51803	48004
-59	32	3	30	49367	0	51803	48004
-61	31	2	30	52490	0	51803	48004
-59	34	3	35	55496	0	51803	48004
-63	31	2	30	58178	0	51803	48004
-65	31	1	30	60203	0	51803	48004
-66	32	5	36	62597	0	51803	48004
-66	34	1	30	64766	0	51803	48004
-52	47	2	48	67304	0	51803	48004
-54	31	1	30	70805	0	51803	48004
-55	33	4	36	73748	0	51803	48004
-58	30	3	29	76547	0	51803	48004
-58	32	1	30	79733	0	51803	48004
-60	32	5	36	82766	0	51803	48004
-62	31	4	30	86924	0	51803	48004
-61	34	6	36	93179	0	51803	48004

-63	32	4	30	95447	0	51803	48004
-65	31	3	30	97562	0	51803	48004
-64	34	5	36	99785	0	51803	48004
-52	47	6	48	100325	0	51803	48004
-55	30	6	30	101729	0	51803	48004
-54	34	2	30	102971	0	51803	48004
-57	31	1	30	104393	0	51803	48004
-59	31	6	36	103034	0	51803	48004
-59	33	3	30	104339	0	51803	48004
-60	33	6	36	104906	0	51803	48004
-61	32	4	30	105770	0	51803	48004
-63	31	3	30	105761	0	51803	48004
-63	34	5	36	105950	0	51803	48004
-62	33	1	29	105473	0	51803	48004
-64	31	6	36	104366	0	51803	48004
-53	45	3	42	105365	0	51803	48004
-54	32	1	30	103241	0	51803	48004
-54	33	4	36	105707	0	51803	48004
-58	30	4	30	108713	0	51803	48004
-59	33	1	30	110045	0	51803	48004
-59	33	4	36	111143	0	51803	48004
-62	31	3	30	115148	0	51803	48004
-61	33	6	36	117776	0	51803	48004
-64	30	6	30	119657	0	51803	48004
-64	35	1	30	122663	0	51803	48004
-66	30	1	30	127820	0	51803	48004
-67	33	3	35	132257	0	51803	48004
-54	47	4	48	135740	0	51803	48004
-56	31	3	30	138323	0	51803	48004
-56	33	6	36	140933	0	51803	48004

-56	34	2	30	144830	0	51803	48004
-60	29	3	30	151004	0	51803	48004
-59	34	5	36	155207	0	51803	48004
-61	32	3	30	156674	0	51803	48004
-63	31	1	29	158825	0	51803	48004
-64	32	5	36	161678	0	51803	48004
-64	34	1	30	165170	0	51803	48004
-66	31	6	36	167897	0	51803	48004
-53	46	1	41	167429	0	51803	48004
-56	31	6	36	166943	0	51803	48004
-53	36	6	36	168896	0	51803	48004
-56	30	6	30	170012	0	51803	48004
-60	30	6	30	171236	0	51803	48004
-55	38	4	36	171353	0	51803	48004
-61	27	6	29	173747	0	51803	48004
-64	31	5	30	173783	0	51803	48004
-61	36	5	36	176960	0	51803	48004
-65	29	6	30	174593	0	51803	48004
-51	48	5	47	176411	0	51803	48004
-66	18	5	18	172019	0	51803	48004
-55	44	3	42	170192	0	51803	48004
-55	34	5	36	172712	0	51803	48004
-57	31	4	30	185105	0	51803	48004
-57	33	1	30	193880	0	51803	48004
-59	32	5	36	200999	0	51803	48004
-60	32	3	30	203528	0	51803	48004
-61	33	6	36	211772	0	51803	48004
-62	33	3	30	221168	0	51803	48004
-64	30	3	30	231077	0	51803	48004
-65	33	6	36	238745	0	51803	48004

-54	46	2	42	245954	0	51803	48004
-52	34	4	36	250706	0	51803	48004
-54	31	2	29	255935	0	51803	48004
-56	31	1	30	260606	0	51803	48004
-58	31	6	36	265583	0	51803	48004
-58	33	3	30	270587	0	51803	48004
-59	33	6	36	274016	0	51803	48004
-61	31	5	30	278120	0	51803	48004
-62	32	3	30	282287	0	51803	48004
-62	34	5	36	286922	0	51803	48004
-63	32	3	30	292718	0	51803	48004
-65	31	2	30	298577	0	51803	48004
-52	48	2	48	305687	0	51803	48004
-51	34	4	36	313724	0	51803	48004
-56	28	6	30	319799	0	51803	48004
-57	33	3	30	325172	0	51803	48004
-57	33	6	36	329798	0	51803	48004
-59	31	4	29	335144	0	51803	48004
-60	32	2	30	340733	0	51803	48004
-62	31	1	30	346781	0	51803	48004
-63	32	5	36	353027	0	51803	48004
-64	33	2	30	360290	0	51803	48004
-66	31	1	30	366050	0	51803	48004
-66	34	3	36	371774	0	51803	48004
-53	47	4	48	375743	0	51803	48004
-53	32	2	30	380180	0	51803	48004
-55	31	1	30	385436	0	51803	48004
-57	33	4	36	390107	0	51803	48004
-58	32	2	30	396920	0	51803	48004
-59	32	6	36	404345	0	51803	48004

-61	32	4	30	413471	0	51803	48004
-63	31	3	30	421922	0	51803	48004
-64	32	1	30	428996	0	51803	48004
-63	35	2	36	435188	0	51803	48004
-65	31	1	30	441272	0	51803	48004
-52	46	2	47	446672	0	51803	48004
-53	33	5	36	453314	0	51803	48004
-54	31	4	30	461693	0	51803	48004
-58	30	4	30	467057	0	51803	48004
-58	34	6	36	469136	0	51803	48004
-56	34	2	30	469676	0	51803	48004
-59	31	1	30	470981	0	51803	48004
-61	32	5	36	472232	0	51803	48004
-62	32	3	30	470090	0	51803	48004
-62	33	6	36	470063	0	51803	48004
-65	31	5	30	472853	0	51803	48004
-64	34	1	30	475184	0	51803	48004
-65	32	4	35	477857	0	51803	48004
-54	45	1	42	479378	0	51803	48004
-53	34	3	36	482429	0	51803	48004
-56	30	2	29	483680	0	51803	48004
-59	31	1	30	484211	0	51803	48004
-58	34	3	36	484454	0	51803	48004
-59	31	2	30	483230	0	51803	48004
-61	32	6	36	482330	0	51803	48004
-63	32	4	30	480386	0	51803	48004
-64	32	2	30	479747	0	51803	48004
-65	33	5	36	480422	0	51803	48004
-50	48	5	48	475508	0	51803	48004
-52	31	4	30	470063	0	51803	48004

-56	30	4	30	463394	0	51803	48004
-55	34	5	35	454502	0	51803	48004
-57	31	4	30	443486	0	51803	48004
-57	34	6	36	435107	0	51803	48004
-58	32	4	30	420824	0	51803	48004
-61	30	3	29	399611	0	51803	48004
-61	33	6	36	378677	0	51803	48004
-63	31	5	30	367535	0	51803	48004
-66	31	4	30	362198	0	51803	48004
-50	49	3	48	355277	0	51803	48004
-52	32	1	30	351416	0	51803	48004
-55	30	1	30	348824	0	51803	48004
-55	34	3	36	345656	0	51803	48004
-55	32	1	30	340580	0	51803	48004
-58	31	6	36	334307	0	51803	48004
-61	31	5	30	326351	0	51803	48004
-60	33	2	30	318377	0	51803	48004
-63	31	1	30	304553	0	51803	48004
-62	34	2	35	296633	0	51803	48004
-63	32	6	36	284699	0	51803	48004
-67	29	1	24	279416	0	51803	48004
-66	35	2	36	270506	0	51803	48004
-54	45	5	48	262559	0	51803	48004

